fold	target size	recommender system	Coverage@10	nDCG@10	P@10	Recall@10
1	0	Random	1.8656716417910448E-4	1.436948488666632E-4	1.3059701492537312E-4	5.39657086468484E-6
1	0	iMF (full)	1.8656716417910448E-4	1.7469761414198664E-4	1.6791044776119405E-4	6.9384482545947944E-6
1	0	Popularity	1.8656716417910448E-4	1.3246690948503508E-4	1.3059701492537312E-4	5.39657086468484E-6
1	0	Normalized kNN (test)	1.8656716417910448E-4	1.8656716417910448E-4	1.8656716417910448E-4	7.709386949549771E-6
1	0	Average Rating	1.8656716417910448E-4	1.7194062145920236E-4	1.6791044776119405E-4	6.9384482545947944E-6
1	0	Normalized kNN (full)	1.8656716417910448E-4	1.8656716417910448E-4	1.8656716417910448E-4	7.709386949549771E-6
1	0	kNN (full/test)	1.8656716417910448E-4	1.8656716417910448E-4	1.8656716417910448E-4	7.709386949549771E-6
1	0	iMF (test)	1.8656716417910448E-4	1.8656716417910448E-4	1.8656716417910448E-4	7.709386949549771E-6
2	0	Random	3.758691975192633E-4	3.2023119084212095E-4	3.0069535801541063E-4	1.8780926403517287E-5
2	0	iMF (full)	3.758691975192633E-4	3.6282066868318415E-4	3.570757376433001E-4	2.1615419402816095E-5
2	0	Popularity	3.758691975192633E-4	3.758691975192633E-4	3.758691975192633E-4	2.3476158004396608E-5
2	0	Normalized kNN (test)	3.758691975192633E-4	3.456037233933584E-4	3.38282277767337E-4	2.1128542203956946E-5
2	0	Average Rating	3.758691975192633E-4	3.6113545029530625E-4	3.570757376433001E-4	2.298928080553746E-5
2	0	Normalized kNN (full)	3.758691975192633E-4	3.6282066868318415E-4	3.570757376433001E-4	2.1615419402816095E-5
2	0	kNN (full/test)	3.758691975192633E-4	3.620815782560872E-4	3.570757376433001E-4	2.1615419402816095E-5
2	0	iMF (test)	3.758691975192633E-4	3.0672406366969877E-4	3.194888178913738E-4	1.9267803602376436E-5
3	0	Random	3.800836183960471E-4	1.534226145962933E-4	1.7103762827822122E-4	2.129295173764957E-5
3	0	iMF (full)	3.800836183960471E-4	3.6390286627867335E-4	3.610794374762448E-4	4.5509623616807195E-5
3	0	Popularity	3.800836183960471E-4	3.051130303343255E-4	2.8506271379703536E-4	3.582295486514415E-5
3	0	Normalized kNN (test)	3.800836183960471E-4	3.651846695213464E-4	3.610794374762448E-4	4.651372952399179E-5
3	0	Average Rating	3.800836183960471E-4	3.554019362118319E-4	3.4207525655644244E-4	4.359000938248373E-5
3	0	Normalized kNN (full)	3.800836183960471E-4	3.679930087041141E-4	3.610794374762448E-4	4.651372952399179E-5
3	0	kNN (full/test)	3.800836183960471E-4	3.5917029966760927E-4	3.610794374762448E-4	4.651372952399179E-5
3	0	iMF (test)	3.800836183960471E-4	3.554019362118319E-4	3.4207525655644244E-4	4.4594115289668315E-5
4	0	Random	4.0404040404040404E-4	3.511498839945302E-4	3.434343434343434E-4	1.682658803200329E-5
4	0	iMF (full)	4.0404040404040404E-4	4.0404040404040404E-4	4.0404040404040404E-4	1.8853546580700968E-5
4	0	Popularity	4.0404040404040404E-4	3.505817731863761E-4	3.4343434343434346E-4	1.6292539073064974E-5
4	0	Normalized kNN (test)	4.0404040404040404E-4	4.0404040404040404E-4	4.0404040404040404E-4	1.8853546580700968E-5
4	0	Average Rating	4.0404040404040404E-4	4.0404040404040404E-4	4.0404040404040404E-4	1.8853546580700968E-5
4	0	Normalized kNN (full)	4.0404040404040404E-4	4.0404040404040404E-4	4.0404040404040404E-4	1.8853546580700968E-5
4	0	kNN (full/test)	4.0404040404040404E-4	4.0404040404040404E-4	4.0404040404040404E-4	1.8853546580700968E-5
4	0	iMF (test)	4.0404040404040404E-4	4.0404040404040404E-4	4.0404040404040404E-4	1.8853546580700968E-5
5	0	Random	2.7514521553041884E-4	2.4819244744109714E-4	2.1400183430143687E-4	3.057169061449098E-4
5	0	iMF (full)	2.7514521553041884E-4	2.9603516830900545E-4	2.1400183430143687E-4	3.057169061449098E-4
5	0	Popularity	2.7514521553041884E-4	2.79314854902761E-4	2.1400183430143687E-4	3.057169061449098E-4
5	0	Normalized kNN (test)	2.7514521553041884E-4	2.9020961847660477E-4	2.1400183430143687E-4	3.057169061449098E-4
5	0	Average Rating	2.7514521553041884E-4	3.0300231641716794E-4	2.1400183430143687E-4	3.057169061449098E-4
5	0	Normalized kNN (full)	2.7514521553041884E-4	3.0108012716458334E-4	2.1400183430143687E-4	3.057169061449098E-4
5	0	kNN (full/test)	2.7514521553041884E-4	2.948221425710661E-4	2.1400183430143687E-4	3.057169061449098E-4
5	0	iMF (test)	2.7514521553041884E-4	2.4819244744109714E-4	2.1400183430143687E-4	3.057169061449098E-4
1	1	Random	0.09651119402985076	1.221495566961486E-4	1.1194029850746269E-4	4.625632169729863E-6
1	1	iMF (full)	0.09651119402985076	1.8656716417910448E-4	1.8656716417910448E-4	7.709386949549771E-6
1	1	Popularity	0.09617537313432836	1.3246690948503508E-4	1.3059701492537312E-4	5.39657086468484E-6
1	1	Normalized kNN (test)	0.08024253731343284	1.8656716417910448E-4	1.8656716417910448E-4	7.709386949549771E-6
1	1	Average Rating	0.09617537313432836	1.7194062145920236E-4	1.6791044776119405E-4	6.9384482545947944E-6
1	1	Normalized kNN (full)	0.005895522388059702	1.8656716417910448E-4	1.8656716417910448E-4	7.709386949549771E-6
1	1	kNN (full/test)	0.05490671641791045	1.8656716417910448E-4	1.8656716417910448E-4	7.709386949549771E-6
1	1	iMF (test)	0.09651119402985076	1.8656716417910448E-4	1.8656716417910448E-4	7.709386949549771E-6
2	1	Random	0.09635406878406315	2.177766321274824E-4	2.4431497838752115E-4	1.732029480693984E-5
2	1	iMF (full)	0.09635406878406315	3.758691975192633E-4	3.758691975192633E-4	2.3476158004396608E-5
2	1	Popularity	0.09601578650629582	3.758691975192633E-4	3.758691975192633E-4	2.3476158004396608E-5
2	1	Normalized kNN (test)	0.08099981206540124	3.456037233933584E-4	3.38282277767337E-4	2.1128542203956946E-5
2	1	Average Rating	0.09601578650629582	3.6113545029530625E-4	3.570757376433001E-4	2.298928080553746E-5
2	1	Normalized kNN (full)	0.006032700620184176	3.6282066868318415E-4	3.570757376433001E-4	2.1615419402816095E-5
2	1	kNN (full/test)	0.055534673933471154	3.620815782560872E-4	3.570757376433001E-4	2.1615419402816095E-5
2	1	iMF (test)	0.09635406878406315	3.0290470724168557E-4	3.194888178913738E-4	1.9267803602376436E-5
3	1	Random	0.09629418472063855	2.738520554223611E-4	2.470543519574306E-4	3.097962048931262E-5
3	1	iMF (full)	0.09629418472063855	3.5479817367241946E-4	3.4207525655644244E-4	4.258590347529914E-5
3	1	Popularity	0.0959331052831623	3.051130303343255E-4	2.8506271379703536E-4	3.582295486514415E-5
3	1	Normalized kNN (test)	0.08167996959331053	3.651846695213464E-4	3.610794374762448E-4	4.651372952399179E-5
3	1	Average Rating	0.0959331052831623	3.4270756398048643E-4	3.230710756366401E-4	4.1670395148160265E-5
3	1	Normalized kNN (full)	0.00653743823641201	3.679930087041141E-4	3.610794374762448E-4	4.651372952399179E-5
3	1	kNN (full/test)	0.05670847586469024	3.5917029966760927E-4	3.610794374762448E-4	4.651372952399179E-5
3	1	iMF (test)	0.09629418472063855	3.554019362118319E-4	3.4207525655644244E-4	4.4594115289668315E-5
4	1	Random	0.0962020202020202	1.8224205300510025E-4	2.0202020202020202E-4	9.426773290350484E-6
4	1	iMF (full)	0.0962020202020202	4.0404040404040404E-4	4.0404040404040404E-4	1.8853546580700968E-5
4	1	Popularity	0.09462626262626263	3.505817731863761E-4	3.4343434343434346E-4	1.6292539073064974E-5
4	1	Normalized kNN (test)	0.08193939393939395	4.0404040404040404E-4	4.0404040404040404E-4	1.8853546580700968E-5
4	1	Average Rating	0.09462626262626263	4.0404040404040404E-4	4.0404040404040404E-4	1.8853546580700968E-5
4	1	Normalized kNN (full)	0.0072525252525252526	4.0404040404040404E-4	4.0404040404040404E-4	1.8853546580700968E-5
4	1	kNN (full/test)	0.05735353535353536	4.0404040404040404E-4	4.0404040404040404E-4	1.8853546580700968E-5
4	1	iMF (test)	0.0962020202020202	4.0404040404040404E-4	4.0404040404040404E-4	1.8853546580700968E-5
5	1	Random	0.09364108835218588	2.682748844111813E-4	2.1400183430143687E-4	3.057169061449098E-4
5	1	iMF (full)	0.09364108835218588	2.9603516830900545E-4	2.1400183430143687E-4	3.057169061449098E-4
5	1	Popularity	0.0926016508712932	2.79314854902761E-4	2.1400183430143687E-4	3.057169061449098E-4
5	1	Normalized kNN (test)	0.08190155915622135	2.9020961847660477E-4	2.1400183430143687E-4	3.057169061449098E-4
5	1	Average Rating	0.0926016508712932	3.0300231641716794E-4	2.1400183430143687E-4	3.057169061449098E-4
5	1	Normalized kNN (full)	0.011250382146132682	3.0108012716458334E-4	2.1400183430143687E-4	3.057169061449098E-4
5	1	kNN (full/test)	0.06582084989299909	2.948221425710661E-4	2.1400183430143687E-4	3.057169061449098E-4
5	1	iMF (test)	0.09364108835218588	2.792070227777072E-4	2.1400183430143687E-4	3.057169061449098E-4
1	2	Random	0.19201492537313433	8.100288818431377E-5	7.462686567164179E-5	3.083754779819909E-6
1	2	iMF (full)	0.19201492537313433	1.742063015943304E-4	1.6791044776119405E-4	6.9384482545947944E-6
1	2	Popularity	0.19080223880597016	1.3246690948503508E-4	1.3059701492537312E-4	5.39657086468484E-6
1	2	Normalized kNN (test)	0.16055970149253732	1.8656716417910448E-4	1.8656716417910448E-4	7.709386949549771E-6
1	2	Average Rating	0.19080223880597016	1.7194062145920236E-4	1.6791044776119405E-4	6.9384482545947944E-6
1	2	Normalized kNN (full)	0.011604477611940299	1.8656716417910448E-4	1.8656716417910448E-4	7.709386949549771E-6
1	2	kNN (full/test)	0.1106902985074627	1.8656716417910448E-4	1.8656716417910448E-4	7.709386949549771E-6
1	2	iMF (test)	0.19201492537313433	1.8656716417910448E-4	1.8656716417910448E-4	7.709386949549771E-6
2	2	Random	0.19197519263296373	2.9655488909159265E-4	3.0069535801541063E-4	2.0154787806238644E-5
2	2	iMF (full)	0.19197519263296373	3.639126502163218E-4	3.570757376433001E-4	2.1615419402816095E-5
2	2	Popularity	0.1912798346175531	3.758691975192633E-4	3.758691975192633E-4	2.3476158004396608E-5
2	2	Normalized kNN (test)	0.16224393910919002	3.456037233933584E-4	3.38282277767337E-4	2.1128542203956946E-5
2	2	Average Rating	0.1912798346175531	3.6113545029530625E-4	3.570757376433001E-4	2.298928080553746E-5
2	2	Normalized kNN (full)	0.012554031197143394	3.6282066868318415E-4	3.570757376433001E-4	2.1615419402816095E-5
2	2	kNN (full/test)	0.11264799849652321	3.620815782560872E-4	3.570757376433001E-4	2.1615419402816095E-5
2	2	iMF (test)	0.19197519263296373	3.166923265048617E-4	3.38282277767337E-4	2.1128542203956946E-5
3	2	Random	0.19196123147092362	2.0733986174510208E-4	1.9004180919802356E-4	2.3212565971973044E-5
3	2	iMF (full)	0.19196123147092362	3.6614140591042187E-4	3.610794374762448E-4	4.5509623616807195E-5
3	2	Popularity	0.19123907259597112	3.051130303343255E-4	2.8506271379703536E-4	3.582295486514415E-5
3	2	Normalized kNN (test)	0.162979855568225	3.651846695213464E-4	3.610794374762448E-4	4.651372952399179E-5
3	2	Average Rating	0.19123907259597112	3.554019362118319E-4	3.4207525655644244E-4	4.359000938248373E-5
3	2	Normalized kNN (full)	0.0137020144431775	3.679930087041141E-4	3.610794374762448E-4	4.651372952399179E-5
3	2	kNN (full/test)	0.11313188901558344	3.5917029966760927E-4	3.610794374762448E-4	4.651372952399179E-5
3	2	iMF (test)	0.19196123147092362	3.668887833643525E-4	3.610794374762448E-4	4.651372952399179E-5
4	2	Random	0.19242424242424241	3.2835028164111547E-4	3.434343434343434E-4	1.5224441155188357E-5
4	2	iMF (full)	0.19242424242424241	3.7636672519226024E-4	3.6363636363636367E-4	1.696819192263087E-5
4	2	Popularity	0.1886060606060606	3.505817731863761E-4	3.4343434343434346E-4	1.6292539073064974E-5
4	2	Normalized kNN (test)	0.16321212121212123	4.0404040404040404E-4	4.0404040404040404E-4	1.8853546580700968E-5
4	2	Average Rating	0.1886060606060606	4.0404040404040404E-4	4.0404040404040404E-4	1.8853546580700968E-5
4	2	Normalized kNN (full)	0.013414141414141415	4.0404040404040404E-4	4.0404040404040404E-4	1.8853546580700968E-5
4	2	kNN (full/test)	0.1132929292929293	4.0404040404040404E-4	4.0404040404040404E-4	1.8853546580700968E-5
4	2	iMF (test)	0.19242424242424241	4.0404040404040404E-4	4.0404040404040404E-4	1.8853546580700968E-5
5	2	Random	0.18664017120146745	2.7559478004125196E-4	2.1400183430143687E-4	3.057169061449098E-4
5	2	iMF (full)	0.18664017120146745	2.8557283949627837E-4	2.1400183430143687E-4	3.057169061449098E-4
5	2	Popularity	0.18480586976459798	2.7109730626397705E-4	2.1400183430143687E-4	3.057169061449098E-4
5	2	Normalized kNN (test)	0.16221339040048915	2.9020961847660477E-4	2.1400183430143687E-4	3.057169061449098E-4
5	2	Average Rating	0.18480586976459798	3.0300231641716794E-4	2.1400183430143687E-4	3.057169061449098E-4
5	2	Normalized kNN (full)	0.019993885661877105	3.0108012716458334E-4	2.1400183430143687E-4	3.057169061449098E-4
5	2	kNN (full/test)	0.1305411189238765	2.948221425710661E-4	2.1400183430143687E-4	3.057169061449098E-4
5	2	iMF (test)	0.18664017120146745	2.4819244744109714E-4	2.1400183430143687E-4	3.057169061449098E-4
1	5	Random	0.4798507462686567	1.6174402795975207E-4	1.4925373134328358E-4	6.167509559639818E-6
1	5	iMF (full)	0.4798507462686567	1.8656716417910448E-4	1.8656716417910448E-4	7.709386949549771E-6
1	5	Popularity	0.4766231343283582	1.3246690948503508E-4	1.3059701492537312E-4	5.39657086468484E-6
1	5	Normalized kNN (test)	0.3994029850746269	1.8656716417910448E-4	1.8656716417910448E-4	7.709386949549771E-6
1	5	Average Rating	0.4766231343283582	1.7194062145920236E-4	1.6791044776119405E-4	6.9384482545947944E-6
1	5	Normalized kNN (full)	0.029850746268656716	1.8656716417910448E-4	1.8656716417910448E-4	7.709386949549771E-6
1	5	kNN (full/test)	0.27703358208955225	1.8656716417910448E-4	1.8656716417910448E-4	7.709386949549771E-6
1	5	iMF (test)	0.4798507462686567	1.8656716417910448E-4	1.8656716417910448E-4	7.709386949549771E-6
2	5	Random	0.48037962788949445	2.531918082462036E-4	2.631084382634843E-4	1.6433310603077624E-5
2	5	iMF (full)	0.48037962788949445	3.620815782560872E-4	3.570757376433001E-4	2.1615419402816095E-5
2	5	Popularity	0.47851907536177407	3.758691975192633E-4	3.758691975192633E-4	2.3476158004396608E-5
2	5	Normalized kNN (test)	0.40584476602142455	3.456037233933584E-4	3.38282277767337E-4	2.1128542203956946E-5
2	5	Average Rating	0.47851907536177407	3.6113545029530625E-4	3.570757376433001E-4	2.298928080553746E-5
2	5	Normalized kNN (full)	0.032324750986656645	3.6282066868318415E-4	3.570757376433001E-4	2.1615419402816095E-5
2	5	kNN (full/test)	0.28182672429994365	3.620815782560872E-4	3.570757376433001E-4	2.1615419402816095E-5
2	5	iMF (test)	0.48037962788949445	3.185050020786128E-4	3.38282277767337E-4	2.1128542203956946E-5
3	5	Random	0.4808057772709996	2.4883164514237136E-4	2.6605853287723296E-4	3.390334063082068E-5
3	5	iMF (full)	0.4808057772709996	3.6614140591042187E-4	3.610794374762448E-4	4.5509623616807195E-5
3	5	Popularity	0.4790954009882174	3.051130303343255E-4	2.8506271379703536E-4	3.582295486514415E-5
3	5	Normalized kNN (test)	0.4048270619536298	3.2431476845354616E-4	3.4207525655644244E-4	4.4594115289668315E-5
3	5	Average Rating	0.4790954009882174	3.140757615553053E-4	3.230710756366401E-4	4.1670395148160265E-5
3	5	Normalized kNN (full)	0.032250095020904604	3.679930087041141E-4	3.610794374762448E-4	4.651372952399179E-5
3	5	kNN (full/test)	0.28112884834663626	3.5917029966760927E-4	3.610794374762448E-4	4.651372952399179E-5
3	5	iMF (test)	0.4808057772709996	3.674925459037649E-4	3.610794374762448E-4	4.651372952399179E-5
4	5	Random	0.4785656565656566	2.53099197411147E-4	2.4242424242424242E-4	1.077807898948227E-5
4	5	iMF (full)	0.4785656565656566	4.0404040404040404E-4	4.0404040404040404E-4	1.8853546580700968E-5
4	5	Popularity	0.4711313131313131	3.505817731863761E-4	3.4343434343434346E-4	1.6292539073064974E-5
4	5	Normalized kNN (test)	0.40650505050505054	4.0404040404040404E-4	4.0404040404040404E-4	1.8853546580700968E-5
4	5	Average Rating	0.4711313131313131	4.0404040404040404E-4	4.0404040404040404E-4	1.8853546580700968E-5
4	5	Normalized kNN (full)	0.03523232323232323	4.0404040404040404E-4	4.0404040404040404E-4	1.8853546580700968E-5
4	5	kNN (full/test)	0.28371717171717176	4.0404040404040404E-4	4.0404040404040404E-4	1.8853546580700968E-5
4	5	iMF (test)	0.4785656565656566	4.0404040404040404E-4	4.0404040404040404E-4	1.8853546580700968E-5
5	5	Random	0.46823601345154386	1.9975561337572998E-4	1.2228676245796394E-4	1.7469537493994847E-4
5	5	iMF (full)	0.46823601345154386	2.91398389328679E-4	2.1400183430143687E-4	3.057169061449098E-4
5	5	Popularity	0.4636502598593702	2.458004486347138E-4	1.8343014368694588E-4	2.6204306240992266E-4
5	5	Normalized kNN (test)	0.4076429226536228	2.122519896971712E-4	2.1400183430143687E-4	3.057169061449098E-4
5	5	Average Rating	0.4636502598593702	1.7845236730044752E-4	1.8343014368694588E-4	2.6204306240992266E-4
5	5	Normalized kNN (full)	0.052613879547538975	2.2018100008409206E-4	1.8343014368694588E-4	2.6204306240992266E-4
5	5	kNN (full/test)	0.3295322531335983	2.1296893657907535E-4	1.8343014368694588E-4	2.6204306240992266E-4
5	5	iMF (test)	0.46823601345154386	2.0856928962834418E-4	2.1400183430143687E-4	3.057169061449098E-4
1	10	Random	0.959813432835821	1.1202073295076536E-4	1.3059701492537312E-4	5.39657086468484E-6
1	10	iMF (full)	0.959813432835821	1.8656716417910448E-4	1.8656716417910448E-4	7.709386949549771E-6
1	10	Popularity	0.9544776119402985	1.3246690948503508E-4	1.3059701492537312E-4	5.39657086468484E-6
1	10	Normalized kNN (test)	0.8028731343283582	1.8656716417910448E-4	1.8656716417910448E-4	7.709386949549771E-6
1	10	Average Rating	0.9544776119402985	1.7194062145920236E-4	1.6791044776119405E-4	6.9384482545947944E-6
1	10	Normalized kNN (full)	0.06145522388059702	1.8656716417910448E-4	1.8656716417910448E-4	7.709386949549771E-6
1	10	kNN (full/test)	0.5610074626865672	1.8656716417910448E-4	1.8656716417910448E-4	7.709386949549771E-6
1	10	iMF (test)	0.959813432835821	1.8656716417910448E-4	1.8656716417910448E-4	7.709386949549771E-6
2	10	Random	0.9588987032512686	2.834080369988634E-4	2.8190189813944745E-4	1.8294049204658134E-5
2	10	iMF (full)	0.9588987032512686	3.5086412138024266E-4	3.38282277767337E-4	1.9754680801235584E-5
2	10	Popularity	0.9552715654952076	3.758691975192633E-4	3.758691975192633E-4	2.3476158004396608E-5
2	10	Normalized kNN (test)	0.8091148280398421	3.456037233933584E-4	3.38282277767337E-4	2.1128542203956946E-5
2	10	Average Rating	0.9552715654952076	3.404540214005421E-4	3.38282277767337E-4	2.1128542203956946E-5
2	10	Normalized kNN (full)	0.06156737455365533	3.6282066868318415E-4	3.570757376433001E-4	2.1615419402816095E-5
2	10	kNN (full/test)	0.5626573952264612	3.620815782560872E-4	3.570757376433001E-4	2.1615419402816095E-5
2	10	iMF (test)	0.9588987032512686	3.0900634999262425E-4	3.194888178913738E-4	1.9267803602376436E-5
3	10	Random	0.9602052451539339	3.2321800987999565E-4	3.040668947168377E-4	3.874667500665221E-5
3	10	iMF (full)	0.9602052451539339	3.668887833643525E-4	3.610794374762448E-4	4.5509623616807195E-5
3	10	Popularity	0.9562713797035347	3.051130303343255E-4	2.8506271379703536E-4	3.582295486514415E-5
3	10	Normalized kNN (test)	0.8114405169137211	3.2431476845354616E-4	3.4207525655644244E-4	4.4594115289668315E-5
3	10	Average Rating	0.9562713797035347	3.4331132651989885E-4	3.230710756366401E-4	4.1670395148160265E-5
3	10	Normalized kNN (full)	0.06037628278221208	3.679930087041141E-4	3.610794374762448E-4	4.651372952399179E-5
3	10	kNN (full/test)	0.5632459141011023	3.5917029966760927E-4	3.610794374762448E-4	4.651372952399179E-5
3	10	iMF (test)	0.9602052451539339	3.679930087041141E-4	3.610794374762448E-4	4.651372952399179E-5
4	10	Random	0.9572121212121212	2.2135188876768025E-4	2.4242424242424242E-4	1.184617690735889E-5
4	10	iMF (full)	0.9572121212121212	4.0404040404040404E-4	4.0404040404040404E-4	1.8853546580700968E-5
4	10	Popularity	0.9404040404040404	3.505817731863761E-4	3.4343434343434346E-4	1.6292539073064974E-5
4	10	Normalized kNN (test)	0.8098181818181818	4.0404040404040404E-4	4.0404040404040404E-4	1.8853546580700968E-5
4	10	Average Rating	0.9404040404040404	4.0404040404040404E-4	4.0404040404040404E-4	1.8853546580700968E-5
4	10	Normalized kNN (full)	0.06642424242424243	4.0404040404040404E-4	4.0404040404040404E-4	1.8853546580700968E-5
4	10	kNN (full/test)	0.5665454545454546	4.0404040404040404E-4	4.0404040404040404E-4	1.8853546580700968E-5
4	10	iMF (test)	0.9572121212121212	4.0404040404040404E-4	4.0404040404040404E-4	1.8853546580700968E-5
5	10	Random	0.9341791501070008	1.3151709722488292E-4	1.2228676245796394E-4	1.7469537493994847E-4
5	10	iMF (full)	0.9341791501070008	2.6610153169941576E-4	1.8343014368694588E-4	2.6204306240992266E-4
5	10	Popularity	0.9246713543258942	2.215090761392178E-4	1.528584530724549E-4	2.1836921867493558E-4
5	10	Normalized kNN (test)	0.8115255273616631	2.4938121829317137E-4	1.8343014368694588E-4	2.6204306240992266E-4
5	10	Average Rating	0.9246713543258942	2.540179972734978E-4	1.8343014368694588E-4	2.6204306240992266E-4
5	10	Normalized kNN (full)	0.10256802201161724	3.0108012716458334E-4	2.1400183430143687E-4	3.057169061449098E-4
5	10	kNN (full/test)	0.6555487618465302	2.948221425710661E-4	2.1400183430143687E-4	3.057169061449098E-4
5	10	iMF (test)	0.9341791501070008	2.469794217031578E-4	2.1400183430143687E-4	3.057169061449098E-4
1	20	Random	0.9999440298507463	1.3314440489692737E-4	1.4925373134328358E-4	6.167509559639818E-6
1	20	iMF (full)	0.9999440298507463	1.8656716417910448E-4	1.8656716417910448E-4	7.709386949549771E-6
1	20	Popularity	0.9999440298507463	1.3246690948503508E-4	1.3059701492537312E-4	5.39657086468484E-6
1	20	Normalized kNN (test)	0.9995149253731342	1.7361357799686994E-4	1.6791044776119405E-4	6.9384482545947944E-6
1	20	Average Rating	0.9999440298507463	1.7194062145920236E-4	1.6791044776119405E-4	6.9384482545947944E-6
1	20	Normalized kNN (full)	0.12003731343283582	1.8656716417910448E-4	1.8656716417910448E-4	7.709386949549771E-6
1	20	kNN (full/test)	0.8952985074626866	1.8656716417910448E-4	1.8656716417910448E-4	7.709386949549771E-6
1	20	iMF (test)	0.9999440298507463	1.8656716417910448E-4	1.8656716417910448E-4	7.709386949549771E-6
2	20	Random	0.9999624130802481	1.9139908236457016E-4	1.8793459875963165E-4	1.0364217599476941E-5
2	20	iMF (full)	0.9999624130802481	3.318161041301823E-4	3.194888178913738E-4	1.9267803602376436E-5
2	20	Popularity	0.9999624130802481	3.758691975192633E-4	3.758691975192633E-4	2.3476158004396608E-5
2	20	Normalized kNN (test)	0.9994549896635971	3.120012228483884E-4	3.0069535801541063E-4	1.7407065000795925E-5
2	20	Average Rating	0.9999624130802481	3.4513411264418416E-4	3.38282277767337E-4	2.1128542203956946E-5
2	20	Normalized kNN (full)	0.12458184551775982	3.5036920778215255E-4	3.38282277767337E-4	1.9754680801235584E-5
2	20	kNN (full/test)	0.8941364405186994	3.620815782560872E-4	3.570757376433001E-4	2.1615419402816095E-5
2	20	iMF (test)	0.9999624130802481	2.81224073932588E-4	3.0069535801541063E-4	1.7407065000795925E-5
3	20	Random	0.9998859749144812	1.6970157790453905E-4	1.7103762827822122E-4	2.0288845830464987E-5
3	20	iMF (full)	0.9998859749144812	3.674925459037649E-4	3.610794374762448E-4	4.5509623616807195E-5
3	20	Popularity	0.9998669707335615	3.051130303343255E-4	2.8506271379703536E-4	3.582295486514415E-5
3	20	Normalized kNN (test)	0.999505891296085	3.2431476845354616E-4	3.4207525655644244E-4	4.4594115289668315E-5
3	20	Average Rating	0.9998669707335615	3.1105218546425444E-4	3.040668947168377E-4	3.874667500665221E-5
3	20	Normalized kNN (full)	0.12242493348536679	3.679930087041141E-4	3.610794374762448E-4	4.651372952399179E-5
3	20	kNN (full/test)	0.8950399087799316	3.5917029966760927E-4	3.610794374762448E-4	4.651372952399179E-5
3	20	iMF (test)	0.9998859749144812	3.554019362118319E-4	3.4207525655644244E-4	4.4594115289668315E-5
4	20	Random	0.999959595959596	2.945768308491988E-4	2.828282828282828E-4	1.3731531565428989E-5
4	20	iMF (full)	0.999959595959596	3.911877195557673E-4	3.8383838383838383E-4	1.8177893731135077E-5
4	20	Popularity	0.999919191919192	3.505817731863761E-4	3.4343434343434346E-4	1.6292539073064974E-5
4	20	Normalized kNN (test)	0.9997373737373737	4.0404040404040404E-4	4.0404040404040404E-4	1.8853546580700968E-5
4	20	Average Rating	0.999919191919192	4.0404040404040404E-4	4.0404040404040404E-4	1.8853546580700968E-5
4	20	Normalized kNN (full)	0.1317979797979798	4.0404040404040404E-4	4.0404040404040404E-4	1.8853546580700968E-5
4	20	kNN (full/test)	0.9007878787878787	4.0404040404040404E-4	4.0404040404040404E-4	1.8853546580700968E-5
4	20	iMF (test)	0.999959595959596	3.8921940967689695E-4	3.8383838383838383E-4	1.8177893731135077E-5
5	20	Random	0.9998165698563131	9.263514117989924E-5	9.171507184347294E-5	1.3102153120496133E-4
5	20	iMF (full)	0.9998165698563131	2.889965927386654E-4	2.1400183430143687E-4	3.057169061449098E-4
5	20	Popularity	0.999755426475084	1.9157543952962814E-4	1.2228676245796394E-4	1.7469537493994847E-4
5	20	Normalized kNN (test)	0.9991439926627942	2.0378327759920615E-4	1.8343014368694588E-4	2.6204306240992266E-4
5	20	Average Rating	0.999755426475084	1.9896321290057277E-4	1.8343014368694588E-4	2.6204306240992266E-4
5	20	Normalized kNN (full)	0.20623662488535616	3.0108012716458334E-4	2.1400183430143687E-4	3.057169061449098E-4
5	20	kNN (full/test)	0.9808315499847142	2.648885059614764E-4	1.8343014368694588E-4	2.6204306240992266E-4
5	20	iMF (test)	0.9998165698563131	1.9517268070669188E-4	1.8343014368694588E-4	2.6204306240992266E-4
1	50	Random	1.0	1.3552476310273574E-4	1.3059701492537312E-4	5.39657086468484E-6
1	50	iMF (full)	1.0	1.8656716417910448E-4	1.8656716417910448E-4	7.709386949549771E-6
1	50	Popularity	1.0	1.3246690948503508E-4	1.3059701492537312E-4	5.39657086468484E-6
1	50	Normalized kNN (test)	1.0	1.8656716417910448E-4	1.8656716417910448E-4	7.709386949549771E-6
1	50	Average Rating	1.0	1.7194062145920236E-4	1.6791044776119405E-4	6.9384482545947944E-6
1	50	Normalized kNN (full)	0.28158582089552237	1.8656716417910448E-4	1.8656716417910448E-4	7.709386949549771E-6
1	50	kNN (full/test)	0.9975186567164179	1.8656716417910448E-4	1.8656716417910448E-4	7.709386949549771E-6
1	50	iMF (test)	1.0	1.8656716417910448E-4	1.8656716417910448E-4	7.709386949549771E-6
2	50	Random	1.0	1.9349225002907519E-4	2.25521518511558E-4	9.964110594473878E-6
2	50	iMF (full)	1.0	3.0767019163047973E-4	3.194888178913738E-4	2.0641665005097797E-5
2	50	Popularity	1.0	3.758691975192633E-4	3.758691975192633E-4	2.3476158004396608E-5
2	50	Normalized kNN (test)	1.0	3.456037233933584E-4	3.38282277767337E-4	2.1128542203956946E-5
2	50	Average Rating	1.0	3.6113545029530625E-4	3.570757376433001E-4	2.298928080553746E-5
2	50	Normalized kNN (full)	0.28564179665476414	3.6282066868318415E-4	3.570757376433001E-4	2.1615419402816095E-5
2	50	kNN (full/test)	0.9977447848148844	3.620815782560872E-4	3.570757376433001E-4	2.1615419402816095E-5
2	50	iMF (test)	1.0	3.0290470724168557E-4	3.194888178913738E-4	1.9267803602376436E-5
3	50	Random	1.0	2.73482132446587E-4	2.470543519574306E-4	2.8971408674943452E-5
3	50	iMF (full)	1.0	3.5355033341813967E-4	3.4207525655644244E-4	4.258590347529914E-5
3	50	Popularity	1.0	3.051130303343255E-4	2.8506271379703536E-4	3.582295486514415E-5
3	50	Normalized kNN (test)	1.0	3.153706398879215E-4	3.040668947168377E-4	4.075488682102137E-5
3	50	Average Rating	1.0	2.960469993742825E-4	2.8506271379703536E-4	3.7831166679513315E-5
3	50	Normalized kNN (full)	0.285385784872672	3.356801960769469E-4	3.4207525655644244E-4	4.4594115289668315E-5
3	50	kNN (full/test)	0.9969593310528316	3.5917029966760927E-4	3.610794374762448E-4	4.651372952399179E-5
3	50	iMF (test)	1.0	3.679930087041141E-4	3.610794374762448E-4	4.651372952399179E-5
4	50	Random	1.0	2.129643844762198E-4	2.2222222222222223E-4	1.0636475098854688E-5
4	50	iMF (full)	1.0	3.9065571243345674E-4	3.8383838383838383E-4	1.8177893731135077E-5
4	50	Popularity	1.0	3.505817731863761E-4	3.4343434343434346E-4	1.6292539073064974E-5
4	50	Normalized kNN (test)	1.0	3.595774209498828E-4	3.8383838383838383E-4	1.7643844772196765E-5
4	50	Average Rating	1.0	3.8489123952130286E-4	3.8383838383838383E-4	1.7643844772196765E-5
4	50	Normalized kNN (full)	0.3050909090909091	4.0404040404040404E-4	4.0404040404040404E-4	1.8853546580700968E-5
4	50	kNN (full/test)	0.9977777777777778	4.0404040404040404E-4	4.0404040404040404E-4	1.8853546580700968E-5
4	50	iMF (test)	1.0	3.911877195557673E-4	3.8383838383838383E-4	1.8177893731135077E-5
5	50	Random	1.0	4.201717103550762E-5	3.0571690614490985E-5	4.367384373498712E-5
5	50	iMF (full)	1.0	2.1657597553976932E-4	1.528584530724549E-4	2.1836921867493558E-4
5	50	Popularity	1.0	1.2779702236337382E-4	1.2228676245796394E-4	1.7469537493994847E-4
5	50	Normalized kNN (test)	1.0	2.65098833672026E-5	3.0571690614490985E-5	4.367384373498712E-5
5	50	Average Rating	1.0	0.0	0.0	0.0
5	50	Normalized kNN (full)	0.47869153164169975	1.4943543480967523E-4	1.528584530724549E-4	2.1836921867493558E-4
5	50	kNN (full/test)	1.0	1.5183723139968884E-4	1.2228676245796394E-4	1.7469537493994847E-4
5	50	iMF (test)	1.0	7.881270321970369E-5	9.171507184347294E-5	1.3102153120496133E-4
1	100	Random	1.0	1.2347599301050887E-4	1.1194029850746269E-4	4.625632169729863E-6
1	100	iMF (full)	1.0	1.6065999181463537E-4	1.6791044776119405E-4	6.9384482545947944E-6
1	100	Popularity	1.0	1.3246690948503508E-4	1.3059701492537312E-4	5.39657086468484E-6
1	100	Normalized kNN (test)	1.0	1.8656716417910448E-4	1.8656716417910448E-4	7.709386949549771E-6
1	100	Average Rating	1.0	1.551954689423674E-4	1.4925373134328358E-4	6.167509559639818E-6
1	100	Normalized kNN (full)	0.437089552238806	1.8656716417910448E-4	1.8656716417910448E-4	7.709386949549771E-6
1	100	kNN (full/test)	1.0	1.8656716417910448E-4	1.8656716417910448E-4	7.709386949549771E-6
1	100	iMF (test)	1.0	1.8656716417910448E-4	1.8656716417910448E-4	7.709386949549771E-6
2	100	Random	1.0	1.1556717641710151E-4	1.3155421913174214E-4	4.782001794735408E-6
2	100	iMF (full)	1.0	3.3563546055819557E-4	3.194888178913738E-4	1.7893942199655074E-5
2	100	Popularity	1.0	3.758691975192633E-4	3.758691975192633E-4	2.3476158004396608E-5
2	100	Normalized kNN (test)	1.0	3.009908035062278E-4	2.8190189813944745E-4	1.6920187801936776E-5
2	100	Average Rating	1.0	3.0225456285308555E-4	3.0069535801541063E-4	2.0154787806238644E-5
2	100	Normalized kNN (full)	0.43209922946814505	3.0781604520283646E-4	3.194888178913738E-4	1.7893942199655074E-5
2	100	kNN (full/test)	1.0	3.620815782560872E-4	3.570757376433001E-4	2.1615419402816095E-5
2	100	iMF (test)	1.0	2.484933206160781E-4	2.8190189813944745E-4	1.5546326399215412E-5
3	100	Random	1.0	8.586574512393379E-5	1.1402508551881415E-4	1.3525897220309994E-5
3	100	iMF (full)	1.0	3.290122661484426E-4	3.2307107563664004E-4	3.966218333379109E-5
3	100	Popularity	1.0	3.051130303343255E-4	2.8506271379703536E-4	3.582295486514415E-5
3	100	Normalized kNN (test)	1.0	2.292694664072765E-4	2.470543519574306E-4	3.4996044118050964E-5
3	100	Average Rating	1.0	1.850623279333781E-4	1.9004180919802356E-4	2.6224883693526796E-5
3	100	Normalized kNN (full)	0.43814139110604333	3.442713507929085E-4	3.4207525655644244E-4	4.359000938248373E-5
3	100	kNN (full/test)	1.0	3.4657922717532707E-4	3.4207525655644244E-4	4.359000938248373E-5
3	100	iMF (test)	1.0	3.5405079621848883E-4	3.4207525655644244E-4	4.359000938248373E-5
4	100	Random	1.0	1.59696213249317E-4	1.2121212121212121E-4	4.58796605633367E-6
4	100	iMF (full)	1.0	3.7716121007359013E-4	3.6363636363636367E-4	1.696819192263087E-5
4	100	Popularity	1.0	3.505817731863761E-4	3.4343434343434346E-4	1.6292539073064974E-5
4	100	Normalized kNN (test)	1.0	3.4237679112329267E-4	3.6363636363636367E-4	1.696819192263087E-5
4	100	Average Rating	1.0	4.0404040404040404E-4	4.0404040404040404E-4	1.8853546580700968E-5
4	100	Normalized kNN (full)	0.46014141414141413	3.882023699032979E-4	3.8383838383838383E-4	1.7643844772196765E-5
4	100	kNN (full/test)	1.0	4.0404040404040404E-4	4.0404040404040404E-4	1.8853546580700968E-5
4	100	iMF (test)	1.0	3.86839774213814E-4	3.8383838383838383E-4	1.8177893731135077E-5
5	100	Random	1.0	8.403434207101525E-5	3.0571690614490985E-5	4.367384373498712E-5
5	100	iMF (full)	1.0	5.9018804501482586E-5	6.114338122898197E-5	8.734768746997423E-5
5	100	Popularity	1.0	8.55286878686852E-5	6.114338122898197E-5	8.734768746997423E-5
5	100	Normalized kNN (test)	1.0	0.0	0.0	0.0
5	100	Average Rating	1.0	0.0	0.0	0.0
5	100	Normalized kNN (full)	0.6807398349128706	7.609811349196183E-5	9.171507184347294E-5	1.3102153120496133E-4
5	100	kNN (full/test)	1.0	1.1722283529451725E-4	9.171507184347294E-5	1.3102153120496133E-4
5	100	iMF (test)	1.0	0.0	0.0	0.0
1	200	Random	1.0	5.6545154884306445E-5	5.5970149253731344E-5	2.3128160848649316E-6
1	200	iMF (full)	1.0	1.7469761414198664E-4	1.6791044776119405E-4	6.9384482545947944E-6
1	200	Popularity	1.0	1.3246690948503508E-4	1.3059701492537312E-4	5.39657086468484E-6
1	200	Normalized kNN (test)	1.0	1.6888276784150173E-4	1.6791044776119405E-4	6.9384482545947944E-6
1	200	Average Rating	1.0	1.551954689423674E-4	1.4925373134328358E-4	6.167509559639818E-6
1	200	Normalized kNN (full)	0.5938246268656716	1.742063015943304E-4	1.6791044776119405E-4	6.9384482545947944E-6
1	200	kNN (full/test)	1.0	1.8656716417910448E-4	1.8656716417910448E-4	7.709386949549771E-6
1	200	iMF (test)	1.0	1.8656716417910448E-4	1.8656716417910448E-4	7.709386949549771E-6
2	200	Random	1.0	1.6627345550210846E-4	1.5034767900770532E-4	9.390463201758643E-6
2	200	iMF (full)	1.0	3.4500665545831086E-4	3.38282277767337E-4	1.9754680801235584E-5
2	200	Popularity	1.0	3.639126502163218E-4	3.570757376433001E-4	2.1615419402816095E-5
2	200	Normalized kNN (test)	1.0	2.6267097028061785E-4	2.631084382634843E-4	1.3685587797634902E-5
2	200	Average Rating	1.0	2.466696326294956E-4	2.4431497838752115E-4	1.3198710598775753E-5
2	200	Normalized kNN (full)	0.5849276451794776	2.441696733718216E-4	2.631084382634843E-4	1.3685587797634902E-5
2	200	kNN (full/test)	1.0	3.4500665545831086E-4	3.38282277767337E-4	1.9754680801235584E-5
2	200	iMF (test)	1.0	2.8699231562906034E-4	3.0069535801541063E-4	1.7407065000795925E-5
3	200	Random	1.0	0.0	0.0	0.0
3	200	iMF (full)	1.0	3.3872072129410884E-4	3.230710756366401E-4	4.066628924097567E-5
3	200	Popularity	1.0	2.8473413739463015E-4	2.6605853287723296E-4	3.390334063082068E-5
3	200	Normalized kNN (test)	1.0	1.9387950940447094E-4	2.0904599011782593E-4	2.714039202066568E-5
3	200	Average Rating	1.0	8.873522264443538E-5	9.502090459901178E-5	1.3614494800355689E-5
3	200	Normalized kNN (full)	0.5882744203724819	2.9688201138812915E-4	2.8506271379703536E-4	3.682706077232874E-5
3	200	kNN (full/test)	1.0	3.0704839365176584E-4	3.230710756366401E-4	4.1670395148160265E-5
3	200	iMF (test)	1.0	3.4270756398048643E-4	3.230710756366401E-4	4.1670395148160265E-5
4	200	Random	1.0	1.331546377996399E-4	1.2121212121212121E-4	5.65606397421029E-6
4	200	iMF (full)	1.0	3.911877195557673E-4	3.8383838383838383E-4	1.8177893731135077E-5
4	200	Popularity	1.0	3.505817731863761E-4	3.4343434343434346E-4	1.6292539073064974E-5
4	200	Normalized kNN (test)	1.0	3.9001389455822685E-4	3.8383838383838383E-4	1.7643844772196765E-5
4	200	Average Rating	1.0	3.289183924492696E-4	3.4343434343434346E-4	1.5758490114126666E-5
4	200	Normalized kNN (full)	0.6027676767676767	3.4373938681277666E-4	3.6363636363636367E-4	1.643414296369256E-5
4	200	kNN (full/test)	1.0	3.9065571243345674E-4	3.8383838383838383E-4	1.7643844772196765E-5
4	200	iMF (test)	1.0	3.455509114677056E-4	3.6363636363636367E-4	1.750224088156918E-5
5	200	Random	1.0	0.0	0.0	0.0
5	200	iMF (full)	1.0	9.263514117989924E-5	9.171507184347294E-5	1.3102153120496133E-4
5	200	Popularity	1.0	7.19508076450973E-5	6.114338122898197E-5	8.734768746997423E-5
5	200	Normalized kNN (test)	1.0	0.0	0.0	0.0
5	200	Average Rating	1.0	0.0	0.0	0.0
5	200	Normalized kNN (full)	0.8329562824824213	5.52304942388529E-5	6.114338122898197E-5	8.734768746997423E-5
5	200	kNN (full/test)	1.0	1.1071771337289459E-4	9.171507184347294E-5	1.3102153120496133E-4
5	200	iMF (test)	1.0	0.0	0.0	0.0
1	500	Random	1.0	3.9594471263603466E-5	3.7313432835820896E-5	1.5418773899099544E-6
1	500	iMF (full)	1.0	1.5299785783373662E-4	1.4925373134328358E-4	6.167509559639818E-6
1	500	Popularity	1.0	1.3246690948503508E-4	1.3059701492537312E-4	5.39657086468484E-6
1	500	Normalized kNN (test)	1.0	1.325516812994669E-4	1.4925373134328358E-4	6.167509559639818E-6
1	500	Average Rating	1.0	1.589870352769678E-4	1.4925373134328358E-4	6.167509559639818E-6
1	500	Normalized kNN (full)	0.8010261194029851	1.4550526748170146E-4	1.6791044776119405E-4	6.9384482545947944E-6
1	500	kNN (full/test)	1.0	1.8656716417910448E-4	1.8656716417910448E-4	7.709386949549771E-6
1	500	iMF (test)	1.0	1.8656716417910448E-4	1.8656716417910448E-4	7.709386949549771E-6
2	500	Random	1.0	1.4539337476839772E-4	1.5034767900770532E-4	1.0764324604480005E-5
2	500	iMF (full)	1.0	2.932928884059082E-4	2.8190189813944745E-4	1.5546326399215412E-5
2	500	Popularity	1.0	3.456037233933584E-4	3.38282277767337E-4	1.9754680801235584E-5
2	500	Normalized kNN (test)	1.0	1.9036273865491384E-4	1.8793459875963165E-4	7.616494794034218E-6
2	500	Average Rating	1.0	1.7133619317346191E-4	1.6914113888366847E-4	7.129617595175068E-6
2	500	Normalized kNN (full)	0.7994737831234731	2.699138399379392E-4	3.0069535801541063E-4	1.603320359807456E-5
2	500	kNN (full/test)	1.0	3.195066657212001E-4	3.194888178913738E-4	1.7893942199655074E-5
2	500	iMF (test)	1.0	2.1659443484546933E-4	2.631084382634843E-4	1.3685587797634902E-5
3	500	Random	1.0	1.1079032243107141E-4	9.502090459901178E-5	1.1606282985986522E-5
3	500	iMF (full)	1.0	3.674925459037649E-4	3.610794374762448E-4	4.5509623616807195E-5
3	500	Popularity	1.0	2.8050562631395844E-4	2.6605853287723296E-4	3.390334063082068E-5
3	500	Normalized kNN (test)	1.0	1.3672832458862724E-4	1.5203344735841885E-4	2.138154931769527E-5
3	500	Average Rating	1.0	7.548312331117477E-5	7.601672367920942E-5	1.169488056603222E-5
3	500	Normalized kNN (full)	0.7938996579247435	2.464680932514598E-4	2.470543519574306E-4	3.298783230368179E-5
3	500	kNN (full/test)	1.0	3.109985138927317E-4	3.040668947168377E-4	3.975078091383679E-5
3	500	iMF (test)	1.0	2.649211699697859E-4	2.8506271379703536E-4	3.4818848957959566E-5
4	500	Random	1.0	1.1737053554325027E-4	1.0101010101010101E-4	5.514460083582708E-6
4	500	iMF (full)	1.0	3.9065571243345674E-4	3.8383838383838383E-4	1.7643844772196765E-5
4	500	Popularity	1.0	3.505817731863761E-4	3.4343434343434346E-4	1.6292539073064974E-5
4	500	Normalized kNN (test)	1.0	3.529614086494591E-4	3.434343434343434E-4	1.5224441155188357E-5
4	500	Average Rating	1.0	2.6273254483204206E-4	2.828282828282828E-4	1.1595335729675746E-5
4	500	Normalized kNN (full)	0.7977777777777778	3.046452080187144E-4	3.2323232323232324E-4	1.4014739346684153E-5
4	500	kNN (full/test)	1.0	4.0404040404040404E-4	4.0404040404040404E-4	1.8853546580700968E-5
4	500	iMF (test)	1.0	3.458011789450822E-4	3.2323232323232324E-4	1.4548788305622465E-5
5	500	Random	1.0	0.0	0.0	0.0
5	500	iMF (full)	1.0	0.0	0.0	0.0
5	500	Popularity	1.0	2.9933636609589672E-5	3.0571690614490985E-5	4.367384373498712E-5
5	500	Normalized kNN (test)	1.0	0.0	0.0	0.0
5	500	Average Rating	1.0	0.0	0.0	0.0
5	500	Normalized kNN (full)	0.9580862121675329	0.0	0.0	0.0
5	500	kNN (full/test)	1.0	6.870054233738696E-5	6.114338122898197E-5	8.734768746997423E-5
5	500	iMF (test)	1.0	0.0	0.0	0.0
1	1000	Random	1.0	0.0	0.0	0.0
1	1000	iMF (full)	1.0	1.6051900269519606E-4	1.4925373134328358E-4	6.167509559639818E-6
1	1000	Popularity	1.0	1.3246690948503508E-4	1.3059701492537312E-4	5.39657086468484E-6
1	1000	Normalized kNN (test)	1.0	9.404124618098013E-5	1.1194029850746269E-4	4.625632169729863E-6
1	1000	Average Rating	1.0	5.606830166391942E-5	7.462686567164179E-5	3.083754779819909E-6
1	1000	Normalized kNN (full)	0.9239552238805969	1.0723723253245823E-4	1.3059701492537312E-4	5.39657086468484E-6
1	1000	kNN (full/test)	1.0	1.6888276784150173E-4	1.6791044776119405E-4	6.9384482545947944E-6
1	1000	iMF (test)	1.0	7.140224605196235E-5	9.328358208955224E-5	3.854693474774886E-6
2	1000	Random	1.0	1.8125521063537976E-4	1.3155421913174214E-4	6.155863197456769E-6
2	1000	iMF (full)	1.0	1.5311265949565064E-4	1.8793459875963165E-4	8.990356196755578E-6
2	1000	Popularity	1.0	3.6282066868318415E-4	3.570757376433001E-4	2.1615419402816095E-5
2	1000	Normalized kNN (test)	1.0	1.2763599089042168E-4	1.5034767900770532E-4	6.642740396315919E-6
2	1000	Average Rating	1.0	1.2568327454165517E-4	1.1276075925577899E-4	4.295124595876258E-6
2	1000	Normalized kNN (full)	0.9265551588047359	1.8610352679939704E-4	1.8793459875963165E-4	6.242633391312856E-6
2	1000	kNN (full/test)	1.0	3.2492229449859424E-4	3.194888178913738E-4	1.7893942199655074E-5
2	1000	iMF (test)	1.0	2.117574776166393E-4	2.4431497838752115E-4	1.1824849196054391E-5
3	1000	Random	1.0	4.2695434439926176E-5	5.7012542759407075E-5	6.762948610154997E-6
3	1000	iMF (full)	1.0	2.59482374353271E-4	2.470543519574306E-4	3.097962048931262E-5
3	1000	Popularity	1.0	2.7940140097419686E-4	2.6605853287723296E-4	3.390334063082068E-5
3	1000	Normalized kNN (test)	1.0	7.487936077176233E-5	9.502090459901178E-5	1.4618600707540274E-5
3	1000	Average Rating	1.0	8.852586370929049E-5	7.601672367920942E-5	1.169488056603222E-5
3	1000	Normalized kNN (full)	0.919802356518434	1.742740633402724E-4	1.3302926643861648E-4	1.8457829176187218E-5
3	1000	kNN (full/test)	1.0	2.7701924642793013E-4	2.6605853287723296E-4	3.4907446538005265E-5
3	1000	iMF (test)	1.0	2.5691904917404964E-4	2.470543519574306E-4	3.097962048931262E-5
4	1000	Random	1.0	1.4026509482177224E-5	2.0202020202020203E-5	1.2097018085042038E-6
4	1000	iMF (full)	1.0	3.8921940967689695E-4	3.8383838383838383E-4	1.7643844772196765E-5
4	1000	Popularity	1.0	3.505817731863761E-4	3.4343434343434346E-4	1.6292539073064974E-5
4	1000	Normalized kNN (test)	1.0	1.6919997473093342E-4	2.2222222222222223E-4	9.568377180978066E-6
4	1000	Average Rating	1.0	2.0067569258189563E-4	2.2222222222222223E-4	9.568377180978066E-6
4	1000	Normalized kNN (full)	0.9205656565656566	3.0029726267676103E-4	3.2323232323232324E-4	1.4014739346684153E-5
4	1000	kNN (full/test)	1.0	3.9065571243345674E-4	3.8383838383838383E-4	1.7643844772196765E-5
4	1000	iMF (test)	1.0	2.2770542330908467E-4	2.6262626262626266E-4	1.1453731839048162E-5
5	1000	Random	1.0	0.0	0.0	0.0
5	1000	iMF (full)	1.0	0.0	0.0	0.0
5	1000	Popularity	1.0	2.65098833672026E-5	3.0571690614490985E-5	4.367384373498712E-5
5	1000	Normalized kNN (test)	1.0	0.0	0.0	0.0
5	1000	Average Rating	1.0	0.0	0.0	0.0
5	1000	Normalized kNN (full)	0.9909507795781107	0.0	0.0	0.0
5	1000	kNN (full/test)	1.0	2.4291372495495998E-5	3.0571690614490985E-5	4.367384373498712E-5
5	1000	iMF (test)	1.0	0.0	0.0	0.0
1	2000	Random	1.0	1.2360862584774072E-5	1.8656716417910448E-5	7.709386949549772E-7
1	2000	iMF (full)	1.0	1.4130263893936504E-4	1.3059701492537312E-4	5.39657086468484E-6
1	2000	Popularity	1.0	1.3246690948503508E-4	1.3059701492537312E-4	5.39657086468484E-6
1	2000	Normalized kNN (test)	1.0	5.7152337809036126E-5	7.462686567164179E-5	3.083754779819909E-6
1	2000	Average Rating	1.0	4.5264525239739443E-5	5.5970149253731344E-5	2.3128160848649316E-6
1	2000	Normalized kNN (full)	0.9857835820895523	7.30189852846224E-5	9.328358208955224E-5	3.854693474774886E-6
1	2000	kNN (full/test)	1.0	1.278208711440987E-4	1.4925373134328358E-4	6.167509559639818E-6
1	2000	iMF (test)	1.0	7.082137417599164E-5	9.328358208955224E-5	3.854693474774886E-6
2	2000	Random	1.0	2.6097057672158337E-5	1.8793459875963165E-5	1.8607386015805115E-6
2	2000	iMF (full)	1.0	1.3476659337736442E-4	1.691411388836685E-4	9.877340400617792E-6
2	2000	Popularity	1.0	3.5036920778215255E-4	3.38282277767337E-4	1.9754680801235584E-5
2	2000	Normalized kNN (test)	1.0	1.3145534731843483E-4	1.1276075925577899E-4	2.921263193154896E-6
2	2000	Average Rating	1.0	2.5744166566117605E-5	3.758691975192633E-5	2.347615800439661E-6
2	2000	Normalized kNN (full)	0.9859800789325314	1.6109845066037638E-4	1.5034767900770532E-4	3.895017590873195E-6
2	2000	kNN (full/test)	1.0	3.094158704455622E-4	3.0069535801541063E-4	1.603320359807456E-5
2	2000	iMF (test)	1.0	1.590232018711349E-4	1.8793459875963165E-4	6.242633391312856E-6
3	2000	Random	1.0	1.3194835031694652E-5	1.9004180919802356E-5	1.9196142343234704E-6
3	2000	iMF (full)	1.0	2.8004023242977693E-4	2.8506271379703536E-4	3.582295486514415E-5
3	2000	Popularity	1.0	2.4203482891853605E-4	2.2805017103762827E-4	3.0064112162173736E-5
3	2000	Normalized kNN (test)	1.0	7.281839904292524E-5	9.502090459901178E-5	1.4618600707540274E-5
3	2000	Average Rating	1.0	5.9393598483760236E-5	5.701254275940707E-5	8.771160424524166E-6
3	2000	Normalized kNN (full)	0.9853287723299126	1.5524741632169434E-4	1.3302926643861648E-4	1.8457829176187218E-5
3	2000	kNN (full/test)	1.0	2.642806849849618E-4	2.470543519574306E-4	3.298783230368179E-5
3	2000	iMF (test)	1.0	2.544897532625113E-4	2.0904599011782593E-4	2.6136286113481098E-5
4	2000	Random	1.0	1.3384691606947279E-5	2.0202020202020203E-5	1.2097018085042038E-6
4	2000	iMF (full)	1.0	3.86839774213814E-4	3.8383838383838383E-4	1.7643844772196765E-5
4	2000	Popularity	1.0	3.3474373904927E-4	3.2323232323232324E-4	1.5082837264560773E-5
4	2000	Normalized kNN (test)	1.0	1.1935068320973186E-4	1.414141414141414E-4	6.3317168237761825E-6
4	2000	Average Rating	1.0	1.429086667586329E-4	1.8181818181818183E-4	8.21707148184628E-6
4	2000	Normalized kNN (full)	0.9826666666666666	2.086362143206257E-4	2.4242424242424247E-4	1.024403003054396E-5
4	2000	kNN (full/test)	1.0	3.083693529201038E-4	3.0303030303030303E-4	1.2805037538179947E-5
4	2000	iMF (test)	1.0	3.00939080551991E-4	3.0303030303030303E-4	1.387313545605657E-5
5	2000	Random	1.0	0.0	0.0	0.0
5	2000	iMF (full)	1.0	0.0	0.0	0.0
5	2000	Popularity	1.0	0.0	0.0	0.0
5	2000	Normalized kNN (test)	1.0	0.0	0.0	0.0
5	2000	Average Rating	1.0	0.0	0.0	0.0
5	2000	Normalized kNN (full)	0.9995719963313972	0.0	0.0	0.0
5	2000	kNN (full/test)	1.0	0.0	0.0	0.0
5	2000	iMF (test)	1.0	0.0	0.0	0.0
1	3706	Random	1.0	0.0	0.0	0.0
1	3706	iMF (full)	1.0	9.369472595767284E-5	9.328358208955224E-5	3.854693474774886E-6
1	3706	Popularity	1.0	1.3246690948503508E-4	1.3059701492537312E-4	5.39657086468484E-6
1	3706	Normalized kNN (test)	1.0	5.313697783838889E-5	7.462686567164179E-5	3.083754779819909E-6
1	3706	Average Rating	1.0	1.2953586182234562E-5	1.8656716417910448E-5	7.709386949549772E-7
1	3706	Normalized kNN (full)	0.9990858208955224	3.9001747666142974E-5	5.5970149253731344E-5	2.3128160848649316E-6
1	3706	kNN (full/test)	1.0	1.1319432842419658E-4	1.3059701492537312E-4	5.39657086468484E-6
1	3706	iMF (test)	1.0	5.912615528162007E-5	7.462686567164179E-5	3.083754779819909E-6
2	3706	Random	1.0	2.6097057672158337E-5	1.8793459875963165E-5	4.868771988591494E-7
2	3706	iMF (full)	1.0	6.590933559220598E-5	9.396729937981582E-5	6.555970202459832E-6
2	3706	Popularity	1.0	3.272298836704355E-4	3.194888178913738E-4	1.7893942199655074E-5
2	3706	Normalized kNN (test)	1.0	6.533159021889274E-5	7.517383950385266E-5	1.9475087954365974E-6
2	3706	Average Rating	1.0	0.0	0.0	0.0
2	3706	Normalized kNN (full)	0.998909979327194	1.6109845066037638E-4	1.5034767900770532E-4	3.895017590873195E-6
2	3706	kNN (full/test)	1.0	2.4248445498394373E-4	2.4431497838752115E-4	1.0450987793333027E-5
2	3706	iMF (test)	1.0	1.3461519366716183E-4	1.5034767900770532E-4	3.895017590873195E-6
3	3706	Random	1.0	0.0	0.0	0.0
3	3706	iMF (full)	1.0	1.9640915290142376E-4	2.0904599011782593E-4	2.6136286113481098E-5
3	3706	Popularity	1.0	1.8746502433579916E-4	1.710376282782212E-4	2.3301163552018743E-5
3	3706	Normalized kNN (test)	1.0	2.5785907523976867E-5	3.800836183960471E-5	5.84744028301611E-6
3	3706	Average Rating	1.0	3.120858728740556E-5	3.800836183960471E-5	5.84744028301611E-6
3	3706	Normalized kNN (full)	0.9987837324211327	1.276099060040253E-4	9.502090459901178E-5	1.2610388893171107E-5
3	3706	kNN (full/test)	1.0	2.0384040676913067E-4	1.9004180919802356E-4	2.7228989600711378E-5
3	3706	iMF (test)	1.0	2.0026932979939416E-4	1.9004180919802356E-4	2.3212565971973044E-5
4	3706	Random	1.0	4.446298309052125E-5	2.0202020202020203E-5	1.2097018085042038E-6
4	3706	iMF (full)	1.0	3.3175489427654563E-4	3.0303030303030303E-4	1.3339086497118259E-5
4	3706	Popularity	1.0	2.4482050828098775E-4	2.4242424242424242E-4	1.131212794842058E-5
4	3706	Normalized kNN (test)	1.0	7.343955957503961E-5	1.0101010101010101E-4	4.446362165706087E-6
4	3706	Average Rating	1.0	9.124590359101611E-5	1.2121212121212121E-4	5.65606397421029E-6
4	3706	Normalized kNN (full)	0.9988282828282828	1.7022113272237402E-4	2.0202020202020202E-4	7.824626413535551E-6
4	3706	kNN (full/test)	1.0	2.721486312132466E-4	2.828282828282828E-4	1.2129384688614056E-5
4	3706	iMF (test)	1.0	2.737003216553256E-4	2.6262626262626266E-4	1.1453731839048162E-5
5	3706	Random	1.0	0.0	0.0	0.0
5	3706	iMF (full)	1.0	0.0	0.0	0.0
5	3706	Popularity	1.0	0.0	0.0	0.0
5	3706	Normalized kNN (test)	1.0	0.0	0.0	0.0
5	3706	Average Rating	1.0	0.0	0.0	0.0
5	3706	Normalized kNN (full)	1.0	0.0	0.0	0.0
5	3706	kNN (full/test)	1.0	0.0	0.0	0.0
5	3706	iMF (test)	1.0	0.0	0.0	0.0
