====================
Dataset: ml1m
====================

nDCG@10
Target size	Expected intersection ratio in top n	Ratio of ties	Ratio of ties at zero	Sum of p-values
0	0.5744398912080328	0.1872859508041628	0.009692526017029326	73.46195766202196
1	0.5581396374195767	0.13836565752128666	0.009678334910122988	87.32657419022908
2	0.5407159802643932	0.11865657521286661	0.009722090823084199	89.81960743889364
5	0.4804394099017502	0.08973982970671712	0.009789498580889308	55.77124024504579
10	0.37299549222341216	0.07224574266792812	0.010114711447492904	51.79699790646576
20	0.25628877358795465	0.05697256385998107	0.011646168401135292	27.89229801017069
50	0.13888754618489343	0.04698675496688742	0.017907994323557237	19.52380338455428
100	0.08102534384635465	0.04772824030274363	0.027955298013245033	24.96015356314303
200	0.044907195523064686	0.0566710028382214	0.042987228003784295	21.462968329079132
500	0.019444332157680936	0.08746807000946075	0.0777069536423841	18.45766863247888
1000	0.010035284265940773	0.12636352885525073	0.1179706717123936	15.621615507655724
2000	0.005105347337159046	0.18872753074739831	0.18140491958372754	21.23798310384586
3706	0.0028043881458990018	0.27151726584673613	0.26511234626300856	24.493289759074365

P@10
Target size	Expected intersection ratio in top n	Ratio of ties	Ratio of ties at zero	Sum of p-values
0	0.5744398912080328	0.555570009460738	0.009692526017029326	69.65173102769174
1	0.5581396374195767	0.5283431882686849	0.009678334910122988	75.45014969327798
2	0.5407159802643932	0.5027968306527909	0.009722090823084199	81.93838076969385
5	0.4804394099017502	0.4300579470198675	0.009789498580889308	79.00726865248319
10	0.37299549222341216	0.34521523178807945	0.010114711447492904	56.83668583684764
20	0.25628877358795465	0.2817892620624408	0.011646168401135292	44.392174872908875
50	0.13888754618489343	0.2259555345316935	0.017907994323557237	33.793966220623346
100	0.08102534384635465	0.203331362346263	0.027955298013245033	34.143200672849474
200	0.044907195523064686	0.19258159886471143	0.042987228003784295	31.254910120708548
500	0.019444332157680936	0.2034472563859981	0.0777069536423841	34.141070297020775
1000	0.010035284265940773	0.23362819299905396	0.1179706717123936	17.38585885713856
2000	0.005105347337159046	0.282196073793756	0.18140491958372754	17.96542596426074
3706	0.0028043881458990018	0.3455167928098392	0.26511234626300856	29.06189543147253

Recall@10
Target size	Expected intersection ratio in top n	Ratio of ties	Ratio of ties at zero	Sum of p-values
0	0.5744398912080328	0.555570009460738	0.009692526017029326	82.82058347576225
1	0.5581396374195767	0.5283431882686849	0.009678334910122988	116.37208343534523
2	0.5407159802643932	0.5027968306527909	0.009722090823084199	131.24407052512754
5	0.4804394099017502	0.4300579470198675	0.009789498580889308	85.33742588903588
10	0.37299549222341216	0.34521523178807945	0.010114711447492904	47.87140957298699
20	0.25628877358795465	0.2817892620624408	0.011646168401135292	50.55812679080406
50	0.13888754618489343	0.2259555345316935	0.017907994323557237	30.006402147723154
100	0.08102534384635465	0.203331362346263	0.027955298013245033	34.36141658307618
200	0.044907195523064686	0.19258159886471143	0.042987228003784295	18.69512348905392
500	0.019444332157680936	0.2034472563859981	0.0777069536423841	26.16934896027775
1000	0.010035284265940773	0.23362819299905396	0.1179706717123936	26.839841813323083
2000	0.005105347337159046	0.282196073793756	0.18140491958372754	19.935246160430363
3706	0.0028043881458990018	0.3455167928098392	0.26511234626300856	31.687590960579893

====================
Dataset: yahoo
====================

nDCG@10
Target size	Correlation with unbiased evaluation	Expected intersection ratio in top n	Ratio of ties	Ratio of ties at zero	Sum of p-values
0	0.5	0.9788459538972702	0.6348875661375661	0.32496693121693127	194.92548799332644
1	0.6428571428571428	0.9740238969856986	0.5295198412698412	0.32503042328042325	110.75372237180396
2	0.7142857142857142	0.9675220032062336	0.48732936507936503	0.3251441798941799	76.6926542186976
5	0.7857142857142857	0.9291688761568887	0.43672751322751324	0.32558201058201064	43.592915079181054
10	0.7857142857142857	0.725280431367661	0.4088650793650793	0.32832936507936505	22.657455520194848
20	0.7857142857142857	0.4191140902606213	0.402431216931217	0.342265873015873	35.13425492924128
50	0.8571428571428571	0.1866888352828538	0.4294616402116403	0.3869034391534392	32.92423910706044
100	0.9285714285714285	0.09733897712451947	0.4723849206349206	0.43943915343915335	40.55645039547476
200	0.9285714285714285	0.049783834540062535	0.5248597883597884	0.5008412698412699	32.73452191186475
500	0.8571428571428571	0.020201431480350435	0.5998902116402117	0.584675925925926	40.16631507681798
1000	0.7857142857142857	0.010199517235009841	0.666526455026455	0.6565674603174602	40.30857265713182

P@10
Target size	Correlation with unbiased evaluation	Expected intersection ratio in top n	Ratio of ties	Ratio of ties at zero	Sum of p-values
0	0.7142857142857142	0.9788459538972702	0.9734206349206351	0.32496693121693127	351.53608832647603
1	0.6428571428571428	0.9740238969856986	0.965482804232804	0.32503042328042325	252.00114932437126
2	0.6428571428571428	0.9675220032062336	0.9563624338624338	0.3251441798941799	159.9379953501693
5	0.7142857142857142	0.9291688761568887	0.9122751322751321	0.32558201058201064	90.16250065804783
10	0.7142857142857142	0.725280431367661	0.7786005291005292	0.32832936507936505	50.43661770333572
20	0.7142857142857142	0.4191140902606213	0.6683108465608465	0.342265873015873	37.46587641211272
50	0.8571428571428571	0.1866888352828538	0.6050198412698412	0.3869034391534392	36.85258100257733
100	0.9285714285714285	0.09733897712451947	0.6026772486772487	0.43943915343915335	28.514604523860978
200	0.7857142857142857	0.049783834540062535	0.6271402116402116	0.5008412698412699	44.753414153383545
500	0.7857142857142857	0.020201431480350435	0.6788055555555553	0.584675925925926	36.87369544738823
1000	0.7142857142857142	0.010199517235009841	0.725706349206349	0.6565674603174602	36.293556414883014

Recall@10
Target size	Correlation with unbiased evaluation	Expected intersection ratio in top n	Ratio of ties	Ratio of ties at zero	Sum of p-values
0	0.5714285714285714	0.9788459538972702	0.9734206349206351	0.32496693121693127	374.3875244309232
1	0.5714285714285714	0.9740238969856986	0.965482804232804	0.32503042328042325	281.4251892140275
2	0.6428571428571428	0.9675220032062336	0.9563624338624338	0.3251441798941799	195.21864675983852
5	0.7142857142857142	0.9291688761568887	0.9122751322751321	0.32558201058201064	114.51214060022254
10	0.7142857142857142	0.725280431367661	0.7786005291005292	0.32832936507936505	71.88512335084282
20	0.7142857142857142	0.4191140902606213	0.6683108465608465	0.342265873015873	53.113223313438056
50	0.8571428571428571	0.1866888352828538	0.6050198412698412	0.3869034391534392	41.50996425238549
100	0.9285714285714285	0.09733897712451947	0.6026772486772487	0.43943915343915335	29.624968723745408
200	0.8571428571428571	0.049783834540062535	0.6271402116402116	0.5008412698412699	44.65240682635613
500	0.8571428571428571	0.020201431480350435	0.6788055555555553	0.584675925925926	40.58223905622279
1000	0.7857142857142857	0.010199517235009841	0.725706349206349	0.6565674603174602	44.42982301867379

