====================
Dataset: ml1m
====================

nDCG@10
Target size	iMF (full)	iMF (test)	kNN (full/test)	Normalized kNN (full)	Normalized kNN (test)	Average Rating	Popularity	Random
0	6.136294080116826E-4	6.217885787838464E-4	6.649228269208501E-4	6.275255771073021E-4	6.146239500172775E-4	6.545072927751847E-4	6.264722677212631E-4	4.925252200318687E-4
1	5.655395709956478E-4	5.843642754939574E-4	6.649228269208501E-4	5.983818922216532E-4	6.146239500172775E-4	6.545072927751847E-4	6.264722677212631E-4	4.574170689288214E-4
2	5.86844420550393E-4	6.174099679856631E-4	6.649228269208501E-4	6.215882752179365E-4	6.146239500172775E-4	6.545072927751847E-4	6.112735184724091E-4	3.653008222232756E-4
5	6.055580486119444E-4	5.638434639410005E-4	6.294903577052144E-4	6.105973104151573E-4	5.292447459436015E-4	5.37848166655127E-4	6.07152884405743E-4	4.2363006108580794E-4
10	5.881264631273799E-4	6.364856928790555E-4	6.597187120786013E-4	6.176624586785715E-4	6.053464995817211E-4	6.359071073212068E-4	5.932661350006562E-4	4.0839322098402584E-4
20	6.176135835510466E-4	5.868808350688191E-4	6.538990800309001E-4	5.622952952578325E-4	5.547369204394024E-4	5.399905640900164E-4	6.050234577339149E-4	3.12444382525929E-4
50	5.299108623330465E-4	5.881513446585172E-4	6.238809292102067E-4	5.486537120937506E-4	3.95456708378866E-4	3.5358055848494095E-4	5.741715669722021E-4	1.9585784832737863E-4
100	5.87349886088789E-4	5.330417268447838E-4	6.256381007101603E-4	4.8360842632655794E-4	2.895898174279239E-4	2.930435616578473E-4	5.519766225300798E-4	1.5911358784121313E-4
200	5.332292151353577E-4	4.4195398756776035E-4	5.576047352684965E-4	4.986900493973796E-4	2.502092728480026E-4	1.784165866638171E-4	4.886219101908815E-4	7.528505114927977E-5
500	3.7250076946415266E-4	3.538223853718698E-4	4.230451905430827E-4	3.2956432862850447E-4	1.078683857716442E-4	7.166755918833068E-5	3.3813071083556073E-4	1.511925831593828E-4
1000	3.1837903259369796E-4	1.8451837584276847E-4	3.154802970041349E-4	2.8357334855092544E-4	4.3411576953340804E-5	2.377988081050498E-5	3.4150037749861717E-4	2.2286019296935533E-5
2000	2.665606518505251E-4	2.300824467756975E-4	2.4046488220281492E-4	1.269940876576136E-4	1.080239003262162E-5	1.4954651535078507E-5	2.146416160371171E-4	1.4045019923007832E-5
3706	2.3447433977034807E-4	7.108851726771524E-5	2.2098143386186736E-4	7.559909807489175E-5	3.9516916298678E-6	9.129078644038073E-6	1.736280198883996E-4	3.083101679097993E-5

P@10
Target size	iMF (full)	iMF (test)	kNN (full/test)	Normalized kNN (full)	Normalized kNN (test)	Average Rating	Popularity	Random
0	5.763531311618593E-4	5.871173709409659E-4	6.37047331818016E-4	5.851434249849376E-4	6.556178421054435E-4	6.394431554899966E-4	6.039135199330237E-4	4.876793269028179E-4
1	5.345105135925326E-4	5.71645634840874E-4	6.37047331818016E-4	5.388495496488581E-4	6.556178421054435E-4	6.394431554899966E-4	6.039135199330237E-4	4.525715690617973E-4
2	5.42597856900256E-4	5.959076647640442E-4	6.37047331818016E-4	5.738758193511348E-4	6.556178421054435E-4	6.394431554899966E-4	5.926459142992209E-4	3.580098724336101E-4
5	5.675628373387812E-4	5.608813950617674E-4	5.907534564819365E-4	5.613847609164638E-4	5.630300914332844E-4	5.468554048178376E-4	5.869543946634781E-4	4.132402088021339E-4
10	5.587725435157028E-4	6.208726452025693E-4	6.37047331818016E-4	5.738758193511348E-4	6.443502364716407E-4	6.16907944222391E-4	5.812628750277354E-4	3.97017979546882E-4
20	5.844404744695827E-4	5.902500906272403E-4	6.257797261842132E-4	5.038232799465814E-4	6.049373880732333E-4	5.368587946247081E-4	5.812628750277354E-4	3.486347246170916E-4
50	5.200626456326504E-4	5.789824849934374E-4	6.088206009146676E-4	5.025354754377863E-4	4.205123798840752E-4	3.5734086741719405E-4	5.58612230122447E-4	2.4024341047837764E-4
100	5.489108389126097E-4	5.149111002347749E-4	5.919769092828048E-4	3.9625034996090494E-4	3.354746611660045E-4	3.161197122244782E-4	5.359615852171588E-4	1.7309272348473324E-4
200	5.198996693551625E-4	4.6196385330913285E-4	5.218089362405686E-4	4.2679141639749015E-4	2.8399263204887857E-4	2.0534938348190537E-4	4.659090458126053E-4	9.382801254114905E-5
500	3.176156636046775E-4	3.586145257420993E-4	3.7142883732316196E-4	2.9037029313185443E-4	1.219230497817165E-4	7.756917490272639E-5	3.3948453274009903E-4	9.943804403814793E-5
1000	2.846787734961117E-4	2.183772042271881E-4	3.183186141200324E-4	2.49033704301456E-4	6.061004963318083E-5	2.5161902214951645E-5	3.3139718943237564E-4	3.305232374624851E-5
2000	2.3187499437125184E-4	2.40749439217306E-4	2.3257794488660668E-4	1.2905120401985232E-4	1.3778862943466158E-5	1.94703825792089E-5	1.8129550043013932E-4	1.6174686615446826E-5
3706	2.0121849429698396E-4	9.831321580684058E-5	2.0992729998131843E-4	7.695037541034737E-5	5.6915196357427435E-6	1.3778862943466158E-5	1.4255165704814805E-4	3.305232374624851E-5

Recall@10
Target size	iMF (full)	iMF (test)	kNN (full/test)	Normalized kNN (full)	Normalized kNN (test)	Average Rating	Popularity	Random
0	2.3324865986519647E-4	2.463001942313573E-4	2.49145736983779E-4	2.3403211556490745E-4	2.4881118330858726E-4	2.4817186763208737E-4	2.3469333230200117E-4	2.273671607083725E-4
1	2.3072277495102478E-4	2.4612467641631854E-4	2.49145736983779E-4	2.075020458686603E-4	2.4881118330858726E-4	2.4817186763208737E-4	2.3469333230200117E-4	2.006466773601447E-4
2	2.310424327892747E-4	2.470836499310683E-4	2.49145736983779E-4	2.2151255374957098E-4	2.4881118330858726E-4	2.4817186763208737E-4	2.221737704866647E-4	1.3531845930120053E-4
5	2.324652041654855E-4	2.3307314205015762E-4	2.2261566728753188E-4	2.3254116949933328E-4	1.9575104391609301E-4	1.9511172823959312E-4	2.208802432967231E-4	1.87214415658828E-4
10	2.316817484657746E-4	2.485064213072791E-4	2.49145736983779E-4	2.2151255374957098E-4	2.3629162149325084E-4	2.2313274400141448E-4	2.195867161067816E-4	1.512226416122405E-4
20	2.3356831770344642E-4	2.2314763983835627E-4	2.3662617516844258E-4	1.934915379877496E-4	2.1014938432461702E-4	1.9439644722924555E-4	2.195867161067816E-4	1.2235700068499684E-4
50	2.0600330915860175E-4	2.106280780230198E-4	2.2281308616316458E-4	1.808497372097959E-4	1.3984536177117705E-4	1.1221217853696898E-4	2.044800999115621E-4	7.722056052766687E-5
100	2.2008978237336016E-4	1.7975362889548704E-4	1.9906748972243313E-4	1.3888638825642724E-4	1.102793356705276E-4	9.744011601694117E-5	1.8937348371634254E-4	4.591200524375122E-5
200	1.8058335822396755E-4	1.9012813310061307E-4	1.809789813960652E-4	1.51535194258033E-4	8.192376623351451E-5	5.411506518426761E-5	1.6135246795452118E-4	3.03494818003604E-5
500	9.322498077192486E-5	1.222347617223796E-4	1.0873422536289406E-4	8.284357131195223E-5	1.0401396403148439E-5	1.8781888276121703E-5	9.3376126018788E-5	1.8933033522984837E-5
1000	8.155004412201071E-5	7.528771766122545E-5	9.368877863338589E-5	7.800401622737783E-5	4.968799270843709E-6	4.2002394080745345E-6	9.305646818053806E-5	1.7424292144607691E-6
2000	6.31951568098144E-5	7.490689035726418E-5	6.36589546712754E-5	4.713745771313479E-5	1.61318502819147E-6	2.9067122181330025E-6	3.629915564654775E-5	6.393156764998745E-7
3706	6.047885824366203E-5	3.1711183679665324E-5	4.8552338476055884E-5	2.9246368262399505E-5	1.2935271899415326E-6	1.61318502819147E-6	3.3263199242145457E-5	1.7424292144607691E-6

====================
Dataset: yahoo
====================

nDCG@10
Target size	iMF (full)	iMF (test)	kNN (full/test)	Normalized kNN (full)	Normalized kNN (test)	Average Rating	Popularity	Random
0	0.5758530933751839	0.5815485087273922	0.5720457636386957	0.5564146036548171	0.576992812245307	0.5718063330021307	0.5482532537586259	0.5328829722094642
1	0.5686706163920429	0.5748345862695105	0.5639222084684037	0.5314956713086767	0.5563286712714155	0.5336623753715193	0.5344579347704816	0.484043329318288
2	0.5622492387191931	0.5691147505869625	0.55725381507093	0.5112196416604528	0.5378376481884855	0.5032115213229804	0.5235605073623992	0.4498061025598081
5	0.5458539828415571	0.5531488799207763	0.5397252582902963	0.46949726378997525	0.49261594588446644	0.43595686733419087	0.49554228054092625	0.37333145731818884
10	0.5222398304882031	0.5286721671695742	0.5138273571855585	0.4054331290016037	0.43054202438008266	0.34935847396907915	0.45503527947499317	0.26739040347700893
20	0.4873163199893916	0.4941237062892025	0.47666495989159835	0.33813102095136827	0.3435558515425498	0.23632299369111703	0.40227689863270044	0.1583481069969704
50	0.4244642691886099	0.4279452298992864	0.4139751830919053	0.27893217001492027	0.1991518502707279	0.10376821332967309	0.3219623250220185	0.073820427574724
100	0.3675128735890999	0.3670558411733827	0.35882489871480167	0.2456576665758922	0.10354140767705397	0.04442519136007614	0.2623279896486329	0.03936638452809464
200	0.30450385767405996	0.29752545313004797	0.29739184003997554	0.21175703465302567	0.04087720716673536	0.01676713182197566	0.20422048466944442	0.020509641253807616
500	0.22342846049085216	0.21072160633089015	0.21624650328461442	0.15996843533265087	0.00966266773832199	0.005700878602293117	0.13524265735912797	0.008097965378359367
1000	0.16761437989937883	0.15214228904842908	0.16115133951838406	0.11167967170980046	0.003516001085572694	0.0015737805518714052	0.09270113462303851	0.0042895192389180905

P@10
Target size	iMF (full)	iMF (test)	kNN (full/test)	Normalized kNN (full)	Normalized kNN (test)	Average Rating	Popularity	Random
0	0.1703925925925926	0.17081111111111114	0.16986296296296297	0.16821481481481482	0.16987407407407407	0.1696222222222222	0.16802592592592594	0.16686296296296296
1	0.1698703703703704	0.1701851851851852	0.1691851851851852	0.16674444444444445	0.1688666666666667	0.16825185185185185	0.16687037037037036	0.16458518518518517
2	0.16927037037037035	0.16962962962962963	0.1683074074074074	0.16445555555555555	0.16776666666666668	0.16664074074074076	0.16555555555555557	0.16203333333333333
5	0.1666925925925926	0.16747037037037038	0.16535185185185183	0.1553	0.16365925925925925	0.15963333333333335	0.1605148148148148	0.14923703703703703
10	0.1606	0.16196296296296295	0.1582185185185185	0.13002592592592593	0.15357037037037038	0.1393037037037037	0.14825555555555553	0.11255555555555556
20	0.15134814814814818	0.1529259259259259	0.14727407407407406	0.1020925925925926	0.13301111111111114	0.10267037037037037	0.13118888888888888	0.06841481481481482
50	0.13344814814814818	0.13497037037037035	0.1295814814814815	0.08022592592592594	0.08576666666666667	0.049914814814814815	0.10592592592592594	0.03284444444444444
100	0.11674814814814816	0.11755925925925928	0.11397407407407407	0.07103703703703704	0.04786666666666667	0.02210740740740741	0.0875	0.01771851851851852
200	0.09837037037037039	0.0973925925925926	0.09618518518518519	0.06526666666666667	0.019385185185185186	0.00841851851851852	0.07051111111111111	0.009292592592592594
500	0.07370740740740742	0.0714037037037037	0.07172222222222221	0.05672592592592592	0.00452962962962963	0.0030703703703703704	0.04898518518518519	0.003762962962962963
1000	0.0565037037037037	0.052688888888888896	0.05440740740740742	0.04293703703703704	0.0016666666666666666	7.88888888888889E-4	0.035055555555555555	0.001948148148148148

Recall@10
Target size	iMF (full)	iMF (test)	kNN (full/test)	Normalized kNN (full)	Normalized kNN (test)	Average Rating	Popularity	Random
0	0.6637905676442359	0.664609749813554	0.6630193983101498	0.6589245756618459	0.6633609883944437	0.6631101658122989	0.6596303890285617	0.6561511282134994
1	0.6626971747404521	0.6634817211148698	0.6617217333570926	0.656221696296684	0.6617376265478974	0.6609654883299847	0.6573608057310842	0.6518277886502292
2	0.6617603708813081	0.6624015977793675	0.6601003146118256	0.6513589788424459	0.6599784450005812	0.6580148511903995	0.6549045956903512	0.6463332341241153
5	0.6558304616633766	0.6577082728793879	0.6536690325670318	0.6280905060082783	0.6519313540691912	0.642954924599664	0.6433379893624892	0.613745332650454
10	0.6364047481335199	0.6415798684337038	0.6303727421432826	0.5310419702117473	0.6244384203874185	0.5761102064888972	0.6018612645395278	0.4695860918168414
20	0.6033375005909016	0.6113086419256495	0.5898335654808964	0.40825817140409215	0.5562887680218503	0.4242988573477972	0.5349556922218813	0.2721782713696682
50	0.5384038250096174	0.5466642461914591	0.5254040798410398	0.3178956405091421	0.36962522550618654	0.19801792398646761	0.43586785438468906	0.12466186834614142
100	0.4741166814557685	0.47976215881954853	0.4664520001739437	0.28157187065330114	0.20901987548278766	0.08421275318464742	0.3621821582184958	0.0650454330417918
200	0.4035302123991304	0.4035217483449266	0.3974736319874805	0.26364945110339144	0.08451047997357414	0.03045986955229264	0.2930350619459202	0.03388860177619228
500	0.30560264552309074	0.30100214624577676	0.29882091581737036	0.23694222103040824	0.018998764132302014	0.011253192590613881	0.20340056894649555	0.013080627944966436
1000	0.23530617052376748	0.22455620156705924	0.22774586428025181	0.1841459374851146	0.0064976114616662	0.0027976274764120192	0.14564295247477968	0.007045600040957134

