fold	target size	recommender system	Coverage@10	nDCG@10	P@10	Recall@10
1	0	Random	0.0017513134851138354	0.0017513134851138354	0.0017513134851138354	7.005253940455342E-4
1	0	iMF (full)	0.0017513134851138354	0.0016140135394418996	0.001576182136602452	6.304728546409807E-4
1	0	Popularity	0.0017513134851138354	0.0016398935408074402	0.001576182136602452	6.304728546409807E-4
1	0	Normalized kNN (test)	0.0017513134851138354	0.0013658638068334847	0.001576182136602452	6.304728546409807E-4
1	0	Average Rating	0.0017513134851138354	0.0015081218145822164	0.001576182136602452	6.304728546409807E-4
1	0	Normalized kNN (full)	0.001050788091068301	0.001124670274376359	8.756567425569177E-4	3.502626970227671E-4
1	0	kNN (full/test)	0.0017513134851138354	0.001602201195023431	0.001576182136602452	6.304728546409807E-4
1	0	iMF (test)	0.0017513134851138354	0.001602201195023431	0.001576182136602452	6.304728546409807E-4
2	0	Random	8.438818565400844E-4	1.8175778841939845E-4	2.5316455696202533E-4	1.654670306941342E-5
2	0	iMF (full)	8.438818565400844E-4	3.2335056182605283E-4	4.219409282700422E-4	2.7577838449022366E-5
2	0	Popularity	8.438818565400844E-4	5.403291883106927E-4	5.90717299578059E-4	3.860897382863131E-5
2	0	Normalized kNN (test)	8.438818565400844E-4	5.303889389079407E-4	5.90717299578059E-4	3.860897382863131E-5
2	0	Average Rating	8.438818565400844E-4	6.391410503924022E-4	5.90717299578059E-4	3.860897382863131E-5
2	0	Normalized kNN (full)	8.438818565400844E-4	5.854526215325275E-4	5.063291139240507E-4	3.309340613882684E-5
2	0	kNN (full/test)	8.438818565400844E-4	6.011591985534792E-4	5.90717299578059E-4	3.860897382863131E-5
2	0	iMF (test)	8.438818565400844E-4	3.7808441179395657E-4	3.375527426160338E-4	2.2062270759217892E-5
3	0	Random	5.633802816901409E-4	3.8332434915337217E-4	3.9436619718309857E-4	4.3818466353677624E-4
3	0	iMF (full)	5.633802816901409E-4	5.61795853632231E-4	5.070422535211268E-4	5.633802816901409E-4
3	0	Popularity	5.633802816901409E-4	4.687949263623418E-4	3.9436619718309857E-4	4.3818466353677624E-4
3	0	Normalized kNN (test)	5.633802816901409E-4	5.192402724104253E-4	4.507042253521127E-4	5.007824726134585E-4
3	0	Average Rating	5.633802816901409E-4	5.192402724104253E-4	4.507042253521127E-4	5.007824726134585E-4
3	0	Normalized kNN (full)	4.507042253521127E-4	4.817440135176591E-4	3.9436619718309857E-4	4.3818466353677624E-4
3	0	kNN (full/test)	5.633802816901409E-4	5.216064139239018E-4	4.507042253521127E-4	5.007824726134585E-4
3	0	iMF (test)	5.633802816901409E-4	5.575182447587581E-4	5.070422535211268E-4	5.633802816901409E-4
4	0	Random	4.043671653861706E-4	1.6519851129227482E-4	1.2131014961585119E-4	4.794867573749059E-6
4	0	iMF (full)	4.043671653861706E-4	3.4897504638159655E-4	3.2349373230893653E-4	1.2786313529997489E-5
4	0	Popularity	4.043671653861706E-4	2.2574219319116564E-4	2.021835826930853E-4	7.991445956248431E-6
4	0	Normalized kNN (test)	4.043671653861706E-4	4.043671653861706E-4	4.043671653861706E-4	1.5982891912496862E-5
4	0	Average Rating	4.043671653861706E-4	3.403117053908199E-4	3.2349373230893653E-4	1.2786313529997489E-5
4	0	Normalized kNN (full)	4.043671653861706E-4	2.6538750853532335E-4	2.8305701577031943E-4	1.1188024338747804E-5
4	0	kNN (full/test)	4.043671653861706E-4	3.1507134531630115E-4	2.8305701577031943E-4	1.1188024338747804E-5
4	0	iMF (test)	4.043671653861706E-4	1.5035788614259121E-4	1.6174686615446826E-4	6.3931567649987445E-6
5	0	Random	2.845759817871372E-4	2.2194315130959582E-4	2.5611838360842346E-4	5.820872354736897E-5
5	0	iMF (full)	2.845759817871372E-4	2.845759817871372E-4	2.845759817871372E-4	6.467635949707663E-5
5	0	Popularity	2.845759817871372E-4	2.576014899346754E-4	2.5611838360842346E-4	5.820872354736897E-5
5	0	Normalized kNN (test)	2.845759817871372E-4	2.532595665483665E-4	2.5611838360842346E-4	5.820872354736897E-5
5	0	Average Rating	2.845759817871372E-4	2.6572162110006E-4	2.5611838360842346E-4	5.820872354736897E-5
5	0	Normalized kNN (full)	2.845759817871372E-4	2.845759817871372E-4	2.845759817871372E-4	6.467635949707663E-5
5	0	kNN (full/test)	2.845759817871372E-4	2.845759817871372E-4	2.845759817871372E-4	6.467635949707663E-5
5	0	iMF (test)	2.845759817871372E-4	2.845759817871372E-4	2.845759817871372E-4	6.467635949707663E-5
1	1	Random	0.09334500875656743	9.497806047219469E-4	0.001050788091068301	4.203152364273205E-4
1	1	iMF (full)	0.09334500875656743	0.0014806053597576213	0.0014010507880910684	5.604203152364273E-4
1	1	Popularity	0.0873905429071804	0.0016398935408074402	0.001576182136602452	6.304728546409807E-4
1	1	Normalized kNN (test)	0.07863397548161122	0.0012285638611615492	0.0014010507880910684	5.604203152364273E-4
1	1	Average Rating	0.0873905429071804	0.0013796385884887658	0.0014010507880910684	5.604203152364273E-4
1	1	Normalized kNN (full)	0.01033274956217163	0.001124670274376359	8.756567425569177E-4	3.502626970227671E-4
1	1	kNN (full/test)	0.07162872154115588	0.001602201195023431	0.001576182136602452	6.304728546409807E-4
1	1	iMF (test)	0.09334500875656743	0.0017513134851138354	0.0017513134851138354	7.005253940455342E-4
2	1	Random	0.09282700421940929	2.2662693914769717E-4	2.5316455696202533E-4	1.654670306941342E-5
2	1	iMF (full)	0.09282700421940929	2.2678266289189475E-4	2.5316455696202533E-4	1.654670306941342E-5
2	1	Popularity	0.08801687763713081	5.403291883106927E-4	5.90717299578059E-4	3.860897382863131E-5
2	1	Normalized kNN (test)	0.08177215189873419	5.303889389079407E-4	5.90717299578059E-4	3.860897382863131E-5
2	1	Average Rating	0.08801687763713081	6.391410503924022E-4	5.90717299578059E-4	3.860897382863131E-5
2	1	Normalized kNN (full)	0.012658227848101266	5.854526215325275E-4	5.063291139240507E-4	3.309340613882684E-5
2	1	kNN (full/test)	0.06936708860759494	6.011591985534792E-4	5.90717299578059E-4	3.860897382863131E-5
2	1	iMF (test)	0.09282700421940929	5.409669112475655E-4	6.751054852320676E-4	4.4124541518435785E-5
3	1	Random	0.09256338028169014	3.135231804277708E-4	3.380281690140845E-4	3.755868544600939E-4
3	1	iMF (full)	0.09256338028169014	5.216064139239018E-4	4.507042253521127E-4	5.007824726134585E-4
3	1	Popularity	0.08907042253521127	4.687949263623418E-4	3.9436619718309857E-4	4.3818466353677624E-4
3	1	Normalized kNN (test)	0.08135211267605634	5.192402724104253E-4	4.507042253521127E-4	5.007824726134585E-4
3	1	Average Rating	0.08907042253521127	5.192402724104253E-4	4.507042253521127E-4	5.007824726134585E-4
3	1	Normalized kNN (full)	0.012169014084507043	4.817440135176591E-4	3.9436619718309857E-4	4.3818466353677624E-4
3	1	kNN (full/test)	0.06726760563380282	5.216064139239018E-4	4.507042253521127E-4	5.007824726134585E-4
3	1	iMF (test)	0.09256338028169014	5.162113160567924E-4	4.507042253521127E-4	5.007824726134585E-4
4	1	Random	0.09207440355843106	8.694627144964082E-5	1.2131014961585119E-4	4.794867573749059E-6
4	1	iMF (full)	0.09207440355843106	3.224895947947812E-4	3.2349373230893653E-4	1.2786313529997489E-5
4	1	Popularity	0.09094217549534978	2.2574219319116564E-4	2.021835826930853E-4	7.991445956248431E-6
4	1	Normalized kNN (test)	0.08087343307723413	4.043671653861706E-4	4.043671653861706E-4	1.5982891912496862E-5
4	1	Average Rating	0.09094217549534978	3.403117053908199E-4	3.2349373230893653E-4	1.2786313529997489E-5
4	1	Normalized kNN (full)	0.012171451678123738	2.6538750853532335E-4	2.8305701577031943E-4	1.1188024338747804E-5
4	1	kNN (full/test)	0.06724625960372019	3.1507134531630115E-4	2.8305701577031943E-4	1.1188024338747804E-5
4	1	iMF (test)	0.09207440355843106	1.763896248725331E-4	2.4262029923170238E-4	9.589735147498118E-6
5	1	Random	0.093340922026181	2.0383820304580765E-4	2.2766078542970974E-4	5.174108759766131E-5
5	1	iMF (full)	0.093340922026181	2.845759817871372E-4	2.845759817871372E-4	6.467635949707663E-5
5	1	Popularity	0.09243027888446216	2.576014899346754E-4	2.5611838360842346E-4	5.820872354736897E-5
5	1	Normalized kNN (test)	0.08241320432555493	2.532595665483665E-4	2.5611838360842346E-4	5.820872354736897E-5
5	1	Average Rating	0.09243027888446216	2.6572162110006E-4	2.5611838360842346E-4	5.820872354736897E-5
5	1	Normalized kNN (full)	0.010813887307911212	2.845759817871372E-4	2.845759817871372E-4	6.467635949707663E-5
5	1	kNN (full/test)	0.06704610130904952	2.845759817871372E-4	2.845759817871372E-4	6.467635949707663E-5
5	1	iMF (test)	0.093340922026181	2.845759817871372E-4	2.845759817871372E-4	6.467635949707663E-5
1	2	Random	0.18704028021015764	0.0012809931297898054	0.0012259194395796847	4.903677758318739E-4
1	2	iMF (full)	0.18704028021015764	0.0016140135394418996	0.001576182136602452	6.304728546409807E-4
1	2	Popularity	0.17180385288966726	0.0016398935408074402	0.001576182136602452	6.304728546409807E-4
1	2	Normalized kNN (test)	0.15674255691768826	0.0013658638068334847	0.001576182136602452	6.304728546409807E-4
1	2	Average Rating	0.17180385288966726	0.0015081218145822164	0.001576182136602452	6.304728546409807E-4
1	2	Normalized kNN (full)	0.028371278458844133	0.001124670274376359	8.756567425569177E-4	3.502626970227671E-4
1	2	kNN (full/test)	0.14798598949211908	0.001602201195023431	0.001576182136602452	6.304728546409807E-4
1	2	iMF (test)	0.18704028021015764	0.0015853093443615573	0.001576182136602452	6.304728546409807E-4
2	2	Random	0.18531645569620256	1.944926664647402E-4	2.5316455696202533E-4	1.654670306941342E-5
2	2	iMF (full)	0.18531645569620256	1.7575804272743976E-4	2.5316455696202533E-4	1.654670306941342E-5
2	2	Popularity	0.17417721518987342	5.403291883106927E-4	5.90717299578059E-4	3.860897382863131E-5
2	2	Normalized kNN (test)	0.15983122362869198	5.303889389079407E-4	5.90717299578059E-4	3.860897382863131E-5
2	2	Average Rating	0.17417721518987342	6.391410503924022E-4	5.90717299578059E-4	3.860897382863131E-5
2	2	Normalized kNN (full)	0.021603375527426163	5.854526215325275E-4	5.063291139240507E-4	3.309340613882684E-5
2	2	kNN (full/test)	0.1347679324894515	6.011591985534792E-4	5.90717299578059E-4	3.860897382863131E-5
2	2	iMF (test)	0.18531645569620256	4.264644256853999E-4	5.063291139240507E-4	3.309340613882684E-5
3	2	Random	0.18602816901408453	3.770779070102905E-4	3.380281690140845E-4	3.755868544600939E-4
3	2	iMF (full)	0.18602816901408453	5.216064139239018E-4	4.507042253521127E-4	5.007824726134585E-4
3	2	Popularity	0.17830985915492958	4.687949263623418E-4	3.9436619718309857E-4	4.3818466353677624E-4
3	2	Normalized kNN (test)	0.16433802816901408	3.876019580268452E-4	3.9436619718309857E-4	4.3818466353677624E-4
3	2	Average Rating	0.17830985915492958	4.341081088200371E-4	3.9436619718309857E-4	4.3818466353677624E-4
3	2	Normalized kNN (full)	0.024732394366197185	4.817440135176591E-4	3.9436619718309857E-4	4.3818466353677624E-4
3	2	kNN (full/test)	0.13633802816901408	5.216064139239018E-4	4.507042253521127E-4	5.007824726134585E-4
3	2	iMF (test)	0.18602816901408453	4.7443744829055325E-4	3.9436619718309857E-4	4.3818466353677624E-4
4	2	Random	0.18592802264456126	5.539211900457411E-5	8.087343307723413E-5	3.1965783824993723E-6
4	2	iMF (full)	0.18592802264456126	3.4791017163212734E-4	3.2349373230893653E-4	1.2786313529997489E-5
4	2	Popularity	0.18228871815608574	2.2574219319116564E-4	2.021835826930853E-4	7.991445956248431E-6
4	2	Normalized kNN (test)	0.16449656287909423	4.043671653861706E-4	4.043671653861706E-4	1.5982891912496862E-5
4	2	Average Rating	0.18228871815608574	3.403117053908199E-4	3.2349373230893653E-4	1.2786313529997489E-5
4	2	Normalized kNN (full)	0.02312980186008896	2.6538750853532335E-4	2.8305701577031943E-4	1.1188024338747804E-5
4	2	kNN (full/test)	0.1362312980186009	3.1507134531630115E-4	2.8305701577031943E-4	1.1188024338747804E-5
4	2	iMF (test)	0.18592802264456126	1.7404831934907585E-4	2.021835826930853E-4	7.991445956248431E-6
5	2	Random	0.18705179282868528	1.615486248517374E-4	1.99203187250996E-4	4.527345164795364E-5
5	2	iMF (full)	0.18705179282868528	2.845759817871372E-4	2.845759817871372E-4	6.467635949707663E-5
5	2	Popularity	0.18531587933978375	2.576014899346754E-4	2.5611838360842346E-4	5.820872354736897E-5
5	2	Normalized kNN (test)	0.16346044393853157	2.532595665483665E-4	2.5611838360842346E-4	5.820872354736897E-5
5	2	Average Rating	0.18531587933978375	2.6572162110006E-4	2.5611838360842346E-4	5.820872354736897E-5
5	2	Normalized kNN (full)	0.02105862265224815	2.845759817871372E-4	2.845759817871372E-4	6.467635949707663E-5
5	2	kNN (full/test)	0.13164484917472966	2.845759817871372E-4	2.845759817871372E-4	6.467635949707663E-5
5	2	iMF (test)	0.18705179282868528	2.845759817871372E-4	2.845759817871372E-4	6.467635949707663E-5
1	5	Random	0.46619964973730293	4.059073111521236E-4	5.253940455341506E-4	2.1015761821366024E-4
1	5	iMF (full)	0.46619964973730293	0.001602201195023431	0.001576182136602452	6.304728546409807E-4
1	5	Popularity	0.4280210157618214	0.0016398935408074402	0.001576182136602452	6.304728546409807E-4
1	5	Normalized kNN (test)	0.39124343257443084	0.0011069680258957394	0.0012259194395796847	4.903677758318739E-4
1	5	Average Rating	0.4280210157618214	0.0012682186441823706	0.0012259194395796847	4.903677758318739E-4
1	5	Normalized kNN (full)	0.06619964973730298	8.795161666079272E-4	8.756567425569177E-4	3.502626970227671E-4
1	5	kNN (full/test)	0.3665499124343258	0.0014649012493514952	0.0014010507880910684	5.604203152364273E-4
1	5	iMF (test)	0.46619964973730293	0.00155858864597366	0.001576182136602452	6.304728546409807E-4
2	5	Random	0.4628691983122363	2.4818109532461505E-4	3.375527426160338E-4	2.2062270759217892E-5
2	5	iMF (full)	0.4628691983122363	3.9909940378333975E-4	3.375527426160338E-4	2.2062270759217892E-5
2	5	Popularity	0.43670886075949367	5.403291883106927E-4	5.90717299578059E-4	3.860897382863131E-5
2	5	Normalized kNN (test)	0.4027848101265823	5.303889389079407E-4	5.90717299578059E-4	3.860897382863131E-5
2	5	Average Rating	0.43670886075949367	6.391410503924022E-4	5.90717299578059E-4	3.860897382863131E-5
2	5	Normalized kNN (full)	0.058902953586497886	5.854526215325275E-4	5.063291139240507E-4	3.309340613882684E-5
2	5	kNN (full/test)	0.34084388185654013	6.011591985534792E-4	5.90717299578059E-4	3.860897382863131E-5
2	5	iMF (test)	0.4628691983122363	5.619819032369489E-4	5.90717299578059E-4	3.860897382863131E-5
3	5	Random	0.46157746478873235	3.3571208368303863E-4	2.8169014084507044E-4	3.129890453834116E-4
3	5	iMF (full)	0.46157746478873235	4.739705092262797E-4	4.507042253521127E-4	5.007824726134585E-4
3	5	Popularity	0.4427605633802817	2.997766136208938E-4	3.380281690140845E-4	3.755868544600939E-4
3	5	Normalized kNN (test)	0.40771830985915497	4.2043620283443956E-4	3.380281690140845E-4	3.755868544600939E-4
3	5	Average Rating	0.4427605633802817	4.1504110496733024E-4	3.380281690140845E-4	3.755868544600939E-4
3	5	Normalized kNN (full)	0.06011267605633803	4.6148836113523594E-4	3.9436619718309857E-4	4.3818466353677624E-4
3	5	kNN (full/test)	0.34	3.738711574159613E-4	3.9436619718309857E-4	4.3818466353677624E-4
3	5	iMF (test)	0.46157746478873235	4.232103887869032E-4	3.380281690140845E-4	3.755868544600939E-4
4	5	Random	0.46332389809947433	1.2127174755256543E-4	1.2131014961585119E-4	4.794867573749059E-6
4	5	iMF (full)	0.46332389809947433	3.418623778494144E-4	3.2349373230893653E-4	1.2786313529997489E-5
4	5	Popularity	0.4562474727052163	2.2574219319116564E-4	2.021835826930853E-4	7.991445956248431E-6
4	5	Normalized kNN (test)	0.40699555196118076	4.043671653861706E-4	4.043671653861706E-4	1.5982891912496862E-5
4	5	Average Rating	0.4562474727052163	3.403117053908199E-4	3.2349373230893653E-4	1.2786313529997489E-5
4	5	Normalized kNN (full)	0.05495349777598059	2.6538750853532335E-4	2.8305701577031943E-4	1.1188024338747804E-5
4	5	kNN (full/test)	0.33635260816821677	3.1507134531630115E-4	2.8305701577031943E-4	1.1188024338747804E-5
4	5	iMF (test)	0.46332389809947433	1.2668209336908246E-4	1.6174686615446826E-4	6.3931567649987445E-6
5	5	Random	0.4678998292544109	2.845759817871372E-4	2.845759817871372E-4	6.467635949707663E-5
5	5	iMF (full)	0.4678998292544109	2.845759817871372E-4	2.845759817871372E-4	6.467635949707663E-5
5	5	Popularity	0.463517359134889	2.576014899346754E-4	2.5611838360842346E-4	5.820872354736897E-5
5	5	Normalized kNN (test)	0.4071997723392146	2.532595665483665E-4	2.5611838360842346E-4	5.820872354736897E-5
5	5	Average Rating	0.463517359134889	2.6572162110006E-4	2.5611838360842346E-4	5.820872354736897E-5
5	5	Normalized kNN (full)	0.05150825270347183	2.845759817871372E-4	2.845759817871372E-4	6.467635949707663E-5
5	5	kNN (full/test)	0.330022766078543	2.845759817871372E-4	2.845759817871372E-4	6.467635949707663E-5
5	5	iMF (test)	0.4678998292544109	2.845759817871372E-4	2.845759817871372E-4	6.467635949707663E-5
1	10	Random	0.9222416812609457	7.202279855581085E-4	8.756567425569177E-4	3.502626970227671E-4
1	10	iMF (full)	0.9222416812609457	0.0015025935951355044	0.0014010507880910684	5.604203152364273E-4
1	10	Popularity	0.848861646234676	0.0016398935408074402	0.001576182136602452	6.304728546409807E-4
1	10	Normalized kNN (test)	0.7612959719789842	0.0012544438625270895	0.0014010507880910684	5.604203152364273E-4
1	10	Average Rating	0.848861646234676	0.0011731389676933094	0.0014010507880910684	5.604203152364273E-4
1	10	Normalized kNN (full)	0.1295971978984238	0.001124670274376359	8.756567425569177E-4	3.502626970227671E-4
1	10	kNN (full/test)	0.7175131348511383	0.001602201195023431	0.001576182136602452	6.304728546409807E-4
1	10	iMF (test)	0.9222416812609457	0.0015081218145822164	0.001576182136602452	6.304728546409807E-4
2	10	Random	0.9285232067510548	1.122801773297291E-4	1.687763713080169E-4	1.1031135379608946E-5
2	10	iMF (full)	0.9285232067510548	3.272155153736991E-4	4.219409282700422E-4	2.7577838449022366E-5
2	10	Popularity	0.8780590717299578	5.403291883106927E-4	5.90717299578059E-4	3.860897382863131E-5
2	10	Normalized kNN (test)	0.8112236286919832	5.303889389079407E-4	5.90717299578059E-4	3.860897382863131E-5
2	10	Average Rating	0.8780590717299578	6.391410503924022E-4	5.90717299578059E-4	3.860897382863131E-5
2	10	Normalized kNN (full)	0.1208438818565401	5.854526215325275E-4	5.063291139240507E-4	3.309340613882684E-5
2	10	kNN (full/test)	0.690126582278481	6.011591985534792E-4	5.90717299578059E-4	3.860897382863131E-5
2	10	iMF (test)	0.9285232067510548	6.354172207195343E-4	5.90717299578059E-4	3.860897382863131E-5
3	10	Random	0.9273239436619718	3.4724666298984705E-4	2.8169014084507044E-4	3.129890453834116E-4
3	10	iMF (full)	0.9273239436619718	5.216064139239018E-4	4.507042253521127E-4	5.007824726134585E-4
3	10	Popularity	0.8879436619718309	4.687949263623418E-4	3.9436619718309857E-4	4.3818466353677624E-4
3	10	Normalized kNN (test)	0.8145352112676056	3.89186386084755E-4	3.9436619718309857E-4	4.3818466353677624E-4
3	10	Average Rating	0.8879436619718309	4.6642878484886544E-4	3.9436619718309857E-4	4.3818466353677624E-4
3	10	Normalized kNN (full)	0.11870422535211268	4.817440135176591E-4	3.9436619718309857E-4	4.3818466353677624E-4
3	10	kNN (full/test)	0.6781971830985916	5.216064139239018E-4	4.507042253521127E-4	5.007824726134585E-4
3	10	iMF (test)	0.9273239436619718	4.6801321290677525E-4	3.9436619718309857E-4	4.3818466353677624E-4
4	10	Random	0.9253538212697129	1.5463595393597977E-4	1.6174686615446826E-4	6.3931567649987445E-6
4	10	iMF (full)	0.9253538212697129	3.505653011986539E-4	3.2349373230893653E-4	1.2786313529997489E-5
4	10	Popularity	0.9092195713708047	2.2574219319116564E-4	2.021835826930853E-4	7.991445956248431E-6
4	10	Normalized kNN (test)	0.8155276991508289	4.043671653861706E-4	4.043671653861706E-4	1.5982891912496862E-5
4	10	Average Rating	0.9092195713708047	3.403117053908199E-4	3.2349373230893653E-4	1.2786313529997489E-5
4	10	Normalized kNN (full)	0.114678528103518	2.6538750853532335E-4	2.8305701577031943E-4	1.1188024338747804E-5
4	10	kNN (full/test)	0.6729478366356652	3.1507134531630115E-4	2.8305701577031943E-4	1.1188024338747804E-5
4	10	iMF (test)	0.9253538212697129	1.3412603036360986E-4	1.6174686615446826E-4	6.3931567649987445E-6
5	10	Random	0.9379055207740468	1.9031323387482844E-4	1.707455890722823E-4	3.8805815698245974E-5
5	10	iMF (full)	0.9379055207740468	2.845759817871372E-4	2.845759817871372E-4	6.467635949707663E-5
5	10	Popularity	0.9275469550369949	1.8309720017170564E-4	1.707455890722823E-4	3.8805815698245974E-5
5	10	Normalized kNN (test)	0.8153955606146842	2.532595665483665E-4	2.5611838360842346E-4	5.820872354736897E-5
5	10	Average Rating	0.9275469550369949	2.6572162110006E-4	2.5611838360842346E-4	5.820872354736897E-5
5	10	Normalized kNN (full)	0.09817871371656232	2.66471033523349E-4	2.5611838360842346E-4	5.820872354736897E-5
5	10	kNN (full/test)	0.6580819578827547	2.6034629549185516E-4	2.5611838360842346E-4	5.820872354736897E-5
5	10	iMF (test)	0.9379055207740468	2.845759817871372E-4	2.845759817871372E-4	6.467635949707663E-5
1	20	Random	1.0	7.796829676532192E-4	8.756567425569177E-4	3.502626970227671E-4
1	20	iMF (full)	1.0	0.0014979816244604827	0.0014010507880910684	5.604203152364273E-4
1	20	Popularity	0.9992994746059545	0.0016352815701324184	0.001576182136602452	6.304728546409807E-4
1	20	Normalized kNN (test)	0.9971978984238178	0.0013658638068334847	0.001576182136602452	6.304728546409807E-4
1	20	Average Rating	0.9992994746059545	0.0011731389676933094	0.0014010507880910684	5.604203152364273E-4
1	20	Normalized kNN (full)	0.2509632224168126	0.001124670274376359	8.756567425569177E-4	3.502626970227671E-4
1	20	kNN (full/test)	0.9970227670753063	0.0014907812507170357	0.0014010507880910684	5.604203152364273E-4
1	20	iMF (test)	1.0	0.0015081218145822164	0.001576182136602452	6.304728546409807E-4
2	20	Random	1.0	2.4164218544512174E-4	1.687763713080169E-4	1.1031135379608946E-5
2	20	iMF (full)	1.0	3.720846661019979E-4	3.375527426160338E-4	2.2062270759217892E-5
2	20	Popularity	0.999746835443038	5.403291883106927E-4	5.90717299578059E-4	3.860897382863131E-5
2	20	Normalized kNN (test)	0.9987341772151899	5.303889389079407E-4	5.90717299578059E-4	3.860897382863131E-5
2	20	Average Rating	0.999746835443038	6.391410503924022E-4	5.90717299578059E-4	3.860897382863131E-5
2	20	Normalized kNN (full)	0.2412658227848101	5.854526215325275E-4	5.063291139240507E-4	3.309340613882684E-5
2	20	kNN (full/test)	0.989620253164557	6.011591985534792E-4	5.90717299578059E-4	3.860897382863131E-5
2	20	iMF (test)	1.0	2.2946367426943755E-4	2.5316455696202533E-4	1.654670306941342E-5
3	20	Random	0.9997183098591549	1.7228242824538932E-4	1.1267605633802817E-4	1.2519561815336463E-4
3	20	iMF (full)	0.9997183098591549	5.200219858659919E-4	4.507042253521127E-4	5.007824726134585E-4
3	20	Popularity	0.9994929577464788	4.262393451405361E-4	3.380281690140845E-4	3.755868544600939E-4
3	20	Normalized kNN (test)	0.9980281690140845	2.927018283077531E-4	2.8169014084507044E-4	3.129890453834116E-4
3	20	Average Rating	0.9994929577464788	3.3688846730196116E-4	2.8169014084507044E-4	3.129890453834116E-4
3	20	Normalized kNN (full)	0.2295774647887324	4.817440135176591E-4	3.9436619718309857E-4	4.3818466353677624E-4
3	20	kNN (full/test)	0.9897464788732394	5.10568794128581E-4	4.507042253521127E-4	5.007824726134585E-4
3	20	iMF (test)	0.9997183098591549	4.5381197194641857E-4	3.9436619718309857E-4	4.3818466353677624E-4
4	20	Random	0.9999595632834615	6.640500861557948E-5	8.087343307723413E-5	3.1965783824993723E-6
4	20	iMF (full)	0.9999595632834615	2.6050254278639446E-4	2.8305701577031943E-4	1.1188024338747804E-5
4	20	Popularity	0.9999595632834615	2.2574219319116564E-4	2.021835826930853E-4	7.991445956248431E-6
4	20	Normalized kNN (test)	0.9995147594015367	4.043671653861706E-4	4.043671653861706E-4	1.5982891912496862E-5
4	20	Average Rating	0.9999595632834615	3.403117053908199E-4	3.2349373230893653E-4	1.2786313529997489E-5
4	20	Normalized kNN (full)	0.22555600485240596	2.6538750853532335E-4	2.8305701577031943E-4	1.1188024338747804E-5
4	20	kNN (full/test)	0.9861302062272542	3.1507134531630115E-4	2.8305701577031943E-4	1.1188024338747804E-5
4	20	iMF (test)	0.9999595632834615	1.4037028892259222E-4	1.6174686615446826E-4	6.3931567649987445E-6
5	20	Random	0.9998577120091064	2.111908440340089E-4	1.99203187250996E-4	4.527345164795364E-5
5	20	iMF (full)	0.9998577120091064	2.845759817871372E-4	2.845759817871372E-4	6.467635949707663E-5
5	20	Popularity	0.9998577120091064	2.3672387977549493E-4	2.2766078542970974E-4	5.174108759766131E-5
5	20	Normalized kNN (test)	0.9993454752418895	2.532595665483665E-4	2.5611838360842346E-4	5.820872354736897E-5
5	20	Average Rating	0.9998577120091064	2.6572162110006E-4	2.5611838360842346E-4	5.820872354736897E-5
5	20	Normalized kNN (full)	0.1983210017074559	2.845759817871372E-4	2.845759817871372E-4	6.467635949707663E-5
5	20	kNN (full/test)	0.9813033579965852	2.845759817871372E-4	2.845759817871372E-4	6.467635949707663E-5
5	20	iMF (test)	0.9998577120091064	2.845759817871372E-4	2.845759817871372E-4	6.467635949707663E-5
1	50	Random	1.0	3.0875675412159214E-4	3.502626970227671E-4	1.4010507880910682E-4
1	50	iMF (full)	1.0	0.0013365894543832264	0.0012259194395796847	4.903677758318739E-4
1	50	Popularity	1.0	0.0013694983983670325	0.0012259194395796847	4.903677758318739E-4
1	50	Normalized kNN (test)	1.0	5.481322104148874E-4	7.005253940455342E-4	2.8021015761821365E-4
1	50	Average Rating	1.0	6.977722146118422E-4	8.756567425569177E-4	3.502626970227671E-4
1	50	Normalized kNN (full)	0.5870402802101576	0.001124670274376359	8.756567425569177E-4	3.502626970227671E-4
1	50	kNN (full/test)	1.0	0.0013534813050451	0.0012259194395796847	4.903677758318739E-4
1	50	iMF (test)	1.0	0.0015238616258260232	0.0014010507880910684	5.604203152364273E-4
2	50	Random	1.0	9.286572417640515E-5	8.438818565400845E-5	5.515567689804473E-6
2	50	iMF (full)	1.0	3.10865514041255E-4	3.375527426160338E-4	2.2062270759217892E-5
2	50	Popularity	1.0	5.403291883106927E-4	5.90717299578059E-4	3.860897382863131E-5
2	50	Normalized kNN (test)	1.0	4.664523703651239E-4	5.063291139240507E-4	3.309340613882684E-5
2	50	Average Rating	1.0	5.742197235739065E-4	5.063291139240507E-4	3.309340613882684E-5
2	50	Normalized kNN (full)	0.5430379746835443	5.742197235739065E-4	5.063291139240507E-4	3.309340613882684E-5
2	50	kNN (full/test)	1.0	6.011591985534792E-4	5.90717299578059E-4	3.860897382863131E-5
2	50	iMF (test)	1.0	4.1810876157821167E-4	4.219409282700422E-4	2.7577838449022366E-5
3	50	Random	1.0	1.0419916744309504E-4	1.1267605633802817E-4	1.2519561815336463E-4
3	50	iMF (full)	1.0	4.120381041801794E-4	3.9436619718309857E-4	4.3818466353677624E-4
3	50	Popularity	1.0	2.410667243651157E-4	2.2535211267605634E-4	2.5039123630672927E-4
3	50	Normalized kNN (test)	1.0	1.4406156784933766E-4	1.6901408450704225E-4	1.8779342723004695E-4
3	50	Average Rating	1.0	1.57299473829466E-4	1.6901408450704225E-4	1.8779342723004695E-4
3	50	Normalized kNN (full)	0.5459718309859155	3.1323403460419355E-4	2.8169014084507044E-4	3.129890453834116E-4
3	50	kNN (full/test)	1.0	2.3594500612559056E-4	2.2535211267605634E-4	2.5039123630672927E-4
3	50	iMF (test)	1.0	1.9180499684587498E-4	1.6901408450704225E-4	1.8779342723004695E-4
4	50	Random	1.0	1.7685098226862518E-4	1.2131014961585119E-4	4.794867573749059E-6
4	50	iMF (full)	1.0	2.7329979881970007E-4	2.4262029923170238E-4	9.589735147498118E-6
4	50	Popularity	1.0	2.2574219319116564E-4	2.021835826930853E-4	7.991445956248431E-6
4	50	Normalized kNN (test)	1.0	4.043671653861706E-4	4.043671653861706E-4	1.5982891912496862E-5
4	50	Average Rating	1.0	3.403117053908199E-4	3.2349373230893653E-4	1.2786313529997489E-5
4	50	Normalized kNN (full)	0.5252729478366357	2.6538750853532335E-4	2.8305701577031943E-4	1.1188024338747804E-5
4	50	kNN (full/test)	1.0	3.1507134531630115E-4	2.8305701577031943E-4	1.1188024338747804E-5
4	50	iMF (test)	1.0	9.68220205429095E-5	1.2131014961585119E-4	4.794867573749059E-6
5	50	Random	1.0	1.548723289177467E-4	1.422879908935686E-4	3.2338179748538314E-5
5	50	iMF (full)	1.0	2.845759817871372E-4	2.845759817871372E-4	6.467635949707663E-5
5	50	Popularity	1.0	1.4888269677802013E-4	1.1383039271485487E-4	2.5870543798830654E-5
5	50	Normalized kNN (test)	1.0	2.532595665483665E-4	2.5611838360842346E-4	5.820872354736897E-5
5	50	Average Rating	1.0	2.6572162110006E-4	2.5611838360842346E-4	5.820872354736897E-5
5	50	Normalized kNN (full)	0.45973249857712006	2.450590654884592E-4	2.5611838360842346E-4	5.820872354736897E-5
5	50	kNN (full/test)	1.0	2.845759817871372E-4	2.845759817871372E-4	6.467635949707663E-5
5	50	iMF (test)	1.0	2.845759817871372E-4	2.845759817871372E-4	6.467635949707663E-5
1	100	Random	1.0	3.7031572524414064E-4	5.253940455341506E-4	2.1015761821366024E-4
1	100	iMF (full)	1.0	0.0013433054140856856	0.0012259194395796847	4.903677758318739E-4
1	100	Popularity	1.0	0.0012806699552944045	0.0012259194395796847	4.903677758318739E-4
1	100	Normalized kNN (test)	1.0	4.98798951337591E-4	7.005253940455342E-4	2.8021015761821365E-4
1	100	Average Rating	1.0	4.036318909995046E-4	5.253940455341506E-4	2.1015761821366024E-4
1	100	Normalized kNN (full)	0.8080560420315236	0.0010802619688898905	8.756567425569177E-4	3.502626970227671E-4
1	100	kNN (full/test)	1.0	0.001176773559226857	0.001050788091068301	4.203152364273205E-4
1	100	iMF (test)	1.0	0.0014094763558832554	0.0014010507880910684	5.604203152364273E-4
2	100	Random	1.0	0.0	0.0	0.0
2	100	iMF (full)	1.0	1.1984730563512832E-4	1.687763713080169E-4	1.1031135379608946E-5
2	100	Popularity	1.0	4.740194986705231E-4	5.063291139240507E-4	3.309340613882684E-5
2	100	Normalized kNN (test)	1.0	3.4049170177298977E-4	3.375527426160338E-4	2.2062270759217892E-5
2	100	Average Rating	1.0	3.276161584991591E-4	3.375527426160338E-4	2.2062270759217892E-5
2	100	Normalized kNN (full)	0.7732489451476793	5.742197235739065E-4	5.063291139240507E-4	3.309340613882684E-5
2	100	kNN (full/test)	1.0	5.989368903210426E-4	5.90717299578059E-4	3.860897382863131E-5
2	100	iMF (test)	1.0	3.967103291454914E-4	4.219409282700422E-4	2.7577838449022366E-5
3	100	Random	1.0	0.0	0.0	0.0
3	100	iMF (full)	1.0	3.69990856786356E-4	3.380281690140845E-4	3.755868544600939E-4
3	100	Popularity	1.0	2.528271629907168E-4	2.8169014084507044E-4	3.129890453834116E-4
3	100	Normalized kNN (test)	1.0	1.6157708270293897E-4	1.6901408450704225E-4	1.8779342723004695E-4
3	100	Average Rating	1.0	1.7305276738446121E-4	1.6901408450704225E-4	1.8779342723004695E-4
3	100	Normalized kNN (full)	0.7685633802816901	3.0688730307211666E-4	2.2535211267605634E-4	2.5039123630672927E-4
3	100	kNN (full/test)	1.0	2.8920593288984665E-4	2.8169014084507044E-4	3.129890453834116E-4
3	100	iMF (test)	1.0	2.821777772911984E-4	1.6901408450704225E-4	1.8779342723004695E-4
4	100	Random	1.0	2.6791032533113232E-5	4.0436716538617066E-5	1.5982891912496861E-6
4	100	iMF (full)	1.0	3.495004264491847E-4	3.2349373230893653E-4	1.2786313529997489E-5
4	100	Popularity	1.0	2.2574219319116564E-4	2.021835826930853E-4	7.991445956248431E-6
4	100	Normalized kNN (test)	1.0	3.0371681074703016E-4	3.2349373230893653E-4	1.2786313529997489E-5
4	100	Average Rating	1.0	2.767420431045944E-4	2.4262029923170238E-4	9.589735147498118E-6
4	100	Normalized kNN (full)	0.7314193287505054	2.6538750853532335E-4	2.8305701577031943E-4	1.1188024338747804E-5
4	100	kNN (full/test)	1.0	3.1507134531630115E-4	2.8305701577031943E-4	1.1188024338747804E-5
4	100	iMF (test)	1.0	2.572615778364404E-5	4.0436716538617066E-5	1.5982891912496861E-6
5	100	Random	1.0	1.0035962960559005E-4	1.1383039271485487E-4	2.5870543798830654E-5
5	100	iMF (full)	1.0	2.845759817871372E-4	2.845759817871372E-4	6.467635949707663E-5
5	100	Popularity	1.0	1.0936578047934213E-4	8.537279453614115E-5	1.9402907849122987E-5
5	100	Normalized kNN (test)	1.0	1.7686371119334586E-4	1.99203187250996E-4	4.527345164795364E-5
5	100	Average Rating	1.0	1.9771346501431383E-4	2.2766078542970974E-4	5.174108759766131E-5
5	100	Normalized kNN (full)	0.6752418895845191	2.66471033523349E-4	2.5611838360842346E-4	5.820872354736897E-5
5	100	kNN (full/test)	1.0	2.3529122556965678E-4	2.2766078542970974E-4	5.174108759766131E-5
5	100	iMF (test)	1.0	1.7686371119334586E-4	1.99203187250996E-4	4.527345164795364E-5
1	200	Random	1.0	5.227496239522864E-4	3.502626970227671E-4	1.4010507880910682E-4
1	200	iMF (full)	1.0	0.0012318854697792902	0.001050788091068301	4.203152364273205E-4
1	200	Popularity	1.0	0.0013590095244918117	0.0014010507880910684	5.604203152364273E-4
1	200	Normalized kNN (test)	1.0	4.98798951337591E-4	7.005253940455342E-4	2.8021015761821365E-4
1	200	Average Rating	1.0	1.2159583526580955E-4	1.7513134851138354E-4	7.005253940455341E-5
1	200	Normalized kNN (full)	0.9124343257443083	0.0010148867835290181	8.756567425569177E-4	3.502626970227671E-4
1	200	kNN (full/test)	1.0	0.001186117992911893	0.001050788091068301	4.203152364273205E-4
1	200	iMF (test)	1.0	0.0011979303373303618	0.001050788091068301	4.203152364273205E-4
2	200	Random	1.0	1.857314483528103E-4	8.438818565400845E-5	5.515567689804473E-6
2	200	iMF (full)	1.0	1.7577524540956266E-4	1.687763713080169E-4	1.1031135379608946E-5
2	200	Popularity	1.0	3.5351726741639873E-4	4.219409282700422E-4	2.7577838449022366E-5
2	200	Normalized kNN (test)	1.0	2.5583082883885694E-4	3.375527426160338E-4	2.2062270759217892E-5
2	200	Average Rating	1.0	1.895893468547608E-4	2.5316455696202533E-4	1.654670306941342E-5
2	200	Normalized kNN (full)	0.8868354430379748	3.81304587359034E-4	4.219409282700422E-4	2.7577838449022366E-5
2	200	kNN (full/test)	1.0	4.233840203240244E-4	5.063291139240507E-4	3.309340613882684E-5
2	200	iMF (test)	1.0	5.551887108639196E-4	5.063291139240507E-4	3.309340613882684E-5
3	200	Random	1.0	0.0	0.0	0.0
3	200	iMF (full)	1.0	3.3688846730196116E-4	2.8169014084507044E-4	3.129890453834116E-4
3	200	Popularity	1.0	2.1786696582082795E-4	1.6901408450704225E-4	1.8779342723004695E-4
3	200	Normalized kNN (test)	1.0	1.4811966171963923E-4	1.6901408450704225E-4	1.8779342723004695E-4
3	200	Average Rating	1.0	1.0798388168581252E-4	1.1267605633802817E-4	1.2519561815336463E-4
3	200	Normalized kNN (full)	0.8887323943661972	2.7648159568848435E-4	2.2535211267605634E-4	2.5039123630672927E-4
3	200	kNN (full/test)	1.0	3.201669308147201E-4	2.2535211267605634E-4	2.5039123630672927E-4
3	200	iMF (test)	1.0	3.246796988385015E-4	2.8169014084507044E-4	3.129890453834116E-4
4	200	Random	1.0	1.947169391601821E-4	1.6174686615446826E-4	6.3931567649987445E-6
4	200	iMF (full)	1.0	3.4299951836715104E-4	3.2349373230893653E-4	1.2786313529997489E-5
4	200	Popularity	1.0	2.2574219319116564E-4	2.021835826930853E-4	7.991445956248431E-6
4	200	Normalized kNN (test)	1.0	3.482157525784252E-4	3.639304488475536E-4	1.4384602721247179E-5
4	200	Average Rating	1.0	3.035330756377076E-4	2.8305701577031943E-4	1.1188024338747804E-5
4	200	Normalized kNN (full)	0.8627982207844722	2.3095842740243974E-4	2.4262029923170238E-4	9.589735147498118E-6
4	200	kNN (full/test)	1.0	3.1507134531630115E-4	2.8305701577031943E-4	1.1188024338747804E-5
4	200	iMF (test)	1.0	1.4800833752236253E-4	1.6174686615446826E-4	6.3931567649987445E-6
5	200	Random	1.0	7.902803146522291E-5	1.1383039271485487E-4	2.5870543798830654E-5
5	200	iMF (full)	1.0	1.5564474249995622E-4	1.707455890722823E-4	3.8805815698245974E-5
5	200	Popularity	1.0	1.2025469504000753E-4	8.537279453614115E-5	1.9402907849122987E-5
5	200	Normalized kNN (test)	1.0	1.4632508943020745E-4	1.422879908935686E-4	3.2338179748538314E-5
5	200	Average Rating	1.0	1.9018392911519428E-4	1.707455890722823E-4	3.8805815698245974E-5
5	200	Normalized kNN (full)	0.8266078542970973	2.2695411722467102E-4	2.2766078542970974E-4	5.174108759766131E-5
5	200	kNN (full/test)	1.0	1.895129639544065E-4	1.99203187250996E-4	4.527345164795364E-5
5	200	iMF (test)	1.0	1.6357187432384067E-4	1.99203187250996E-4	4.527345164795364E-5
1	500	Random	1.0	0.0	0.0	0.0
1	500	iMF (full)	1.0	0.0010222687799772414	8.756567425569177E-4	3.502626970227671E-4
1	500	Popularity	1.0	0.0010289847396797007	0.001050788091068301	4.203152364273205E-4
1	500	Normalized kNN (test)	1.0	0.0	0.0	0.0
1	500	Average Rating	1.0	0.0	0.0	0.0
1	500	Normalized kNN (full)	0.9838879159369527	5.808996026080685E-4	7.005253940455342E-4	2.8021015761821365E-4
1	500	kNN (full/test)	1.0	7.135120258556492E-4	7.005253940455342E-4	2.8021015761821365E-4
1	500	iMF (test)	1.0	7.482390460032862E-4	8.756567425569177E-4	3.502626970227671E-4
2	500	Random	1.0	2.4164218544512174E-4	1.687763713080169E-4	1.1031135379608946E-5
2	500	iMF (full)	1.0	2.643753729128615E-4	3.375527426160338E-4	2.2062270759217892E-5
2	500	Popularity	1.0	5.403291883106927E-4	5.90717299578059E-4	3.860897382863131E-5
2	500	Normalized kNN (test)	1.0	2.1043266155945065E-4	2.5316455696202533E-4	1.654670306941342E-5
2	500	Average Rating	1.0	7.999018090257451E-5	8.438818565400845E-5	5.515567689804473E-6
2	500	Normalized kNN (full)	0.970886075949367	3.249351471216163E-4	3.375527426160338E-4	2.2062270759217892E-5
2	500	kNN (full/test)	1.0	5.805493019225479E-4	5.90717299578059E-4	3.860897382863131E-5
2	500	iMF (test)	1.0	2.084646358205501E-4	2.5316455696202533E-4	1.654670306941342E-5
3	500	Random	1.0	0.0	0.0	0.0
3	500	iMF (full)	1.0	2.6950206976346526E-4	2.2535211267605634E-4	2.5039123630672927E-4
3	500	Popularity	1.0	4.7168965633348435E-5	5.6338028169014086E-5	6.259780907668232E-5
3	500	Normalized kNN (test)	1.0	4.177386776623918E-5	5.6338028169014086E-5	6.259780907668232E-5
3	500	Average Rating	1.0	3.98624004062426E-5	5.6338028169014086E-5	6.259780907668232E-5
3	500	Normalized kNN (full)	0.9696901408450704	2.1833390488510147E-4	1.6901408450704225E-4	1.8779342723004695E-4
3	500	kNN (full/test)	1.0	1.8471794662194052E-4	1.6901408450704225E-4	1.8779342723004695E-4
3	500	iMF (test)	1.0	8.544693798168125E-5	1.1267605633802817E-4	1.2519561815336463E-4
4	500	Random	1.0	9.701613214815237E-5	1.2131014961585119E-4	4.794867573749059E-6
4	500	iMF (full)	1.0	3.418623778494144E-4	3.2349373230893653E-4	1.2786313529997489E-5
4	500	Popularity	1.0	2.2574219319116564E-4	2.021835826930853E-4	7.991445956248431E-6
4	500	Normalized kNN (test)	1.0	3.013755052235728E-4	2.8305701577031943E-4	1.1188024338747804E-5
4	500	Average Rating	1.0	1.700362501435223E-4	2.021835826930853E-4	7.991445956248431E-6
4	500	Normalized kNN (full)	0.9598059037606146	2.0523226961879573E-4	2.021835826930853E-4	7.991445956248431E-6
4	500	kNN (full/test)	1.0	3.1507134531630115E-4	2.8305701577031943E-4	1.1188024338747804E-5
4	500	iMF (test)	1.0	6.015523891652756E-5	8.087343307723413E-5	3.1965783824993723E-6
5	500	Random	1.0	0.0	0.0	0.0
5	500	iMF (full)	1.0	1.822111804633383E-4	1.99203187250996E-4	4.527345164795364E-5
5	500	Popularity	1.0	8.960732233000313E-5	5.6915196357427435E-5	1.2935271899415327E-5
5	500	Normalized kNN (test)	1.0	1.2382182572368868E-4	1.1383039271485487E-4	2.5870543798830654E-5
5	500	Average Rating	1.0	8.736901831032024E-5	8.537279453614115E-5	1.9402907849122987E-5
5	500	Normalized kNN (full)	0.9552077404667045	1.6445789403220812E-4	1.707455890722823E-4	3.8805815698245974E-5
5	500	kNN (full/test)	1.0	1.768358548551334E-4	1.99203187250996E-4	4.527345164795364E-5
5	500	iMF (test)	1.0	1.610200681081611E-4	1.707455890722823E-4	3.8805815698245974E-5
1	1000	Random	1.0	0.0	0.0	0.0
1	1000	iMF (full)	1.0	9.87370328704423E-4	7.005253940455342E-4	2.8021015761821365E-4
1	1000	Popularity	1.0	6.630451944642055E-4	5.253940455341506E-4	2.1015761821366024E-4
1	1000	Normalized kNN (test)	1.0	0.0	0.0	0.0
1	1000	Average Rating	1.0	0.0	0.0	0.0
1	1000	Normalized kNN (full)	0.9994746059544659	6.456358212753762E-4	7.005253940455342E-4	2.8021015761821365E-4
1	1000	kNN (full/test)	1.0	8.937855538837912E-4	7.005253940455342E-4	2.8021015761821365E-4
1	1000	iMF (test)	1.0	8.015328803918884E-4	7.005253940455342E-4	2.8021015761821365E-4
2	1000	Random	1.0	1.857314483528103E-4	8.438818565400845E-5	5.515567689804473E-6
2	1000	iMF (full)	1.0	2.0205979477013941E-4	2.5316455696202533E-4	1.654670306941342E-5
2	1000	Popularity	1.0	4.286867339178365E-4	5.063291139240507E-4	3.309340613882684E-5
2	1000	Normalized kNN (test)	1.0	5.3688428859874864E-5	8.438818565400845E-5	5.515567689804473E-6
2	1000	Average Rating	1.0	5.3688428859874864E-5	8.438818565400845E-5	5.515567689804473E-6
2	1000	Normalized kNN (full)	0.9935864978902954	2.1493533804397001E-4	2.5316455696202533E-4	1.654670306941342E-5
2	1000	kNN (full/test)	1.0	5.139853297888425E-4	5.063291139240507E-4	3.309340613882684E-5
2	1000	iMF (test)	1.0	2.3168598250187408E-4	2.5316455696202533E-4	1.654670306941342E-5
3	1000	Random	1.0	0.0	0.0	0.0
3	1000	iMF (full)	1.0	1.0607241432581595E-4	1.1267605633802817E-4	1.2519561815336463E-4
3	1000	Popularity	1.0	0.0	0.0	0.0
3	1000	Normalized kNN (test)	1.0	0.0	0.0	0.0
3	1000	Average Rating	1.0	0.0	0.0	0.0
3	1000	Normalized kNN (full)	0.9924507042253521	8.354773553247835E-5	5.6338028169014086E-5	6.259780907668232E-5
3	1000	kNN (full/test)	1.0	1.2324021572931995E-4	1.1267605633802817E-4	1.2519561815336463E-4
3	1000	iMF (test)	1.0	0.0	0.0	0.0
4	1000	Random	1.0	0.0	0.0	0.0
4	1000	iMF (full)	1.0	2.792753268341455E-4	2.4262029923170238E-4	9.589735147498118E-6
4	1000	Popularity	1.0	1.9766648678729294E-4	1.6174686615446826E-4	6.3931567649987445E-6
4	1000	Normalized kNN (test)	1.0	1.4858816015326682E-4	2.021835826930853E-4	7.991445956248431E-6
4	1000	Average Rating	1.0	1.0427633403335733E-4	1.2131014961585119E-4	4.794867573749059E-6
4	1000	Normalized kNN (full)	0.9885564092195713	1.9925674160435028E-4	2.021835826930853E-4	7.991445956248431E-6
4	1000	kNN (full/test)	1.0	3.1507134531630115E-4	2.8305701577031943E-4	1.1188024338747804E-5
4	1000	iMF (test)	1.0	9.319604114869274E-5	1.2131014961585119E-4	4.794867573749059E-6
5	1000	Random	1.0	2.2310264365018596E-5	2.8457598178713718E-5	6.467635949707663E-6
5	1000	iMF (full)	1.0	1.0416181522276681E-4	1.1383039271485487E-4	2.5870543798830654E-5
5	1000	Popularity	1.0	8.494309484255992E-5	5.6915196357427435E-5	1.2935271899415327E-5
5	1000	Normalized kNN (test)	1.0	5.554610153405267E-5	5.6915196357427435E-5	1.2935271899415327E-5
5	1000	Average Rating	1.0	1.1370770386565099E-4	8.537279453614115E-5	1.9402907849122987E-5
5	1000	Normalized kNN (full)	0.9887023335230507	1.8676815839722668E-4	1.99203187250996E-4	4.527345164795364E-5
5	1000	kNN (full/test)	1.0	8.068154135077372E-5	8.537279453614115E-5	1.9402907849122987E-5
5	1000	iMF (test)	1.0	1.2315666169503394E-4	1.422879908935686E-4	3.2338179748538314E-5
1	2000	Random	1.0	0.0	0.0	0.0
1	2000	iMF (full)	1.0	9.586661336240809E-4	7.005253940455342E-4	2.8021015761821365E-4
1	2000	Popularity	1.0	6.942064324019429E-4	5.253940455341506E-4	2.1015761821366024E-4
1	2000	Normalized kNN (test)	1.0	0.0	0.0	0.0
1	2000	Average Rating	1.0	0.0	0.0	0.0
1	2000	Normalized kNN (full)	1.0	4.160832021115379E-4	5.253940455341506E-4	2.1015761821366024E-4
1	2000	kNN (full/test)	1.0	7.777536389023743E-4	5.253940455341506E-4	2.1015761821366024E-4
1	2000	iMF (test)	1.0	4.2489992169002347E-4	5.253940455341506E-4	2.1015761821366024E-4
2	2000	Random	1.0	0.0	0.0	0.0
2	2000	iMF (full)	1.0	1.1718349693970845E-4	8.438818565400845E-5	5.515567689804473E-6
2	2000	Popularity	1.0	3.4537781870084617E-4	4.219409282700422E-4	2.7577838449022366E-5
2	2000	Normalized kNN (test)	1.0	1.1559891164414495E-4	1.687763713080169E-4	1.1031135379608946E-5
2	2000	Average Rating	1.0	0.0	0.0	0.0
2	2000	Normalized kNN (full)	0.9999156118143461	2.0514590150613423E-4	2.5316455696202533E-4	1.654670306941342E-5
2	2000	kNN (full/test)	1.0	3.2763211203965485E-4	2.5316455696202533E-4	1.654670306941342E-5
2	2000	iMF (test)	1.0	4.171791019016442E-4	3.375527426160338E-4	2.2062270759217892E-5
3	2000	Random	1.0	0.0	0.0	0.0
3	2000	iMF (full)	1.0	4.7168965633348435E-5	5.6338028169014086E-5	6.259780907668232E-5
3	2000	Popularity	1.0	0.0	0.0	0.0
3	2000	Normalized kNN (test)	1.0	0.0	0.0	0.0
3	2000	Average Rating	1.0	0.0	0.0	0.0
3	2000	Normalized kNN (full)	0.9996619718309859	6.621001391957336E-5	5.6338028169014086E-5	6.259780907668232E-5
3	2000	kNN (full/test)	1.0	3.827797234833282E-5	5.6338028169014086E-5	6.259780907668232E-5
3	2000	iMF (test)	1.0	0.0	0.0	0.0
4	2000	Random	1.0	6.122011366599678E-5	8.087343307723413E-5	3.1965783824993723E-6
4	2000	iMF (full)	1.0	3.518499750694134E-4	3.2349373230893653E-4	1.2786313529997489E-5
4	2000	Popularity	1.0	1.708754542541797E-4	1.2131014961585119E-4	4.794867573749059E-6
4	2000	Normalized kNN (test)	1.0	5.7427843581733545E-5	8.087343307723413E-5	3.1965783824993723E-6
4	2000	Average Rating	1.0	4.449894183139511E-5	4.0436716538617066E-5	1.5982891912496861E-6
4	2000	Normalized kNN (full)	0.9993934492519208	8.899788366279021E-5	4.0436716538617066E-5	1.5982891912496861E-6
4	2000	kNN (full/test)	1.0	3.1507134531630115E-4	2.8305701577031943E-4	1.1188024338747804E-5
4	2000	iMF (test)	1.0	2.9665961220930076E-5	4.0436716538617066E-5	1.5982891912496861E-6
5	2000	Random	1.0	0.0	0.0	0.0
5	2000	iMF (full)	1.0	8.270479082287703E-5	8.537279453614115E-5	1.9402907849122987E-5
5	2000	Popularity	1.0	8.239128862688032E-5	5.6915196357427435E-5	1.2935271899415327E-5
5	2000	Normalized kNN (test)	1.0	2.422968629528201E-5	2.8457598178713718E-5	6.467635949707663E-6
5	2000	Average Rating	1.0	4.318787452419904E-5	5.6915196357427435E-5	1.2935271899415327E-5
5	2000	Normalized kNN (full)	0.9993454752418895	8.148719116461846E-5	5.6915196357427435E-5	1.2935271899415327E-5
5	2000	kNN (full/test)	1.0	5.9275374448017004E-5	5.6915196357427435E-5	1.2935271899415327E-5
5	2000	iMF (test)	1.0	6.321224471825065E-5	8.537279453614115E-5	1.9402907849122987E-5
1	3706	Random	1.0	0.0	0.0	0.0
1	3706	iMF (full)	1.0	7.5712457490542E-4	5.253940455341506E-4	2.1015761821366024E-4
1	3706	Popularity	1.0	5.070455135461602E-4	3.502626970227671E-4	1.4010507880910682E-4
1	3706	Normalized kNN (test)	1.0	0.0	0.0	0.0
1	3706	Average Rating	1.0	0.0	0.0	0.0
1	3706	Normalized kNN (full)	1.0	1.114199443063953E-4	1.7513134851138354E-4	7.005253940455341E-5
1	3706	kNN (full/test)	1.0	5.643997357652447E-4	5.253940455341506E-4	2.1015761821366024E-4
1	3706	iMF (test)	1.0	1.372999456719358E-4	1.7513134851138354E-4	7.005253940455341E-5
2	3706	Random	1.0	0.0	0.0	0.0
2	3706	iMF (full)	1.0	1.3367860976244936E-4	1.687763713080169E-4	1.1031135379608946E-5
2	3706	Popularity	1.0	1.9781140077915606E-4	2.5316455696202533E-4	1.654670306941342E-5
2	3706	Normalized kNN (test)	1.0	0.0	0.0	0.0
2	3706	Average Rating	1.0	0.0	0.0	0.0
2	3706	Normalized kNN (full)	1.0	7.185073218702192E-5	8.438818565400845E-5	5.515567689804473E-6
2	3706	kNN (full/test)	1.0	2.3925311080727328E-4	2.5316455696202533E-4	1.654670306941342E-5
2	3706	iMF (test)	1.0	7.185073218702192E-5	8.438818565400845E-5	5.515567689804473E-6
3	3706	Random	1.0	0.0	0.0	0.0
3	3706	iMF (full)	1.0	4.7168965633348435E-5	5.6338028169014086E-5	6.259780907668232E-5
3	3706	Popularity	1.0	0.0	0.0	0.0
3	3706	Normalized kNN (test)	1.0	0.0	0.0	0.0
3	3706	Average Rating	1.0	0.0	0.0	0.0
3	3706	Normalized kNN (full)	1.0	6.621001391957336E-5	5.6338028169014086E-5	6.259780907668232E-5
3	3706	kNN (full/test)	1.0	0.0	0.0	0.0
3	3706	iMF (test)	1.0	0.0	0.0	0.0
4	3706	Random	1.0	1.0859398418520871E-4	1.2131014961585119E-4	4.794867573749059E-6
4	3706	iMF (full)	1.0	2.1802952565210136E-4	2.021835826930853E-4	7.991445956248431E-6
4	3706	Popularity	1.0	1.0065035463914056E-4	8.087343307723413E-5	3.1965783824993723E-6
4	3706	Normalized kNN (test)	1.0	0.0	0.0	0.0
4	3706	Average Rating	1.0	2.6791032533113232E-5	4.0436716538617066E-5	1.5982891912496861E-6
4	3706	Normalized kNN (full)	1.0	8.899788366279021E-5	4.0436716538617066E-5	1.5982891912496861E-6
4	3706	kNN (full/test)	1.0	2.789440583718003E-4	2.4262029923170238E-4	9.589735147498118E-6
4	3706	iMF (test)	1.0	0.0	0.0	0.0
5	3706	Random	1.0	0.0	0.0	0.0
5	3706	iMF (full)	1.0	2.422968629528201E-5	2.8457598178713718E-5	6.467635949707663E-6
5	3706	Popularity	1.0	6.263283047754132E-5	2.8457598178713718E-5	6.467635949707663E-6
5	3706	Normalized kNN (test)	1.0	1.9758458149339002E-5	2.8457598178713718E-5	6.467635949707663E-6
5	3706	Average Rating	1.0	1.885436068707713E-5	2.8457598178713718E-5	6.467635949707663E-6
5	3706	Normalized kNN (full)	1.0	3.9516916298678005E-5	2.8457598178713718E-5	6.467635949707663E-6
5	3706	kNN (full/test)	1.0	2.2310264365018596E-5	2.8457598178713718E-5	6.467635949707663E-6
5	3706	iMF (test)	1.0	7.096263629708282E-5	8.537279453614115E-5	1.9402907849122987E-5
