fold	target size	recommender system	Coverage@10	nDCG@10	P@10	Recall@10
1	0	Random	0.725480132450331	0.7091684073578363	0.4430132450331126	0.7049186290496194
1	0	iMF (full)	0.725480132450331	0.8220485855127431	0.509023178807947	0.7494004231500323
1	0	Popularity	0.725480132450331	0.7853761298475386	0.484817880794702	0.734122910789507
1	0	Normalized kNN (test)	0.725480132450331	0.8344433644934027	0.5171192052980133	0.7586445773399743
1	0	Average Rating	0.725480132450331	0.8268316432512031	0.5124834437086093	0.7552820436526748
1	0	Normalized kNN (full)	0.725480132450331	0.8065139893567976	0.5017384105960265	0.7415913753349148
1	0	kNN (full/test)	0.725480132450331	0.8222420537600087	0.5087417218543047	0.7501653398876434
1	0	iMF (test)	0.725480132450331	0.849948950980581	0.5280960264900662	0.7652343323093619
2	0	Random	0.7270033112582782	0.7100688697463587	0.44385761589403977	0.7070449389959751
2	0	iMF (full)	0.7270033112582782	0.8243835067810983	0.5113245033112583	0.7521634762906413
2	0	Popularity	0.7270033112582782	0.7870744625565895	0.48677152317880795	0.7370457941238872
2	0	Normalized kNN (test)	0.7270033112582782	0.8341139485448562	0.518228476821192	0.7601752199609949
2	0	Average Rating	0.7270033112582782	0.8300509359926862	0.5162582781456954	0.7584777402194265
2	0	Normalized kNN (full)	0.7270033112582782	0.8084997938977456	0.5027980132450331	0.7439965605019222
2	0	kNN (full/test)	0.7270033112582782	0.8228918299530624	0.5099668874172185	0.7521422086406186
2	0	iMF (test)	0.7270033112582782	0.846105578430063	0.5261092715231788	0.7649690600686142
3	0	Random	0.7277649006622516	0.7132723760912283	0.4450662251655629	0.7060120435889145
3	0	iMF (full)	0.7277649006622516	0.8247753489945806	0.5150165562913906	0.7524925545444511
3	0	Popularity	0.7277649006622516	0.7868766390996619	0.48842715231788075	0.7354651693923719
3	0	Normalized kNN (test)	0.7277649006622516	0.8356386019758717	0.5216225165562913	0.7601300287027513
3	0	Average Rating	0.7277649006622516	0.8305933343239862	0.5188907284768212	0.7582091896517665
3	0	Normalized kNN (full)	0.7277649006622516	0.8068029015301736	0.5068046357615894	0.7446592568196683
3	0	kNN (full/test)	0.7277649006622516	0.8234893336906933	0.5132450331125827	0.7520308961487996
3	0	iMF (test)	0.7277649006622516	0.8493370442365702	0.5320529801324503	0.7664311762594618
4	0	Random	0.7252649006622517	0.7154908615078996	0.44541390728476826	0.7077784526795783
4	0	iMF (full)	0.7252649006622517	0.8247071343484504	0.5122516556291391	0.7509239562525829
4	0	Popularity	0.7252649006622517	0.7878045815563313	0.48776490066225164	0.7358206078754091
4	0	Normalized kNN (test)	0.7252649006622517	0.8370342635802233	0.5196688741721854	0.7585784709133417
4	0	Average Rating	0.7252649006622517	0.8308034085363587	0.5164735099337748	0.7564417398893754
4	0	Normalized kNN (full)	0.7252649006622517	0.8081116041206057	0.5053145695364238	0.7443716618088138
4	0	kNN (full/test)	0.7252649006622517	0.8225554483709729	0.5105629139072848	0.7508718040788641
4	0	iMF (test)	0.7252649006622517	0.849659547468203	0.5290066225165563	0.7649786815961068
5	0	Random	0.7290894039735099	0.7172225566485938	0.44403973509933775	0.7133606101566878
5	0	iMF (full)	0.7290894039735099	0.8295805882711212	0.5116059602649007	0.7588622810027962
5	0	Popularity	0.7290894039735099	0.7913749315593408	0.4863245033112583	0.7421416414092582
5	0	Normalized kNN (test)	0.7290894039735099	0.8429033371273328	0.5198344370860928	0.7670820561235234
5	0	Average Rating	0.7290894039735099	0.8362292914946885	0.5169039735099338	0.7646826777677854
5	0	Normalized kNN (full)	0.7290894039735099	0.8116766217229697	0.5039735099337749	0.7501866677777117
5	0	kNN (full/test)	0.7290894039735099	0.8287444813923224	0.5115562913907286	0.7596636690164079
5	0	iMF (test)	0.7290894039735099	0.8555715083409401	0.5284437086092716	0.7721240830422014
1	1	Random	0.7749503311258278	0.6655312774189246	0.4309933774834437	0.6917996063326393
1	1	iMF (full)	0.7749503311258278	0.8177269781231954	0.5086754966887418	0.7487040742927796
1	1	Popularity	0.7749503311258278	0.7750898393896476	0.48153973509933773	0.7305200276159423
1	1	Normalized kNN (test)	0.7749503311258278	0.8176640390877513	0.5116390728476822	0.7532801745491225
1	1	Average Rating	0.7749503311258278	0.8023496586392266	0.5048841059602649	0.7477177515399855
1	1	Normalized kNN (full)	0.7749503311258278	0.7896807361796296	0.4971357615894039	0.735761016341794
1	1	kNN (full/test)	0.7749503311258278	0.8184633211055174	0.5072682119205298	0.7484679162652271
1	1	iMF (test)	0.7749503311258278	0.8430250931135252	0.5251490066225166	0.7621342139756301
2	1	Random	0.7762251655629139	0.6652214670801052	0.42822847682119203	0.6909868803239224
2	1	iMF (full)	0.7762251655629139	0.819029911349621	0.509453642384106	0.7502901194053675
2	1	Popularity	0.7762251655629139	0.7779969138695273	0.4836092715231788	0.7335227015116865
2	1	Normalized kNN (test)	0.7762251655629139	0.817177897005403	0.5125	0.7546950366891063
2	1	Average Rating	0.7762251655629139	0.8060950222596129	0.5092549668874172	0.7516954633435043
2	1	Normalized kNN (full)	0.7762251655629139	0.7898419079324023	0.4978311258278146	0.7381870433763394
2	1	kNN (full/test)	0.7762251655629139	0.8185988268711332	0.5085099337748344	0.7503904831016881
2	1	iMF (test)	0.7762251655629139	0.8404837195650479	0.5246026490066225	0.7630701205288504
3	1	Random	0.7773675496688742	0.6679112318079727	0.4337748344370861	0.6940748453566487
3	1	iMF (full)	0.7773675496688742	0.8208103621453976	0.5134602649006623	0.7506537096227979
3	1	Popularity	0.7773675496688742	0.7775290128546638	0.48538079470198675	0.7320690712916712
3	1	Normalized kNN (test)	0.7773675496688742	0.8178381736156608	0.5153642384105961	0.75419448009666
3	1	Average Rating	0.7773675496688742	0.8058921757380477	0.510976821192053	0.7508722835286636
3	1	Normalized kNN (full)	0.7773675496688742	0.7889587441691955	0.5017715231788079	0.7384041318961904
3	1	kNN (full/test)	0.7773675496688742	0.8194242633871992	0.5117715231788079	0.7504084388015798
3	1	iMF (test)	0.7773675496688742	0.8427729923041549	0.5292384105960265	0.7639125216738987
4	1	Random	0.7748178807947019	0.6685111648830865	0.4322019867549669	0.6927897609815098
4	1	iMF (full)	0.7748178807947019	0.8196871448216776	0.5105298013245033	0.7494494461680508
4	1	Popularity	0.7748178807947019	0.7780341308247961	0.4849006622516557	0.7327137362842677
4	1	Normalized kNN (test)	0.7748178807947019	0.8200847184455091	0.5137417218543047	0.7530382790620949
4	1	Average Rating	0.7748178807947019	0.8068660258107645	0.508841059602649	0.7493532480891332
4	1	Normalized kNN (full)	0.7748178807947019	0.7905170846762829	0.49988410596026495	0.7378346852700336
4	1	kNN (full/test)	0.7748178807947019	0.8179178943046774	0.5089403973509934	0.7491084465748271
4	1	iMF (test)	0.7748178807947019	0.8417846505336409	0.5255794701986755	0.7612966379886746
5	1	Random	0.7783112582781457	0.6707397627058775	0.43192052980132456	0.6990364248167955
5	1	iMF (full)	0.7783112582781457	0.8257058190307696	0.5095198675496688	0.7563988748105476
5	1	Popularity	0.7783112582781457	0.7824445957562435	0.4831953642384106	0.7386400491737659
5	1	Normalized kNN (test)	0.7783112582781457	0.8254814277201945	0.5139238410596026	0.7610771564156451
5	1	Average Rating	0.7783112582781457	0.8117855683728221	0.5093708609271523	0.7570840584349559
5	1	Normalized kNN (full)	0.7783112582781457	0.7934647561784097	0.4986258278145695	0.7436760634428587
5	1	kNN (full/test)	0.7783112582781457	0.8243906119511838	0.5097847682119205	0.7575929685804847
5	1	iMF (test)	0.7783112582781457	0.8507723565820755	0.5264403973509933	0.7703105771437473
1	2	Random	0.8217880794701987	0.6256317064137524	0.41461920529801327	0.6753661639855174
1	2	iMF (full)	0.8217880794701987	0.814361182693812	0.506953642384106	0.7463900888206543
1	2	Popularity	0.8217880794701987	0.7673754453336672	0.47865894039735096	0.7267854092805992
1	2	Normalized kNN (test)	0.8217880794701987	0.8026990913268021	0.5057119205298013	0.7472872944556205
1	2	Average Rating	0.8217880794701987	0.7834102014437775	0.4973344370860927	0.74001663156115
1	2	Normalized kNN (full)	0.8217880794701987	0.7756033204063061	0.49183774834437083	0.7286242940281598
1	2	kNN (full/test)	0.8217880794701987	0.8140311371580867	0.5054801324503311	0.7461332531733139
1	2	iMF (test)	0.8217880794701987	0.8359051635132129	0.5228476821192053	0.7596144555500229
2	2	Random	0.8221357615894039	0.6245937278123094	0.4164072847682119	0.6756523914758061
2	2	iMF (full)	0.8221357615894039	0.8164567868166285	0.5084602649006622	0.748472504145178
2	2	Popularity	0.8221357615894039	0.7695092231677609	0.48091059602649006	0.7302083201322965
2	2	Normalized kNN (test)	0.8221357615894039	0.8027746402058915	0.5070198675496689	0.74933345264013
2	2	Average Rating	0.8221357615894039	0.7861684685964719	0.5019701986754967	0.74450336597621
2	2	Normalized kNN (full)	0.8221357615894039	0.7764249335309602	0.4933609271523179	0.7318039445369874
2	2	kNN (full/test)	0.8221357615894039	0.8144656119252971	0.5065894039735099	0.7479825234275357
2	2	iMF (test)	0.8221357615894039	0.8345252212465383	0.5222682119205299	0.7609355627558654
3	2	Random	0.8235264900662252	0.628158343117207	0.41908940397350997	0.6774412212852795
3	2	iMF (full)	0.8235264900662252	0.8177417828024607	0.5128476821192053	0.749496027575583
3	2	Popularity	0.8235264900662252	0.7688586939902469	0.4822185430463576	0.7280979761471128
3	2	Normalized kNN (test)	0.8235264900662252	0.8020004574194975	0.510430463576159	0.7492713053950978
3	2	Average Rating	0.8235264900662252	0.7866690205305759	0.5046854304635762	0.7445136321997874
3	2	Normalized kNN (full)	0.8235264900662252	0.7749056269557215	0.4966390728476821	0.7315325079285259
3	2	kNN (full/test)	0.8235264900662252	0.8156741862230226	0.5102152317880795	0.7485365400718201
3	2	iMF (test)	0.8235264900662252	0.8384840515571236	0.5272682119205298	0.7616850431356261
4	2	Random	0.8212251655629139	0.6281670383542383	0.41649006622516554	0.6763032876555956
4	2	iMF (full)	0.8212251655629139	0.8168393195193024	0.5097847682119205	0.747901673299518
4	2	Popularity	0.8212251655629139	0.7691491897029816	0.4820529801324503	0.7289065484922391
4	2	Normalized kNN (test)	0.8212251655629139	0.8043048328957519	0.5091059602649006	0.7480503717414552
4	2	Average Rating	0.8212251655629139	0.7857795637891144	0.5021523178807947	0.7424104725729649
4	2	Normalized kNN (full)	0.8212251655629139	0.7772284119887961	0.49521523178807947	0.7315737783923453
4	2	kNN (full/test)	0.8212251655629139	0.8144566929952586	0.5076986754966888	0.7472934076282013
4	2	iMF (test)	0.8212251655629139	0.8383300037774386	0.5252814569536424	0.7610912115796774
5	2	Random	0.823841059602649	0.6264210107842699	0.4152980132450331	0.6809517652383025
5	2	iMF (full)	0.823841059602649	0.8210066776585228	0.5087251655629139	0.7554304812195637
5	2	Popularity	0.823841059602649	0.7734367056024094	0.4802649006622517	0.7353580687609559
5	2	Normalized kNN (test)	0.823841059602649	0.8093295207706578	0.508228476821192	0.7552171441020136
5	2	Average Rating	0.823841059602649	0.7901651785739986	0.5017880794701987	0.7491898745309522
5	2	Normalized kNN (full)	0.823841059602649	0.7800924478130916	0.4931622516556291	0.7362960215998656
5	2	kNN (full/test)	0.823841059602649	0.8205855662370153	0.5081953642384106	0.755873922497057
5	2	iMF (test)	0.823841059602649	0.8453339364421036	0.5246523178807947	0.7684698667174772
1	5	Random	0.9337748344370861	0.5348262606672837	0.37195364238410594	0.6179978589142603
1	5	iMF (full)	0.9337748344370861	0.8041243241356562	0.5032615894039735	0.7409041585483823
1	5	Popularity	0.9337748344370861	0.7442535727135418	0.46981788079470194	0.7160929819795129
1	5	Normalized kNN (test)	0.9337748344370861	0.7609954422376064	0.489453642384106	0.7292568517641989
1	5	Average Rating	0.9337748344370861	0.7291105482888373	0.4763576158940397	0.7166953912862687
1	5	Normalized kNN (full)	0.9337748344370861	0.740533103676586	0.47455298013245034	0.7011169138299108
1	5	kNN (full/test)	0.9337748344370861	0.8037401997340011	0.5006456953642384	0.7397941366379607
1	5	iMF (test)	0.9337748344370861	0.8214230806224149	0.5177649006622517	0.7538144473453108
2	5	Random	0.9349337748344371	0.5346514995790075	0.3706953642384106	0.6162509329564889
2	5	iMF (full)	0.9349337748344371	0.8082059947636455	0.5046026490066226	0.7430290217564298
2	5	Popularity	0.9349337748344371	0.7466877994067961	0.4715397350993377	0.7180377562080187
2	5	Normalized kNN (test)	0.9349337748344371	0.7607903413160344	0.49043046357615894	0.7310896695451351
2	5	Average Rating	0.9349337748344371	0.7316073967328626	0.4793377483443708	0.7185869062157708
2	5	Normalized kNN (full)	0.9349337748344371	0.7427715582752344	0.4773344370860927	0.7067740908672823
2	5	kNN (full/test)	0.9349337748344371	0.803530788620649	0.5014900662251656	0.7412504307887829
2	5	iMF (test)	0.9349337748344371	0.8170600502689264	0.5157781456953643	0.753815476307811
3	5	Random	0.9344867549668875	0.5308372541674871	0.3737748344370861	0.6173812409315507
3	5	iMF (full)	0.9344867549668875	0.8074420433995291	0.5085596026490066	0.7433344762139292
3	5	Popularity	0.9344867549668875	0.747230624438575	0.47271523178807945	0.7161348526874396
3	5	Normalized kNN (test)	0.9344867549668875	0.7608969125248284	0.4933112582781457	0.7304466203434862
3	5	Average Rating	0.9344867549668875	0.7301918725454076	0.48172185430463577	0.718934397101237
3	5	Normalized kNN (full)	0.9344867549668875	0.7414085464732054	0.4804801324503311	0.7048447860379708
3	5	kNN (full/test)	0.9344867549668875	0.8051882581598954	0.5057781456953643	0.7428386600276438
3	5	iMF (test)	0.9344867549668875	0.8213987572219538	0.5205463576158941	0.7544941466066784
4	5	Random	0.933228476821192	0.5340670032372512	0.374023178807947	0.6200932652425618
4	5	iMF (full)	0.933228476821192	0.8070805536134145	0.5061920529801325	0.7420651063274271
4	5	Popularity	0.933228476821192	0.7471499333692082	0.4719536423841059	0.7162884826935493
4	5	Normalized kNN (test)	0.933228476821192	0.7627933437050956	0.4906456953642384	0.7270652005112666
4	5	Average Rating	0.933228476821192	0.7330478151533896	0.4790894039735099	0.7162983767589639
4	5	Normalized kNN (full)	0.933228476821192	0.7414730671963917	0.47824503311258276	0.7047314865437808
4	5	kNN (full/test)	0.933228476821192	0.8026783044608282	0.5024503311258278	0.7408746307511139
4	5	iMF (test)	0.933228476821192	0.8194448389223649	0.5169039735099338	0.7524086014865632
5	5	Random	0.9344701986754966	0.536053373135858	0.3722682119205298	0.6211703081433836
5	5	iMF (full)	0.9344701986754966	0.812187950776996	0.5041887417218543	0.7492578508295176
5	5	Popularity	0.9344701986754966	0.7523431423624752	0.4709271523178808	0.7227570106481634
5	5	Normalized kNN (test)	0.9344701986754966	0.7704793803382669	0.4923841059602649	0.7372232161896742
5	5	Average Rating	0.9344701986754966	0.7355792164348477	0.48062913907284766	0.7250139592076167
5	5	Normalized kNN (full)	0.9344701986754966	0.7468590686976255	0.47670529801324507	0.7104267597723359
5	5	kNN (full/test)	0.9344701986754966	0.8101145859567513	0.5035264900662252	0.749582107306827
5	5	iMF (test)	0.9344701986754966	0.8280300964581064	0.5185430463576159	0.7613729457471183
1	10	Random	0.9999006622516555	0.4112329979425595	0.29748344370860924	0.4730751666354273
1	10	iMF (full)	0.9999006622516555	0.7900330538612919	0.4957615894039735	0.7247156843427631
1	10	Popularity	0.9999006622516555	0.711310764578499	0.4538245033112583	0.6917305414570112
1	10	Normalized kNN (test)	0.9999006622516555	0.7046312080547378	0.461705298013245	0.6912223390992039
1	10	Average Rating	0.9999006622516555	0.6535599151008612	0.43764900662251655	0.6602777183135574
1	10	Normalized kNN (full)	0.9999006622516555	0.694705622053783	0.44723509933774835	0.6358707716353859
1	10	kNN (full/test)	0.9999006622516555	0.787395340427295	0.4921688741721854	0.7269299296844103
1	10	iMF (test)	0.9999006622516555	0.7961752790725983	0.505976821192053	0.7382751153914672
2	10	Random	0.9998675496688741	0.4134815985279607	0.3007284768211921	0.47829299603382697
2	10	iMF (full)	0.9998675496688741	0.791789656172963	0.49695364238410594	0.726061834705038
2	10	Popularity	0.9998675496688741	0.7117484894871782	0.4545198675496689	0.692157715354065
2	10	Normalized kNN (test)	0.9998675496688741	0.7056712367472627	0.4628807947019868	0.6925481258022104
2	10	Average Rating	0.9998675496688741	0.6594188161273443	0.44240066225165564	0.6650161603089585
2	10	Normalized kNN (full)	0.9998675496688741	0.6962354516751037	0.4481622516556292	0.6385524334200301
2	10	kNN (full/test)	0.9998675496688741	0.7868865462461325	0.49312913907284767	0.7277009944860374
2	10	iMF (test)	0.9998675496688741	0.7941471892429445	0.504751655629139	0.7392314440933518
3	10	Random	0.9998675496688741	0.4162567749341947	0.3024503311258278	0.4804908902759479
3	10	iMF (full)	0.9998675496688741	0.7924622642929967	0.5009271523178808	0.7246290861932368
3	10	Popularity	0.9998675496688741	0.7133168368802485	0.45688741721854303	0.6910132819744419
3	10	Normalized kNN (test)	0.9998675496688741	0.7044081219607309	0.46476821192052975	0.6914029180292308
3	10	Average Rating	0.9998675496688741	0.6574550628768151	0.4430132450331126	0.6637160680792197
3	10	Normalized kNN (full)	0.9998675496688741	0.6959762586603904	0.45170529801324505	0.6384306417452846
3	10	kNN (full/test)	0.9998675496688741	0.788326754908837	0.4970529801324503	0.728688237511673
3	10	iMF (test)	0.9998675496688741	0.7962923961433783	0.5092880794701986	0.7396523295172382
4	10	Random	0.9999337748344371	0.4143743577127951	0.2997516556291391	0.4747387367965737
4	10	iMF (full)	0.9999337748344371	0.791444088983439	0.49751655629139074	0.7241240327647073
4	10	Popularity	0.9999337748344371	0.7145435464642889	0.4566887417218543	0.6918564435931359
4	10	Normalized kNN (test)	0.9999337748344371	0.707325144410352	0.46369205298013244	0.6917161742687972
4	10	Average Rating	0.9999337748344371	0.6581442936152717	0.44183774834437084	0.6633862238022851
4	10	Normalized kNN (full)	0.9999337748344371	0.6970285547696834	0.45183774834437085	0.6396712196976803
4	10	kNN (full/test)	0.9999337748344371	0.7885946892845728	0.4949668874172185	0.7290469549741946
4	10	iMF (test)	0.9999337748344371	0.797207266523177	0.507135761589404	0.7395110540752748
5	10	Random	0.9999503311258278	0.41289914182410403	0.2988079470198675	0.4791943024174347
5	10	iMF (full)	0.9999503311258278	0.7991542931620818	0.4982615894039735	0.7341163707773994
5	10	Popularity	0.9999503311258278	0.7165350178584543	0.45491721854304634	0.6989242976241634
5	10	Normalized kNN (test)	0.9999503311258278	0.7111284242190895	0.46339403973509935	0.698268246897129
5	10	Average Rating	0.9999503311258278	0.6591166929095568	0.441887417218543	0.6680346840906723
5	10	Normalized kNN (full)	0.9999503311258278	0.6963790937679345	0.4482947019867549	0.6417005956774282
5	10	kNN (full/test)	0.9999503311258278	0.7923123183636815	0.49516556291390734	0.7355546547240621
5	10	iMF (test)	0.9999503311258278	0.8023922548940317	0.5070529801324504	0.7460455613460462
1	20	Random	1.0	0.2857898014678783	0.21687086092715233	0.30560071188333043
1	20	iMF (full)	1.0	0.7708950090492269	0.4852317880794702	0.7072958241248153
1	20	Popularity	1.0	0.6570745062014077	0.4245860927152318	0.6383887772725769
1	20	Normalized kNN (test)	1.0	0.6166682381058675	0.4115728476821192	0.607916719289982
1	20	Average Rating	1.0	0.5448489432757805	0.3766225165562914	0.552227317058925
1	20	Normalized kNN (full)	1.0	0.6446403519876446	0.41706953642384104	0.5582515965341325
1	20	kNN (full/test)	1.0	0.7606306666931332	0.4779635761589404	0.7024369222111004
1	20	iMF (test)	1.0	0.7560529772098181	0.48508278145695366	0.709476318451786
2	20	Random	1.0	0.2820798822317855	0.21597682119205297	0.3044160095761605
2	20	iMF (full)	1.0	0.7737441610452805	0.48730132450331126	0.7075043188832494
2	20	Popularity	1.0	0.6587649368818878	0.4273675496688742	0.6410890150360152
2	20	Normalized kNN (test)	1.0	0.6189098993945354	0.4142549668874172	0.6091325929690034
2	20	Average Rating	1.0	0.5515479930981646	0.3810761589403973	0.5553679015921917
2	20	Normalized kNN (full)	1.0	0.6504073188467692	0.4211423841059602	0.5687629658696813
2	20	kNN (full/test)	1.0	0.7607470680723945	0.479453642384106	0.7047333236043247
2	20	iMF (test)	1.0	0.7526747020260518	0.484205298013245	0.7093392137581936
3	20	Random	1.0	0.28614972109461473	0.2184271523178808	0.3038017072277639
3	20	iMF (full)	1.0	0.7738602651478369	0.4918046357615894	0.7075887279166542
3	20	Popularity	1.0	0.6606292191785992	0.428658940397351	0.6373272891163526
3	20	Normalized kNN (test)	1.0	0.6182992034181004	0.41534768211920525	0.6065193962133943
3	20	Average Rating	1.0	0.5508327324704236	0.3815728476821192	0.552487707630386
3	20	Normalized kNN (full)	1.0	0.6454228415835435	0.4222350993377484	0.5593683007657392
3	20	kNN (full/test)	1.0	0.7624104712494815	0.4830960264900662	0.7040103469208833
3	20	iMF (test)	1.0	0.7551829305136979	0.4883774834437086	0.7094608011674737
4	20	Random	1.0	0.28232028052244	0.21635761589403973	0.3051040964849595
4	20	iMF (full)	1.0	0.7729033368076574	0.4880960264900662	0.7049397239645425
4	20	Popularity	1.0	0.6614769566614411	0.42850993377483443	0.6394383197017433
4	20	Normalized kNN (test)	1.0	0.6186537337769981	0.41374172185430463	0.6089430972319486
4	20	Average Rating	1.0	0.5512667752559258	0.3809933774834437	0.5559659779325786
4	20	Normalized kNN (full)	1.0	0.6440613189577256	0.42104304635761586	0.5569434817219716
4	20	kNN (full/test)	1.0	0.7622087292845833	0.4805794701986755	0.7058330471292185
4	20	iMF (test)	1.0	0.7546321173706959	0.48607615894039735	0.7088383279520645
5	20	Random	1.0	0.28428766800020194	0.2179470198675497	0.30773106758488916
5	20	iMF (full)	1.0	0.7773094221904607	0.4880298013245033	0.715095153315147
5	20	Popularity	1.0	0.6637071619482969	0.4274172185430463	0.6457394912353057
5	20	Normalized kNN (test)	1.0	0.6227264171319855	0.4154801324503311	0.617282833292955
5	20	Average Rating	1.0	0.5509126749015886	0.3804966887417218	0.5603303083269376
5	20	Normalized kNN (full)	1.0	0.6494664688259709	0.4195198675496689	0.5656565309954189
5	20	kNN (full/test)	1.0	0.7663491405228524	0.4805132450331126	0.7110251510612635
5	20	iMF (test)	1.0	0.759645715810001	0.48589403973509937	0.7157782813936217
1	50	Random	1.0	0.15699444377063235	0.12463576158940398	0.15333036347870097
1	50	iMF (full)	1.0	0.7312629953803501	0.46369205298013244	0.6698717248887628
1	50	Popularity	1.0	0.5636461665937336	0.37137417218543045	0.5341022377920444
1	50	Normalized kNN (test)	1.0	0.473139314074734	0.32572847682119205	0.4547045058509845
1	50	Average Rating	1.0	0.3862657905823512	0.279023178807947	0.3825824494121641
1	50	Normalized kNN (full)	1.0	0.5898459584593508	0.38334437086092715	0.49687293576318586
1	50	kNN (full/test)	1.0	0.7098915141931802	0.44875827814569536	0.6537548546987032
1	50	iMF (test)	1.0	0.663130523374982	0.4363576158940397	0.6345245117082235
2	50	Random	1.0	0.15713652443183887	0.12337748344370862	0.15267771221941734
2	50	iMF (full)	1.0	0.731522571950756	0.46476821192052975	0.6699214142390006
2	50	Popularity	1.0	0.5611840710399852	0.3727980132450331	0.5364510047026672
2	50	Normalized kNN (test)	1.0	0.4734921927917147	0.3248841059602649	0.45399837976970975
2	50	Average Rating	1.0	0.3914126326150321	0.27889072847682117	0.38303441863929116
2	50	Normalized kNN (full)	1.0	0.5888931089311327	0.382864238410596	0.49847370632456933
2	50	kNN (full/test)	1.0	0.7064548399168177	0.44900662251655626	0.6523541809395283
2	50	iMF (test)	1.0	0.6635915899419913	0.43607615894039736	0.637201683399242
3	50	Random	1.0	0.15612879305499497	0.12548013245033113	0.1513468604938958
3	50	iMF (full)	1.0	0.7321370124080995	0.46725165562913906	0.667598829269204
3	50	Popularity	1.0	0.5669505196238941	0.3750827814569536	0.537524813947103
3	50	Normalized kNN (test)	1.0	0.4715331609029139	0.326341059602649	0.4493509203090522
3	50	Average Rating	1.0	0.39111200197854185	0.2813741721854305	0.3818376252871847
3	50	Normalized kNN (full)	1.0	0.5853558251545458	0.38463576158940394	0.49397616889446405
3	50	kNN (full/test)	1.0	0.7071746047735501	0.450182119205298	0.6507118647770872
3	50	iMF (test)	1.0	0.6644783467047402	0.43971854304635766	0.6347315041982338
4	50	Random	1.0	0.15681160680461373	0.12668874172185432	0.15357079123817166
4	50	iMF (full)	1.0	0.7333078236949042	0.4669370860927153	0.6683877158905005
4	50	Popularity	1.0	0.5683440797624589	0.37504966887417224	0.5353026726511233
4	50	Normalized kNN (test)	1.0	0.47585183099120787	0.32786423841059603	0.45188567429767096
4	50	Average Rating	1.0	0.38731378062104455	0.2796523178807947	0.38027299430464245
4	50	Normalized kNN (full)	1.0	0.5880749681252494	0.38528145695364235	0.494369788733204
4	50	kNN (full/test)	1.0	0.7075778799440431	0.4500165562913907	0.6526340384775742
4	50	iMF (test)	1.0	0.6618949758193061	0.4363576158940397	0.6322465892296784
5	50	Random	1.0	0.15465868438068237	0.12486754966887419	0.1510541555754747
5	50	iMF (full)	1.0	0.7374806826539926	0.46533112582781455	0.6782117017029737
5	50	Popularity	1.0	0.568828849339169	0.3730794701986755	0.5448827055814995
5	50	Normalized kNN (test)	1.0	0.4788085251806659	0.32740066225165565	0.46078621117623364
5	50	Average Rating	1.0	0.3902536320157945	0.281705298013245	0.38740314577843876
5	50	Normalized kNN (full)	1.0	0.5923098467136353	0.3835264900662252	0.5009648055304361
5	50	kNN (full/test)	1.0	0.7112235792940338	0.4481622516556292	0.6573693122084223
5	50	iMF (test)	1.0	0.6668956122500763	0.4354635761589404	0.6407896828094103
1	100	Random	1.0	0.09379957955051577	0.07728476821192053	0.08670284023470458
1	100	iMF (full)	1.0	0.6849275304959846	0.43937086092715233	0.6281437027905538
1	100	Popularity	1.0	0.4803632091927172	0.32130794701986753	0.44266589639096104
1	100	Normalized kNN (test)	1.0	0.3638893602948661	0.2557615894039735	0.34007577400160127
1	100	Average Rating	1.0	0.2777574245825091	0.20617549668874172	0.2676126366243627
1	100	Normalized kNN (full)	1.0	0.5370509313720101	0.34991721854304636	0.45601869381326504
1	100	kNN (full/test)	1.0	0.6506059424294434	0.414023178807947	0.5961166555234585
1	100	iMF (test)	1.0	0.5696789642691678	0.3821688741721855	0.5509491812200366
2	100	Random	1.0	0.09456366080095203	0.07769867549668874	0.08749188551071091
2	100	iMF (full)	1.0	0.6840922118588173	0.4382615894039735	0.6275740836616597
2	100	Popularity	1.0	0.4785914333721023	0.32235099337748346	0.4413121642131681
2	100	Normalized kNN (test)	1.0	0.3658516780635468	0.25665562913907286	0.3410312376953788
2	100	Average Rating	1.0	0.2809743184932172	0.2077980132450331	0.2697633070430095
2	100	Normalized kNN (full)	1.0	0.5394191003320156	0.35107615894039734	0.4584787322803389
2	100	kNN (full/test)	1.0	0.6482533650856738	0.4134933774834437	0.5934375409419932
2	100	iMF (test)	1.0	0.567578003987412	0.38096026490066226	0.549368569710637
3	100	Random	1.0	0.09368345970945767	0.0775	0.08585650285104925
3	100	iMF (full)	1.0	0.6855453367932477	0.44165562913907286	0.6230300059317567
3	100	Popularity	1.0	0.4841969133280403	0.3254470198675497	0.4474727618385449
3	100	Normalized kNN (test)	1.0	0.36299421354573436	0.2560264900662252	0.33572873808345416
3	100	Average Rating	1.0	0.2831982222078781	0.2105298013245033	0.2708946397279665
3	100	Normalized kNN (full)	1.0	0.5351428282844974	0.35188741721854305	0.45338369320343214
3	100	kNN (full/test)	1.0	0.6506758572513712	0.41657284768211916	0.5940962191590553
3	100	iMF (test)	1.0	0.5713164639004139	0.38544701986754965	0.551186147805762
4	100	Random	1.0	0.09342413271844305	0.07736754966887417	0.08625011324333984
4	100	iMF (full)	1.0	0.686644278143641	0.4398013245033113	0.6258590256557682
4	100	Popularity	1.0	0.48393123274847566	0.3253973509933775	0.44625725612947276
4	100	Normalized kNN (test)	1.0	0.36609309287792896	0.2570860927152318	0.3370034776021134
4	100	Average Rating	1.0	0.27613211188611775	0.2063907284768212	0.26451858499510755
4	100	Normalized kNN (full)	1.0	0.5377525416238839	0.3543708609271523	0.45529448507981174
4	100	kNN (full/test)	1.0	0.6490294388033975	0.4158774834437086	0.5963791318200645
4	100	iMF (test)	1.0	0.571011820312642	0.3835430463576159	0.5483756451543811
5	100	Random	1.0	0.09425347750900656	0.07759933774834436	0.0860256794865881
5	100	iMF (full)	1.0	0.6912813711156419	0.4386920529801324	0.6354204271253142
5	100	Popularity	1.0	0.4856449210562523	0.3228807947019868	0.44991607628516295
5	100	Normalized kNN (test)	1.0	0.3682084478212077	0.25736754966887415	0.3462842382022973
5	100	Average Rating	1.0	0.277241619799701	0.20715231788079472	0.2732876146038721
5	100	Normalized kNN (full)	1.0	0.5383974514938688	0.3495860927152318	0.46064981624827306
5	100	kNN (full/test)	1.0	0.6534189071780805	0.4137086092715232	0.6016072717352413
5	100	iMF (test)	1.0	0.5692186092002973	0.37960264900662255	0.553442970454617
1	200	Random	1.0	0.052058484842561446	0.04375827814569536	0.04488218517147877
1	200	iMF (full)	1.0	0.6260271040568098	0.4037417218543046	0.5697459914959985
1	200	Popularity	1.0	0.3947547211984161	0.26980132450331124	0.35607149947053
1	200	Normalized kNN (test)	1.0	0.2663500379903118	0.19215231788079468	0.24534958662913775
1	200	Average Rating	1.0	0.1849917952768653	0.14018211920529802	0.17622066768495726
1	200	Normalized kNN (full)	1.0	0.47030956731474455	0.3072185430463576	0.4130245505889403
1	200	kNN (full/test)	1.0	0.5786194847413691	0.37049668874172187	0.5258003125553695
1	200	iMF (test)	1.0	0.4610290683375951	0.3144205298013245	0.4471536083129881
2	200	Random	1.0	0.05174166232324533	0.04321192052980132	0.04466514353630433
2	200	iMF (full)	1.0	0.6246848533959137	0.4031456953642384	0.5698254800043858
2	200	Popularity	1.0	0.39238973623948753	0.26933774834437085	0.3533283110458499
2	200	Normalized kNN (test)	1.0	0.2654652365312926	0.1912748344370861	0.24486277718979235
2	200	Average Rating	1.0	0.18663908362121298	0.14001655629139073	0.17791810310298678
2	200	Normalized kNN (full)	1.0	0.47076681355466704	0.3079139072847682	0.4152668689374783
2	200	kNN (full/test)	1.0	0.5773795675594463	0.3702980132450331	0.5255912800894728
2	200	iMF (test)	1.0	0.4551581256414717	0.31288079470198676	0.44220966879416995
3	200	Random	1.0	0.053185069165726954	0.044403973509933775	0.04528838039865723
3	200	iMF (full)	1.0	0.6279234740072629	0.40716887417218545	0.5693969637484193
3	200	Popularity	1.0	0.3976328646008791	0.2712913907284768	0.35730845983161913
3	200	Normalized kNN (test)	1.0	0.2665861571763826	0.19203642384105962	0.2453756158507251
3	200	Average Rating	1.0	0.1886112375126597	0.14501655629139074	0.18505955980388344
3	200	Normalized kNN (full)	1.0	0.4648770907996485	0.3073841059602649	0.41011383181582667
3	200	kNN (full/test)	1.0	0.5782161634874567	0.3726158940397351	0.5234613901708438
3	200	iMF (test)	1.0	0.4597364620658235	0.3168046357615894	0.4426877616723313
4	200	Random	1.0	0.05108971774635342	0.042599337748344374	0.04572762206484342
4	200	iMF (full)	1.0	0.6259681808307436	0.4046854304635762	0.5687969178349532
4	200	Popularity	1.0	0.3971387710865938	0.2712417218543046	0.3557025976149579
4	200	Normalized kNN (test)	1.0	0.26756894863482256	0.19177152317880794	0.24392544429457877
4	200	Average Rating	1.0	0.18410636522873822	0.1412748344370861	0.178184691001236
4	200	Normalized kNN (full)	1.0	0.46786023268065025	0.30776490066225165	0.41048446250164117
4	200	kNN (full/test)	1.0	0.5763252239688951	0.37057947019867554	0.523544833595918
4	200	iMF (test)	1.0	0.45738764850959307	0.3142549668874172	0.4401341398843882
5	200	Random	1.0	0.051815698535923854	0.04326158940397351	0.045505479031652585
5	200	iMF (full)	1.0	0.6294391338618442	0.4023509933774834	0.57692307598034
5	200	Popularity	1.0	0.3979661331704959	0.27018211920529805	0.35799449517724163
5	200	Normalized kNN (test)	1.0	0.27038171077400125	0.19347682119205298	0.25002188991401564
5	200	Average Rating	1.0	0.18466263013686238	0.14066225165562915	0.1819650716045155
5	200	Normalized kNN (full)	1.0	0.47044622851000795	0.30668874172185434	0.4155717535332829
5	200	kNN (full/test)	1.0	0.5799813553903205	0.36966887417218547	0.531320385995099
5	200	iMF (test)	1.0	0.46105325638714684	0.3138907284768212	0.447656817189492
1	500	Random	1.0	0.022804681744099154	0.019155629139072847	0.020157757777585893
1	500	iMF (full)	1.0	0.5212888068919693	0.3393046357615894	0.4710593291510979
1	500	Popularity	1.0	0.2883050432360645	0.20107615894039735	0.2517860121046344
1	500	Normalized kNN (test)	1.0	0.15692599080332317	0.11842715231788081	0.14746008449209766
1	500	Average Rating	1.0	0.09164381188372857	0.06920529801324503	0.084074067983384
1	500	Normalized kNN (full)	1.0	0.35607685142502304	0.23399006622516555	0.3396081424799999
1	500	kNN (full/test)	1.0	0.4668015440371947	0.3008774834437086	0.41946355692421894
1	500	iMF (test)	1.0	0.3126792092871877	0.2187913907284768	0.3016988029134451
2	500	Random	1.0	0.02240508487756799	0.01925496688741722	0.018883126923733968
2	500	iMF (full)	1.0	0.5239636097533029	0.34253311258278146	0.47426137263939555
2	500	Popularity	1.0	0.28483127659609575	0.20014900662251658	0.24673823363391134
2	500	Normalized kNN (test)	1.0	0.1591794352080229	0.1195860927152318	0.14703845345670316
2	500	Average Rating	1.0	0.09473860191381843	0.07301324503311259	0.08775328875957582
2	500	Normalized kNN (full)	1.0	0.35640446164639744	0.23600993377483442	0.3431381869691488
2	500	kNN (full/test)	1.0	0.46672214503531173	0.3005298013245033	0.4220286853549703
2	500	iMF (test)	1.0	0.31023997690592403	0.21859271523178808	0.2980078697632886
3	500	Random	1.0	0.022893605649121133	0.019834437086092716	0.019222041577869036
3	500	iMF (full)	1.0	0.5216031884377453	0.343476821192053	0.4697537098869554
3	500	Popularity	1.0	0.2898632067149446	0.20357615894039732	0.2527326146042489
3	500	Normalized kNN (test)	1.0	0.15675999752835315	0.11794701986754967	0.14676307750987402
3	500	Average Rating	1.0	0.09054932918082839	0.07185430463576159	0.0879289269114945
3	500	Normalized kNN (full)	1.0	0.35071913450494013	0.23389072847682119	0.3371663057248899
3	500	kNN (full/test)	1.0	0.4671152050275233	0.30206953642384105	0.4153177916807581
3	500	iMF (test)	1.0	0.30877266860430935	0.21920529801324504	0.29543161440750854
4	500	Random	1.0	0.02277653378166721	0.019552980132450333	0.01877694562850551
4	500	iMF (full)	1.0	0.5239157141547778	0.34241721854304635	0.47133540161599125
4	500	Popularity	1.0	0.29076565234190577	0.203476821192053	0.251627088817521
4	500	Normalized kNN (test)	1.0	0.15954055724322097	0.12033112582781458	0.1485432710536265
4	500	Average Rating	1.0	0.0892629986524678	0.06882450331125828	0.08356183252443365
4	500	Normalized kNN (full)	1.0	0.3513704971350524	0.23370860927152318	0.3353989031911541
4	500	kNN (full/test)	1.0	0.4639472849097897	0.30071192052980134	0.41540715804523237
4	500	iMF (test)	1.0	0.30939876522614024	0.21839403973509933	0.2971108954475192
5	500	Random	1.0	0.02224246206404102	0.01839403973509934	0.0195760864478658
5	500	iMF (full)	1.0	0.524235383672376	0.3405960264900662	0.478410597508453
5	500	Popularity	1.0	0.29103027652413394	0.20129139072847682	0.25481850770614073
5	500	Normalized kNN (test)	1.0	0.15894597091754384	0.12014900662251657	0.1490021937781858
5	500	Average Rating	1.0	0.08853679632003547	0.06844370860927153	0.08468294821773435
5	500	Normalized kNN (full)	1.0	0.35509246252751253	0.23344370860927152	0.34032812714775595
5	500	kNN (full/test)	1.0	0.46912836875129493	0.30009933774834435	0.423501240193901
5	500	iMF (test)	1.0	0.3088503998754007	0.21711920529801326	0.2993619102075699
1	1000	Random	1.0	0.011207387920769278	0.009503311258278146	0.00945565960037379
1	1000	iMF (full)	1.0	0.4368958943054327	0.2881953642384106	0.3906262578073748
1	1000	Popularity	1.0	0.21683821489313457	0.15526490066225165	0.18436515390092087
1	1000	Normalized kNN (test)	1.0	0.09819553595491914	0.07905629139072848	0.09385048379191166
1	1000	Average Rating	1.0	0.05806915264676036	0.04990066225165563	0.05879660954998617
1	1000	Normalized kNN (full)	1.0	0.26224923835893893	0.17347682119205296	0.2702057462747458
1	1000	kNN (full/test)	1.0	0.3825570899642447	0.24730132450331127	0.338852295824469
1	1000	iMF (test)	1.0	0.21749175787226901	0.1547682119205298	0.20791910218682022
2	1000	Random	1.0	0.01050486421405482	0.009321192052980133	0.008211327363255043
2	1000	iMF (full)	1.0	0.43152620680993575	0.28561258278145696	0.38878240326898045
2	1000	Popularity	1.0	0.2156776858669177	0.15433774834437086	0.18173864926759722
2	1000	Normalized kNN (test)	1.0	0.09842944263795055	0.07899006622516556	0.09298529779550553
2	1000	Average Rating	1.0	0.05894127748264558	0.05087748344370861	0.061392888981573634
2	1000	Normalized kNN (full)	1.0	0.2572885934623524	0.17182119205298013	0.2686822532849638
2	1000	kNN (full/test)	1.0	0.3751629990110358	0.24233443708609273	0.33523346354128347
2	1000	iMF (test)	1.0	0.21438507592560677	0.1544867549668874	0.20243000553855095
3	1000	Random	1.0	0.011524791669898473	0.0097682119205298	0.00995933628448791
3	1000	iMF (full)	1.0	0.43222097363724654	0.2866556291390729	0.3852316551403944
3	1000	Popularity	1.0	0.21716748079712073	0.1560430463576159	0.18377822037542765
3	1000	Normalized kNN (test)	1.0	0.09563262436257532	0.07728476821192053	0.09259883681474683
3	1000	Average Rating	1.0	0.051810408721080906	0.04842715231788079	0.05764002794503421
3	1000	Normalized kNN (full)	1.0	0.2563044250321084	0.17256622516556291	0.26586464933863774
3	1000	kNN (full/test)	1.0	0.3774401437795972	0.24448675496688743	0.3314820081610472
3	1000	iMF (test)	1.0	0.21237055484586592	0.15360927152317883	0.19997851950216422
4	1000	Random	1.0	0.011730130793672211	0.009850993377483444	0.009685920377494717
4	1000	iMF (full)	1.0	0.43450221615583723	0.28672185430463576	0.38764958649530035
4	1000	Popularity	1.0	0.22070515819046457	0.15745033112582782	0.18711804907825688
4	1000	Normalized kNN (test)	1.0	0.10038487067550235	0.08104304635761589	0.09576943204314989
4	1000	Average Rating	1.0	0.054115940508635565	0.048096026490066224	0.05635526061196302
4	1000	Normalized kNN (full)	1.0	0.2605375303390768	0.17332781456953644	0.2638769782924453
4	1000	kNN (full/test)	1.0	0.3784937454902979	0.24574503311258278	0.33385576139342477
4	1000	iMF (test)	1.0	0.21813996675711658	0.15496688741721854	0.20709565200562902
5	1000	Random	1.0	0.011958898275916379	0.010397350993377484	0.009560585821867777
5	1000	iMF (full)	1.0	0.4350682900010304	0.2865066225165563	0.39340573389755545
5	1000	Popularity	1.0	0.21957811329208293	0.15486754966887417	0.18772980356026742
5	1000	Normalized kNN (test)	1.0	0.09885559857094157	0.07922185430463576	0.09501103597249466
5	1000	Average Rating	1.0	0.05336965415836316	0.04647350993377483	0.05639683543497704
5	1000	Normalized kNN (full)	1.0	0.26114700509606087	0.17264900662251656	0.2685363963881438
5	1000	kNN (full/test)	1.0	0.37825477813485614	0.2438245033112583	0.3377343096863204
5	1000	iMF (test)	1.0	0.21724366389212274	0.1551158940397351	0.2070912637403209
1	2000	Random	1.0	0.005525916848401147	0.004751655629139073	0.004750847347130974
1	2000	iMF (full)	1.0	0.3464625945687074	0.22980132450331126	0.3053622925924585
1	2000	Popularity	1.0	0.1577562165753055	0.11483443708609271	0.12878156032145066
1	2000	Normalized kNN (test)	1.0	0.05497140967082083	0.04928807947019867	0.055258594967141174
1	2000	Average Rating	1.0	0.0278950489093202	0.027152317880794703	0.029957622460083773
1	2000	Normalized kNN (full)	1.0	0.17544328425456127	0.11855960264900663	0.19316446798813475
1	2000	kNN (full/test)	1.0	0.29709501164821794	0.19248344370860926	0.25808935979698067
1	2000	iMF (test)	1.0	0.13997817140572424	0.10228476821192053	0.1312285876030572
2	2000	Random	1.0	0.00563866102997704	0.005182119205298014	0.004624440159264027
2	2000	iMF (full)	1.0	0.34444380112639483	0.23008278145695366	0.30835475988363503
2	2000	Popularity	1.0	0.15607191379489602	0.11476821192052981	0.12741887491977344
2	2000	Normalized kNN (test)	1.0	0.055438598364229374	0.04947019867549669	0.05438442253667695
2	2000	Average Rating	1.0	0.028442735717377654	0.028658940397350993	0.03308972620100594
2	2000	Normalized kNN (full)	1.0	0.1698540132720936	0.115	0.18904779908191185
2	2000	kNN (full/test)	1.0	0.293521820503792	0.1910430463576159	0.26089034357369734
2	2000	iMF (test)	1.0	0.14196895285236105	0.10289735099337749	0.13433513341831319
3	2000	Random	1.0	0.00675426136447399	0.005745033112582782	0.005718425713731351
3	2000	iMF (full)	1.0	0.3441141629845907	0.23084437086092716	0.30513189420094006
3	2000	Popularity	1.0	0.1564898100603709	0.11490066225165563	0.13064830513779327
3	2000	Normalized kNN (test)	1.0	0.0544015220377661	0.04860927152317881	0.054809065435738345
3	2000	Average Rating	1.0	0.023574864593010815	0.026158940397350994	0.02810438717262785
3	2000	Normalized kNN (full)	1.0	0.169927964736451	0.11614238410596027	0.18810112376447657
3	2000	kNN (full/test)	1.0	0.29459828600448795	0.19132450331125828	0.25558336148761024
3	2000	iMF (test)	1.0	0.13945926698678918	0.1020860927152318	0.12928139845287784
4	2000	Random	1.0	0.005846002267135842	0.004817880794701987	0.004823559230912837
4	2000	iMF (full)	1.0	0.34366035031576264	0.22963576158940396	0.3045644245279013
4	2000	Popularity	1.0	0.15760842554555218	0.1158774834437086	0.1298275750543903
4	2000	Normalized kNN (test)	1.0	0.05566918008968592	0.0498841059602649	0.05444421672156217
4	2000	Average Rating	1.0	0.02485283251980273	0.024552980132450334	0.027336919336432525
4	2000	Normalized kNN (full)	1.0	0.17219269955299685	0.11634105960264901	0.18741500634151256
4	2000	kNN (full/test)	1.0	0.29575502248499597	0.19301324503311257	0.25654000926178916
4	2000	iMF (test)	1.0	0.1411988968501989	0.1030794701986755	0.13585740625999704
5	2000	Random	1.0	0.00562627486413787	0.005033112582781457	0.004946597292376934
5	2000	iMF (full)	1.0	0.34312698110925954	0.22799668874172183	0.3077392515639172
5	2000	Popularity	1.0	0.1586999973048599	0.11519867549668876	0.13211672986213702
5	2000	Normalized kNN (test)	1.0	0.05433699493064281	0.048658940397351	0.053874051735795375
5	2000	Average Rating	1.0	0.02501273635748573	0.024834437086092714	0.03008913900835711
5	2000	Normalized kNN (full)	1.0	0.17481310085196555	0.11635761589403974	0.1934589122543502
5	2000	kNN (full/test)	1.0	0.293694020691117	0.18998344370860928	0.25999761711365676
5	2000	iMF (test)	1.0	0.1396288864751197	0.10183774834437087	0.13055394877112
1	3706	Random	1.0	0.003159089639263061	0.002798013245033113	0.0027867658109365697
1	3706	iMF (full)	1.0	0.2739671139477617	0.18316225165562913	0.24034679001064288
1	3706	Popularity	1.0	0.11495788780645932	0.08475165562913908	0.08923070319696261
1	3706	Normalized kNN (test)	1.0	0.02854844161028755	0.028443708609271524	0.029530161470593664
1	3706	Average Rating	1.0	0.014203514827908922	0.01665562913907285	0.016513932067482685
1	3706	Normalized kNN (full)	1.0	0.11214955662154506	0.07701986754966889	0.12745974407748922
1	3706	kNN (full/test)	1.0	0.23223126036568154	0.15039735099337748	0.19896751563869114
1	3706	iMF (test)	1.0	0.09259119462800972	0.06844370860927153	0.08659867664483864
2	3706	Random	1.0	0.0032931472763442575	0.002847682119205298	0.0027972192746249596
2	3706	iMF (full)	1.0	0.2690219618833189	0.18158940397350992	0.2395143229288729
2	3706	Popularity	1.0	0.11285429123403296	0.08420529801324504	0.08700411686743768
2	3706	Normalized kNN (test)	1.0	0.028537104183202884	0.028294701986754968	0.029676913199269503
2	3706	Average Rating	1.0	0.009718855762553406	0.010678807947019867	0.010896638238975196
2	3706	Normalized kNN (full)	1.0	0.10878600227909715	0.0756953642384106	0.12558542466760164
2	3706	kNN (full/test)	1.0	0.22861742110397806	0.14980132450331127	0.19978364958289793
2	3706	iMF (test)	1.0	0.09297979581100194	0.06834437086092715	0.08609271691623946
3	3706	Random	1.0	0.003421263444964363	0.00283112582781457	0.003057017729211577
3	3706	iMF (full)	1.0	0.27172166513270435	0.18316225165562913	0.24143710018101391
3	3706	Popularity	1.0	0.11252063647715009	0.08346026490066226	0.08811336940272516
3	3706	Normalized kNN (test)	1.0	0.02727494182919738	0.027367549668874173	0.027578508559598466
3	3706	Average Rating	1.0	0.005252236124090308	0.006804635761589404	0.006096031490552164
3	3706	Normalized kNN (full)	1.0	0.10747767789545194	0.07567880794701987	0.12650349963360602
3	3706	kNN (full/test)	1.0	0.23165920972614717	0.15024834437086093	0.19961196274796678
3	3706	iMF (test)	1.0	0.09175601216444026	0.0676158940397351	0.08627592188604007
4	3706	Random	1.0	0.0032220520297461547	0.0028807947019867555	0.002388820773139889
4	3706	iMF (full)	1.0	0.2697560477324867	0.18299668874172184	0.23650632974944072
4	3706	Popularity	1.0	0.113419090359256	0.08455298013245033	0.08777220712745605
4	3706	Normalized kNN (test)	1.0	0.029295202110544576	0.02925496688741722	0.029301094399591002
4	3706	Average Rating	1.0	0.01080936539485457	0.012483443708609272	0.013266540610040584
4	3706	Normalized kNN (full)	1.0	0.11192442216862626	0.0773841059602649	0.1277979027713766
4	3706	kNN (full/test)	1.0	0.23056057453177173	0.15129139072847683	0.19549274722436435
4	3706	iMF (test)	1.0	0.0960300330469662	0.07056291390728477	0.09085629640547194
5	3706	Random	1.0	0.003021067116339624	0.002682119205298013	0.002664032615594786
5	3706	iMF (full)	1.0	0.2697218078714276	0.18044701986754969	0.23715908106837075
5	3706	Popularity	1.0	0.11484776247178047	0.08394039735099337	0.09134353701534817
5	3706	Normalized kNN (test)	1.0	0.02849310859909245	0.02870860927152318	0.029945277480508684
5	3706	Average Rating	1.0	0.009290197476040382	0.01066225165562914	0.011275205235398374
5	3706	Normalized kNN (full)	1.0	0.11294252015317297	0.07690397350993378	0.13173087973851677
5	3706	kNN (full/test)	1.0	0.22908594092088805	0.14887417218543048	0.19968942357973665
5	3706	iMF (test)	1.0	0.09424723597599804	0.06937086092715232	0.0876387443924287
