fold	target size	recommender system	Coverage@10	nDCG@10	P@10	Recall@10
1	0	Random	0.725480132450331	0.7143135726134792	0.44670529801324504	0.7070104013008935
1	0	iMF (full)	0.725480132450331	0.8223432518940323	0.5091390728476821	0.7496605772740504
1	0	Popularity	0.7254139072847682	0.7852565015035193	0.4847847682119205	0.7339336960307558
1	0	Normalized kNN (test)	0.7249006622516556	0.8341473873711353	0.516953642384106	0.7581476914995453
1	0	Average Rating	0.7254139072847682	0.8267120149071838	0.5124503311258278	0.7550928288939237
1	0	Normalized kNN (full)	0.556523178807947	0.6222720507651942	0.403294701986755	0.48344298551811343
1	0	kNN (full/test)	0.7177980132450331	0.8157970498063264	0.5057781456953643	0.7396657603648853
1	0	iMF (test)	0.725480132450331	0.8485356349233446	0.5280629139072848	0.7649325848155031
2	0	Random	0.7270033112582782	0.7130045792294547	0.4449006622516556	0.7076662554176997
2	0	iMF (full)	0.7270033112582782	0.8241207739340888	0.5108112582781458	0.7516281141761852
2	0	Popularity	0.7269039735099337	0.7868643245527276	0.4866887417218543	0.7367036307684788
2	0	Normalized kNN (test)	0.7264072847682119	0.8331864482978247	0.5178476821192053	0.7587053892030847
2	0	Average Rating	0.7269039735099337	0.8298407979888243	0.5161754966887417	0.7581355768640181
2	0	Normalized kNN (full)	0.5581788079470199	0.6227085674030378	0.4038576158940398	0.4859920871044804
2	0	kNN (full/test)	0.719933774834437	0.8154496137304033	0.5068708609271523	0.7404344140437513
2	0	iMF (test)	0.7270033112582782	0.8462332685277164	0.5263576158940397	0.7651035123952272
3	0	Random	0.7277649006622516	0.7117974478941218	0.44600993377483444	0.7065054985903034
3	0	iMF (full)	0.7277649006622516	0.8252981187411806	0.5147019867549669	0.751821249527634
3	0	Popularity	0.7277152317880794	0.7868258818817178	0.48841059602649006	0.7353823879354183
3	0	Normalized kNN (test)	0.7270198675496689	0.8347884329297897	0.521341059602649	0.7588812112949934
3	0	Average Rating	0.7277152317880794	0.8305425771060421	0.5188741721854304	0.7581264081948129
3	0	Normalized kNN (full)	0.5577317880794702	0.620378927673496	0.40693708609271523	0.4814458993290289
3	0	kNN (full/test)	0.7198675496688741	0.816830447063393	0.5100993377483444	0.7414897944984263
3	0	iMF (test)	0.7277649006622516	0.8490815461468599	0.5314238410596027	0.7660770557586203
4	0	Random	0.7252649006622517	0.7156677773628214	0.44523178807947017	0.7062520946993948
4	0	iMF (full)	0.7252649006622517	0.8246553814327283	0.5120033112582781	0.7507758277344563
4	0	Popularity	0.7251986754966887	0.7876594977262044	0.4877152317880795	0.7355308727760713
4	0	Normalized kNN (test)	0.7245860927152318	0.8362440034716183	0.5193708609271523	0.7573391142435215
4	0	Average Rating	0.7251986754966887	0.8306583247062318	0.5164238410596026	0.7561520047900375
4	0	Normalized kNN (full)	0.5581125827814569	0.6212211501476252	0.4062748344370861	0.48258003350148376
4	0	kNN (full/test)	0.7179139072847682	0.8160869159415479	0.5076490066225166	0.7407699697468973
4	0	iMF (test)	0.7252649006622517	0.8487600327334291	0.528476821192053	0.7642253076341952
5	0	Random	0.7290894039735099	0.7179052930452879	0.4449503311258278	0.7136748262145315
5	0	iMF (full)	0.7290894039735099	0.8292209030102529	0.5115562913907286	0.7587242319765165
5	0	Popularity	0.7290562913907285	0.7913749315593408	0.4863245033112583	0.7421416414092582
5	0	Normalized kNN (test)	0.728592715231788	0.8427338894993456	0.5197350993377483	0.7668240539160179
5	0	Average Rating	0.7290562913907285	0.8362292914946885	0.5169039735099338	0.7646826777677854
5	0	Normalized kNN (full)	0.5572682119205298	0.6235214161024311	0.4030463576158941	0.48622689033118177
5	0	kNN (full/test)	0.7215728476821193	0.8227617683512648	0.5089072847682119	0.7502997722435708
5	0	iMF (test)	0.7290894039735099	0.8558848415402762	0.5285761589403973	0.7721024498315573
1	1	Random	0.7750662251655629	0.6636535023282156	0.4298675496688742	0.6907403232665614
1	1	iMF (full)	0.7750662251655629	0.817828206618221	0.5075993377483444	0.7482512133337971
1	1	Popularity	0.7748344370860927	0.774963769855102	0.48112582781456953	0.729753301103168
1	1	Normalized kNN (test)	0.765182119205298	0.8169449002192347	0.5108609271523179	0.7522642875195494
1	1	Average Rating	0.7748344370860927	0.8019295494521275	0.5046854304635762	0.7472209839324959
1	1	Normalized kNN (full)	0.5576986754966887	0.6207771485655623	0.4023509933774834	0.48283713336298784
1	1	kNN (full/test)	0.7411920529801325	0.8122740782814307	0.5041059602649007	0.737902524283903
1	1	iMF (test)	0.7750662251655629	0.842786583738532	0.5252649006622516	0.7623674271015142
2	1	Random	0.7762251655629139	0.6665317521836885	0.43013245033112585	0.6917064186581007
2	1	iMF (full)	0.7762251655629139	0.8199938200725243	0.5096523178807947	0.7503319274668468
2	1	Popularity	0.7760430463576159	0.7776160314876448	0.4837913907284768	0.7335573573123259
2	1	Normalized kNN (test)	0.7669701986754967	0.8171087712480157	0.512682119205298	0.7535844303735201
2	1	Average Rating	0.7760430463576159	0.806874870020501	0.5091556291390729	0.7513973599935004
2	1	Normalized kNN (full)	0.5595033112582781	0.6213971864220001	0.40307947019867546	0.485451744693967
2	1	kNN (full/test)	0.7430629139072848	0.8116843055825744	0.5055629139072848	0.7389884803217978
2	1	iMF (test)	0.7762251655629139	0.83916482223121	0.5237086092715232	0.7624636075941851
3	1	Random	0.7774503311258278	0.6682655362564272	0.4345529801324503	0.6932186390044309
3	1	iMF (full)	0.7774503311258278	0.8205782727594011	0.5136589403973509	0.7510635491804694
3	1	Popularity	0.7772185430463575	0.7769657564502882	0.4851324503311258	0.7316143974497241
3	1	Normalized kNN (test)	0.7674172185430463	0.8174860123163434	0.5158112582781457	0.7535747131997885
3	1	Average Rating	0.7772185430463575	0.8064654932300974	0.5113245033112583	0.7512079368237377
3	1	Normalized kNN (full)	0.5590562913907284	0.619197190265386	0.40609271523178814	0.48087475983040395
3	1	kNN (full/test)	0.7437582781456954	0.8131567258729447	0.5086423841059602	0.7399308834748949
3	1	iMF (test)	0.7774503311258278	0.8423377886968546	0.5296688741721854	0.7637955276352788
4	1	Random	0.7749503311258278	0.6651756683576441	0.4300496688741722	0.689962740144745
4	1	iMF (full)	0.7749503311258278	0.8193967328873668	0.5105629139072848	0.7492873287573802
4	1	Popularity	0.7746854304635762	0.7781425840679279	0.484817880794702	0.7322626153334015
4	1	Normalized kNN (test)	0.7650331125827815	0.818914216041281	0.5142218543046357	0.7525466775862781
4	1	Average Rating	0.7746854304635762	0.8062634455878062	0.5093046357615894	0.7493363297774092
4	1	Normalized kNN (full)	0.559453642384106	0.6201349406700146	0.4056291390728477	0.482143614802851
4	1	kNN (full/test)	0.741341059602649	0.8125319888391973	0.5065562913907284	0.7396057746197288
4	1	iMF (test)	0.7749503311258278	0.8434747631850181	0.526887417218543	0.7627597061240793
5	1	Random	0.7780960264900662	0.668585668560017	0.4312582781456954	0.6983621358107442
5	1	iMF (full)	0.7780960264900662	0.8243617991316093	0.5096688741721854	0.7567013680913862
5	1	Popularity	0.7779966887417219	0.7824593229687336	0.4829470198675497	0.73839360468441
5	1	Normalized kNN (test)	0.7679635761589404	0.8258316462922325	0.5140397350993378	0.7612412587331026
5	1	Average Rating	0.7779966887417219	0.8123115271218883	0.5095529801324503	0.7571260356818774
5	1	Normalized kNN (full)	0.5585430463576159	0.6225370972473648	0.40241721854304635	0.4857835135791205
5	1	kNN (full/test)	0.7442549668874172	0.8195021857865238	0.5073509933774835	0.7485918198082858
5	1	iMF (test)	0.7780960264900662	0.8499459490235745	0.5269370860927152	0.7703704752372008
1	2	Random	0.8214403973509934	0.6268358163525031	0.41576158940397345	0.6752606699805936
1	2	iMF (full)	0.8214403973509934	0.8142302363367685	0.5066887417218543	0.7463066649586663
1	2	Popularity	0.8210927152317881	0.7667183698985671	0.4783774834437086	0.7265185266053051
1	2	Normalized kNN (test)	0.8032119205298013	0.8024457395633793	0.5064072847682118	0.7474022098248726
1	2	Average Rating	0.8210927152317881	0.7828613205922262	0.4982284768211921	0.7405439697529425
1	2	Normalized kNN (full)	0.5589403973509933	0.6199333680648681	0.40168874172185426	0.48229917977776304
1	2	kNN (full/test)	0.764023178807947	0.8097240644954121	0.5028311258278145	0.7364063638980641
1	2	iMF (test)	0.8214403973509934	0.8370940845068512	0.5234271523178808	0.7599792773129046
2	2	Random	0.8221854304635762	0.6260120063495761	0.41456953642384103	0.6749881077548803
2	2	iMF (full)	0.8221854304635762	0.81629198801391	0.5085596026490066	0.748725067926353
2	2	Popularity	0.8218046357615894	0.7686532972279836	0.4803973509933775	0.7293518800564122
2	2	Normalized kNN (test)	0.8041556291390729	0.8013655052405092	0.5068211920529802	0.7480198383783921
2	2	Average Rating	0.8218046357615894	0.7856872101694863	0.5017880794701987	0.7439028852248889
2	2	Normalized kNN (full)	0.5608278145695365	0.6200305415609821	0.40253311258278146	0.4850675057385551
2	2	kNN (full/test)	0.765546357615894	0.8083115036782191	0.5041059602649007	0.737147625858497
2	2	iMF (test)	0.8221854304635762	0.8332257633284677	0.5219536423841059	0.7605317530745789
3	2	Random	0.8235927152317881	0.6280549023793197	0.41844370860927155	0.6779948785526362
3	2	iMF (full)	0.8235927152317881	0.8170845144637863	0.5128145695364239	0.7496913541433349
3	2	Popularity	0.8233278145695364	0.7695064889438679	0.4822682119205298	0.7283874867142057
3	2	Normalized kNN (test)	0.805115894039735	0.8022032144052066	0.5102152317880795	0.7482215049777726
3	2	Average Rating	0.8233278145695364	0.7844331538190169	0.503841059602649	0.7437731049885367
3	2	Normalized kNN (full)	0.5605794701986755	0.6176976497794017	0.4052483443708609	0.48034314262828526
3	2	kNN (full/test)	0.7661258278145695	0.810030705563624	0.5071854304635762	0.7384451225733804
3	2	iMF (test)	0.8235927152317881	0.8375628136033044	0.5272682119205298	0.761850301900466
4	2	Random	0.8213907284768212	0.6278692634217773	0.417682119205298	0.6769604052122
4	2	iMF (full)	0.8213907284768212	0.816644762253436	0.51	0.748042587275622
4	2	Popularity	0.8209271523178807	0.7701444324202812	0.48198675496688737	0.7287580641535598
4	2	Normalized kNN (test)	0.8021854304635762	0.8045427771188693	0.5086920529801324	0.746724232742641
4	2	Average Rating	0.8209271523178807	0.7864200829592484	0.5014238410596026	0.7410325252309661
4	2	Normalized kNN (full)	0.5609271523178808	0.6191458082586528	0.4049006622516556	0.4815630519193485
4	2	kNN (full/test)	0.7643046357615894	0.8096332597401802	0.5050662251655629	0.7378759750802945
4	2	iMF (test)	0.8213907284768212	0.8374602145174675	0.5247516556291391	0.7603772223519732
5	2	Random	0.8239072847682118	0.6305920773282228	0.41536423841059605	0.6812571280476974
5	2	iMF (full)	0.8239072847682118	0.8216579019331868	0.5088741721854304	0.755194025140718
5	2	Popularity	0.8236920529801325	0.7725861803100096	0.4805794701986755	0.7354948889671494
5	2	Normalized kNN (test)	0.8056291390728477	0.8089956662010791	0.5083940397350993	0.7553477393425072
5	2	Average Rating	0.8236920529801325	0.7902627096804242	0.502135761589404	0.7498282549914119
5	2	Normalized kNN (full)	0.5600331125827814	0.6212403539937822	0.40172185430463575	0.48530816973918695
5	2	kNN (full/test)	0.7675165562913907	0.8158740331328289	0.5060099337748345	0.7469732285126195
5	2	iMF (test)	0.8239072847682118	0.8450538386156414	0.5248675496688742	0.7679006375532966
1	5	Random	0.9338079470198675	0.5328989970657698	0.371887417218543	0.6179402573370022
1	5	iMF (full)	0.9338079470198675	0.8056038326590745	0.5028973509933775	0.7410776832285767
1	5	Popularity	0.933294701986755	0.7454363331619873	0.4697682119205298	0.715670076300588
1	5	Normalized kNN (test)	0.8990894039735099	0.7615402269412466	0.48935430463576157	0.7291077742232464
1	5	Average Rating	0.933294701986755	0.7281478194912039	0.47574503311258276	0.7160559731306142
1	5	Normalized kNN (full)	0.5630794701986755	0.6163020560456332	0.39975165562913906	0.4810799543510121
1	5	kNN (full/test)	0.8238079470198676	0.799652806037839	0.4987748344370861	0.7316765020865332
1	5	iMF (test)	0.9338079470198675	0.8210030306029366	0.517251655629139	0.7532813887446971
2	5	Random	0.9349999999999999	0.5336350405724898	0.3717384105960265	0.61749156458678
2	5	iMF (full)	0.9349999999999999	0.807443188324909	0.5046026490066226	0.7432890568046318
2	5	Popularity	0.9342549668874172	0.746208559647817	0.4713245033112583	0.7175870051057146
2	5	Normalized kNN (test)	0.9000496688741723	0.763553099912532	0.4912251655629139	0.7308414636286604
2	5	Average Rating	0.9342549668874172	0.7308957710036238	0.4790397350993378	0.7180102199530145
2	5	Normalized kNN (full)	0.5651158940397352	0.6166889318774122	0.40016556291390726	0.48347548904141274
2	5	kNN (full/test)	0.8248344370860927	0.799298646920478	0.4993874172185431	0.7313481560487783
2	5	iMF (test)	0.9349999999999999	0.8178355621060334	0.5152980132450331	0.7532586046028606
3	5	Random	0.9347185430463576	0.534004490098548	0.37293046357615894	0.6168640376128758
3	5	iMF (full)	0.9347185430463576	0.8090463243389117	0.5089900662251656	0.7436284111070037
3	5	Popularity	0.9342218543046358	0.7459492774726099	0.47276490066225163	0.7159618617401058
3	5	Normalized kNN (test)	0.9019701986754967	0.760441045635558	0.4933278145695364	0.7293895303346907
3	5	Average Rating	0.9342218543046358	0.7299592223423115	0.4812086092715232	0.7175979896261159
3	5	Normalized kNN (full)	0.5644370860927153	0.614180218464728	0.40298013245033115	0.4787471450939709
3	5	kNN (full/test)	0.8270033112582782	0.8011833215720052	0.5032284768211921	0.7339168338449366
3	5	iMF (test)	0.9347185430463576	0.8213295772664401	0.520248344370861	0.754197708957873
4	5	Random	0.9333278145695365	0.5363647775742006	0.37407284768211924	0.6181647460238751
4	5	iMF (full)	0.9333278145695365	0.8068340457116692	0.5051986754966887	0.7411627284723227
4	5	Popularity	0.9326490066225165	0.7482339333264323	0.47314569536423845	0.7176681513201545
4	5	Normalized kNN (test)	0.8993377483443709	0.7663497043920454	0.49264900662251654	0.7290258478063051
4	5	Average Rating	0.9326490066225165	0.7341455006575911	0.4800331125827815	0.7172745080325743
4	5	Normalized kNN (full)	0.564701986754967	0.615200249187291	0.40269867549668875	0.48008642949387675
4	5	kNN (full/test)	0.8236092715231789	0.800550479292257	0.500728476821192	0.732950801512478
4	5	iMF (test)	0.9333278145695365	0.8217462977337899	0.5179635761589404	0.7531391804618562
5	5	Random	0.9345364238410596	0.5342183426902667	0.37140728476821194	0.6218813405105843
5	5	iMF (full)	0.9345364238410596	0.8121247413627637	0.5042880794701987	0.7491413221366725
5	5	Popularity	0.934023178807947	0.7511632185954292	0.47003311258278146	0.7222366754983917
5	5	Normalized kNN (test)	0.9005960264900663	0.7692344521454297	0.4914569536423841	0.7362953937626227
5	5	Average Rating	0.934023178807947	0.736005953101162	0.4792052980132451	0.7232203579666457
5	5	Normalized kNN (full)	0.5645198675496689	0.6171048664966692	0.3994039735099338	0.4837180876998832
5	5	kNN (full/test)	0.8266721854304636	0.8057471020488804	0.5008774834437086	0.7404740216343575
5	5	iMF (test)	0.9345364238410596	0.8276960799966528	0.5169039735099338	0.7600465285059095
1	10	Random	0.9998344370860928	0.41293492742027993	0.29841059602649006	0.4753151053002939
1	10	iMF (full)	0.9998344370860928	0.7905644779511334	0.49518211920529803	0.7251697112967556
1	10	Popularity	0.9997350993377483	0.7136943136740302	0.45339403973509934	0.692203117612395
1	10	Normalized kNN (test)	0.9851158940397352	0.7055658376297614	0.46201986754966884	0.6922374030773739
1	10	Average Rating	0.9997350993377483	0.6539663624757965	0.4391390728476821	0.6620350502130949
1	10	Normalized kNN (full)	0.5694370860927153	0.610278622695072	0.3959105960264901	0.47809043344365165
1	10	kNN (full/test)	0.8991556291390728	0.7865616496153129	0.49153973509933774	0.7230595519776052
1	10	iMF (test)	0.9998344370860928	0.7991268790153349	0.5073841059602648	0.7406605692055475
2	10	Random	0.9999503311258278	0.41237126923932593	0.30061258278145697	0.4799249724540734
2	10	iMF (full)	0.9999503311258278	0.7930440587395151	0.49693708609271525	0.7261020986200502
2	10	Popularity	0.9999172185430464	0.7124856834411795	0.45559602649006625	0.6940150090785983
2	10	Normalized kNN (test)	0.9865397350993377	0.7043361699237058	0.46200331125827815	0.6913478335523449
2	10	Average Rating	0.9999172185430464	0.6568832603590726	0.4407450331125828	0.6634009647893243
2	10	Normalized kNN (full)	0.5709437086092716	0.6104727678199336	0.39660596026490064	0.4810263382269736
2	10	kNN (full/test)	0.9024006622516556	0.7851657080318294	0.4924172185430463	0.7226155081843422
2	10	iMF (test)	0.9999503311258278	0.7937255236398583	0.5043874172185431	0.7387560732367713
3	10	Random	0.9998509933774835	0.41443963231132575	0.30168874172185434	0.47575566432395555
3	10	iMF (full)	0.9998509933774835	0.7932465314709171	0.5017384105960265	0.7267009362469796
3	10	Popularity	0.9998013245033113	0.7138383609676757	0.4578145695364238	0.691232301741474
3	10	Normalized kNN (test)	0.9858940397350994	0.7079835518332812	0.4666556291390728	0.6939493408850744
3	10	Average Rating	0.9998013245033113	0.6606823216157629	0.4450496688741722	0.6652881787201101
3	10	Normalized kNN (full)	0.5700827814569537	0.6092739066410293	0.3996192052980132	0.4762867733508406
3	10	kNN (full/test)	0.90091059602649	0.7881158218291385	0.49682119205298014	0.7256393000189761
3	10	iMF (test)	0.9998509933774835	0.7990543995132605	0.5099834437086093	0.7411585092834408
4	10	Random	0.9999172185430464	0.41474346060548367	0.30177152317880795	0.47804849612050987
4	10	iMF (full)	0.9999172185430464	0.7929962716580641	0.4985596026490067	0.7255876948537543
4	10	Popularity	0.9998344370860928	0.7155018054664934	0.4562582781456954	0.6918350775012025
4	10	Normalized kNN (test)	0.9855629139072848	0.7076698511754888	0.46455298013245033	0.6925014367894023
4	10	Average Rating	0.9998344370860928	0.6584864089957828	0.44329470198675497	0.6630732297883041
4	10	Normalized kNN (full)	0.5714900662251656	0.6094591074155761	0.39913907284768213	0.47795496545473426
4	10	kNN (full/test)	0.9005960264900663	0.7866646100262389	0.4934933774834437	0.7236698728585542
4	10	iMF (test)	0.9999172185430464	0.7975578794051248	0.5077152317880794	0.7389318640691193
5	10	Random	0.9998675496688741	0.41695989675666895	0.3006456953642384	0.48126462271885107
5	10	iMF (full)	0.9998675496688741	0.7976522803027145	0.4974668874172185	0.7337786467674743
5	10	Popularity	0.9998344370860928	0.7166126800408591	0.4541556291390728	0.697333907143776
5	10	Normalized kNN (test)	0.986523178807947	0.7116537781174045	0.46279801324503317	0.6978193843873928
5	10	Average Rating	0.9998344370860928	0.6619165162928925	0.4423013245033113	0.6688778153692764
5	10	Normalized kNN (full)	0.5717549668874172	0.6123415395583675	0.39617549668874175	0.48158151860776766
5	10	kNN (full/test)	0.9022516556291391	0.7909220325750549	0.4934271523178808	0.7307932243412062
5	10	iMF (test)	0.9998675496688741	0.8002201906623094	0.5058278145695364	0.7452950762074471
1	20	Random	1.0	0.28183241854619717	0.21629139072847683	0.302476161374076
1	20	iMF (full)	1.0	0.7723786802987932	0.48680463576158944	0.7085327749199941
1	20	Popularity	1.0	0.659662754948104	0.4256291390728477	0.6386088120381148
1	20	Normalized kNN (test)	1.0	0.618766795055718	0.413294701986755	0.6095781689866718
1	20	Average Rating	1.0	0.5467999777217635	0.37842715231788077	0.5528158764487727
1	20	Normalized kNN (full)	0.582930463576159	0.5995836137723052	0.3896523178807947	0.47397096671262134
1	20	kNN (full/test)	0.9740562913907285	0.7616312251500728	0.47832781456953644	0.7021920032317936
1	20	iMF (test)	1.0	0.7538790838806926	0.4837582781456954	0.7086121363364893
2	20	Random	1.0	0.28383574806467926	0.21700331125827815	0.30579487193638216
2	20	iMF (full)	1.0	0.7729621411106377	0.4873344370860927	0.707133405664462
2	20	Popularity	1.0	0.6591937459458782	0.42682119205298014	0.640681764200559
2	20	Normalized kNN (test)	1.0	0.6172051996245408	0.41339403973509936	0.6089984519535122
2	20	Average Rating	1.0	0.5496130109074364	0.3808774834437086	0.5558737182140796
2	20	Normalized kNN (full)	0.5835430463576159	0.5992968387989256	0.38942052980132447	0.47593291001125415
2	20	kNN (full/test)	0.9730960264900662	0.7617362996154712	0.47897350993377485	0.7031568174303946
2	20	iMF (test)	1.0	0.7535401280463532	0.48408940397350997	0.7111021736826326
3	20	Random	1.0	0.2839947517971985	0.21640728476821192	0.3038263334976259
3	20	iMF (full)	1.0	0.7734833530786233	0.4906456953642384	0.7060061549216209
3	20	Popularity	1.0	0.6622767871752522	0.4296854304635762	0.64010399157285
3	20	Normalized kNN (test)	1.0	0.6170837240855628	0.41544701986754967	0.6077639676761473
3	20	Average Rating	1.0	0.5520280577361724	0.3810596026490066	0.5550585349683336
3	20	Normalized kNN (full)	0.5823178807947019	0.5981893671473424	0.39225165562913905	0.4713713284581006
3	20	kNN (full/test)	0.9727814569536425	0.7639132822708473	0.4824006622516556	0.7037052328307194
3	20	iMF (test)	1.0	0.7549503192885676	0.48874172185430464	0.7099751273939289
4	20	Random	1.0	0.2834844562104681	0.21728476821192055	0.3032271900911139
4	20	iMF (full)	1.0	0.7725487729392899	0.48751655629139073	0.7047824858335684
4	20	Popularity	1.0	0.6615515513904673	0.42932119205298014	0.6391094829435066
4	20	Normalized kNN (test)	1.0	0.6203870987682604	0.41397350993377485	0.6098801504074143
4	20	Average Rating	1.0	0.5500475730306104	0.38033112582781453	0.5545659595774018
4	20	Normalized kNN (full)	0.5837086092715231	0.5981668716923547	0.39203642384105963	0.47259219424182775
4	20	kNN (full/test)	0.9732781456953643	0.7612127586084597	0.479453642384106	0.7034480668188701
4	20	iMF (test)	1.0	0.7559745555632366	0.4866721854304636	0.7092678975726403
5	20	Random	1.0	0.2876385993791315	0.2184271523178808	0.30537327699101
5	20	iMF (full)	1.0	0.7785055189748256	0.48700331125827817	0.7144686495659109
5	20	Popularity	1.0	0.6644686512547833	0.4269205298013245	0.6463239202864745
5	20	Normalized kNN (test)	0.9999337748344371	0.6248125916016345	0.41438741721854305	0.6168658438833415
5	20	Average Rating	1.0	0.5538485584451005	0.3810927152317881	0.5613539971179509
5	20	Normalized kNN (full)	0.5838079470198675	0.6021868690291501	0.3898344370860927	0.4771864546372121
5	20	kNN (full/test)	0.972930463576159	0.765710668690511	0.47981788079470195	0.7105735977718235
5	20	iMF (test)	1.0	0.7604609388926589	0.48647350993377486	0.7166077501890288
1	50	Random	1.0	0.16011529298720928	0.12655629139072846	0.15733354370869215
1	50	iMF (full)	1.0	0.7302167431199655	0.46392384105960266	0.669794266438672
1	50	Popularity	1.0	0.5658423155301153	0.3725	0.5363484075035968
1	50	Normalized kNN (test)	1.0	0.47328684225313256	0.32536423841059603	0.4522325079078987
1	50	Average Rating	1.0	0.38842834368730533	0.2793211920529801	0.38447760343211845
1	50	Normalized kNN (full)	0.6143543046357616	0.5703019154588533	0.37079470198675496	0.45998916796004746
1	50	kNN (full/test)	0.9994370860927153	0.7087095076679593	0.44761589403973506	0.6514492386486505
1	50	iMF (test)	1.0	0.6669730870995766	0.43763245033112586	0.6360903758661699
2	50	Random	1.0	0.1573121199789276	0.12597682119205297	0.15345646050971334
2	50	iMF (full)	1.0	0.7319152583651483	0.4648841059602649	0.6699131652202017
2	50	Popularity	1.0	0.5649664552692858	0.3734437086092715	0.5393537878079705
2	50	Normalized kNN (test)	1.0	0.47300072327543896	0.3254304635761589	0.45282623819881956
2	50	Average Rating	1.0	0.39197522338211527	0.2805960264900662	0.38502785315468663
2	50	Normalized kNN (full)	0.6147185430463576	0.5712436939667339	0.37178807947019865	0.46256129461879036
2	50	kNN (full/test)	0.9995033112582782	0.7070434713334477	0.4485761589403974	0.6531471773770413
2	50	iMF (test)	1.0	0.6611981568155902	0.43703642384105956	0.6362545860707014
3	50	Random	1.0	0.16155998043255326	0.12950331125827816	0.15804407339712095
3	50	iMF (full)	1.0	0.7316329593518516	0.46885761589403974	0.6692000238263329
3	50	Popularity	1.0	0.567973266836119	0.37543046357615895	0.5361995370717378
3	50	Normalized kNN (test)	1.0	0.4712003440828269	0.3259105960264901	0.44790629847169355
3	50	Average Rating	1.0	0.3923187954885723	0.28155629139072846	0.3822100254688201
3	50	Normalized kNN (full)	0.6141390728476821	0.5683756898582089	0.37365894039735104	0.4577683472938893
3	50	kNN (full/test)	0.999453642384106	0.7087300293383507	0.45175496688741723	0.6525339780689785
3	50	iMF (test)	1.0	0.6665533955881914	0.44167218543046355	0.6383330819613435
4	50	Random	1.0	0.15593531394398574	0.125794701986755	0.1533601900586921
4	50	iMF (full)	1.0	0.7328668819553997	0.4658774834437086	0.6682490270496009
4	50	Popularity	1.0	0.5690733684254611	0.3757284768211921	0.5378307122254894
4	50	Normalized kNN (test)	1.0	0.4774344056929275	0.3272185430463576	0.454954498669705
4	50	Average Rating	1.0	0.38875927424104884	0.280546357615894	0.38347871933555905
4	50	Normalized kNN (full)	0.6163245033112582	0.569044999771535	0.3738907284768212	0.45952447578087396
4	50	kNN (full/test)	0.9995033112582782	0.7087400424490812	0.4499503311258278	0.6528180589992262
4	50	iMF (test)	1.0	0.6657547738198453	0.4377152317880795	0.6341854827188156
5	50	Random	1.0	0.15761581283191434	0.12607615894039736	0.1530734303236536
5	50	iMF (full)	1.0	0.7379240225725104	0.465612582781457	0.6789247729205183
5	50	Popularity	1.0	0.5693057073740106	0.3734602649006622	0.5425365901998853
5	50	Normalized kNN (test)	1.0	0.4804472156889181	0.3290066225165563	0.46222697199885365
5	50	Average Rating	1.0	0.3920742814198352	0.28130794701986755	0.3894768975751311
5	50	Normalized kNN (full)	0.6170033112582781	0.5713185925844876	0.3710927152317881	0.4637225686943409
5	50	kNN (full/test)	0.9996854304635763	0.7117506449700499	0.4489569536423841	0.659340856543045
5	50	iMF (test)	1.0	0.6660739393986113	0.4351158940397351	0.6385026466840812
1	100	Random	1.0	0.09430491569578088	0.07735099337748344	0.0883330089222577
1	100	iMF (full)	1.0	0.6861769311723239	0.4377317880794702	0.6268726681895438
1	100	Popularity	1.0	0.4824329292780269	0.3226655629139073	0.44444237417345495
1	100	Normalized kNN (test)	1.0	0.3639398862761498	0.25473509933774835	0.3396508474003135
1	100	Average Rating	1.0	0.2769399841239078	0.2056456953642384	0.26749614681295614
1	100	Normalized kNN (full)	0.6577483443708609	0.5288017928154615	0.34405629139072846	0.43887068158334247
1	100	kNN (full/test)	1.0	0.6503519052691575	0.4139072847682119	0.5940649276670356
1	100	iMF (test)	1.0	0.5695076212339585	0.3813245033112582	0.5497312799255273
2	100	Random	1.0	0.0920116721228728	0.07501655629139073	0.08438519444453249
2	100	iMF (full)	1.0	0.6856821104909611	0.43920529801324504	0.6277231759255931
2	100	Popularity	1.0	0.47807473307204246	0.3219370860927152	0.44163676594477735
2	100	Normalized kNN (test)	1.0	0.3647663537741881	0.25564569536423837	0.3397872849024688
2	100	Average Rating	1.0	0.2804567345039572	0.20678807947019867	0.26685971644541134
2	100	Normalized kNN (full)	0.6607450331125828	0.5282150774083769	0.3451490066225165	0.44199493861860395
2	100	kNN (full/test)	1.0	0.6478041874662344	0.412317880794702	0.5913888257222094
2	100	iMF (test)	1.0	0.5668993899774306	0.3796523178807947	0.5476416684131885
3	100	Random	1.0	0.09366610465483904	0.07788079470198676	0.08338097079927448
3	100	iMF (full)	1.0	0.6872741376921377	0.44167218543046355	0.6245923873317933
3	100	Popularity	1.0	0.4822798798709742	0.3244370860927152	0.4454142473691899
3	100	Normalized kNN (test)	1.0	0.3621805406549868	0.2553311258278146	0.33478277204264373
3	100	Average Rating	1.0	0.28144633596962165	0.2087582781456954	0.2688966317202911
3	100	Normalized kNN (full)	0.6576821192052981	0.5256734104149177	0.3470529801324503	0.43729081271642256
3	100	kNN (full/test)	1.0	0.6504769363435912	0.41647350993377485	0.593709325176296
3	100	iMF (test)	1.0	0.5725878544859815	0.3862913907284768	0.5495677830495682
4	100	Random	1.0	0.09401766918790685	0.07798013245033113	0.08571608626399937
4	100	iMF (full)	1.0	0.6872047527589293	0.44029801324503315	0.626503169623846
4	100	Popularity	1.0	0.48241147934740664	0.3244701986754967	0.4439959266414355
4	100	Normalized kNN (test)	1.0	0.36531552991363114	0.25642384105960264	0.3397277651214005
4	100	Average Rating	1.0	0.27563391862707676	0.20539735099337747	0.26520993819997973
4	100	Normalized kNN (full)	0.6612748344370861	0.5266783661944648	0.346705298013245	0.4380767988588333
4	100	kNN (full/test)	1.0	0.6497699889596351	0.41475165562913907	0.5945890454659111
4	100	iMF (test)	1.0	0.570306782473175	0.3820860927152318	0.5460528490373306
5	100	Random	1.0	0.09627709545631603	0.07718543046357616	0.087092844444841
5	100	iMF (full)	1.0	0.6899654339853021	0.4393543046357616	0.6345314316502819
5	100	Popularity	1.0	0.48729627503832856	0.32432119205298016	0.45288518383338244
5	100	Normalized kNN (test)	1.0	0.36937455469088787	0.25826158940397353	0.3460539348129392
5	100	Average Rating	1.0	0.2806962148357877	0.20816225165562913	0.27495045735313056
5	100	Normalized kNN (full)	0.6618211920529802	0.531792126278796	0.3468211920529802	0.4445620772767085
5	100	kNN (full/test)	1.0	0.6549109367707817	0.4147350993377483	0.6038479393567774
5	100	iMF (test)	1.0	0.5758501194521547	0.38331125827814566	0.5588027314858374
1	200	Random	1.0	0.054035044304879785	0.044503311258278146	0.04601502590259723
1	200	iMF (full)	1.0	0.6259734811344251	0.4033774834437086	0.5706450741102205
1	200	Popularity	1.0	0.3967034180998325	0.270546357615894	0.35717005993133244
1	200	Normalized kNN (test)	1.0	0.26514234323256175	0.19086092715231787	0.24561967214895516
1	200	Average Rating	1.0	0.18493214537653554	0.14051324503311258	0.17592526238145179
1	200	Normalized kNN (full)	0.7244205298013245	0.4674957882882793	0.3063907284768212	0.4071536618327949
1	200	kNN (full/test)	1.0	0.5807442968581912	0.3720529801324503	0.5277033460650832
1	200	iMF (test)	1.0	0.4607353226441072	0.31362582781456955	0.44805055322208986
2	200	Random	1.0	0.051799281937018195	0.04364238410596027	0.046337625814840265
2	200	iMF (full)	1.0	0.6253235369686393	0.40382450331125824	0.5702428874955865
2	200	Popularity	1.0	0.3922889015134259	0.26859271523178807	0.35183978970147745
2	200	Normalized kNN (test)	1.0	0.26791047035629606	0.19190397350993377	0.2448436515294696
2	200	Average Rating	1.0	0.188240206441175	0.14145695364238411	0.17873225246642424
2	200	Normalized kNN (full)	0.7263245033112583	0.46670245767607554	0.30571192052980134	0.40895083521634523
2	200	kNN (full/test)	1.0	0.5742971062041841	0.3686754966887418	0.522906112670449
2	200	iMF (test)	1.0	0.4544310792078633	0.31195364238410594	0.4402531076065799
3	200	Random	1.0	0.05398127048892731	0.04514900662251656	0.047829186864982644
3	200	iMF (full)	1.0	0.6239132082608817	0.4056953642384106	0.5661037925354687
3	200	Popularity	1.0	0.3966028109830752	0.2716225165562914	0.35656930274993875
3	200	Normalized kNN (test)	1.0	0.2637218709320379	0.18990066225165564	0.24282681512370402
3	200	Average Rating	1.0	0.1872102231884492	0.14498344370860927	0.18555857821518085
3	200	Normalized kNN (full)	0.7226986754966888	0.46334801631092	0.30670529801324503	0.4040847954626876
3	200	kNN (full/test)	1.0	0.578168418299383	0.3730298013245033	0.5257136592597598
3	200	iMF (test)	1.0	0.45780019112353704	0.3157450331125828	0.43944183013791355
4	200	Random	1.0	0.05295507655055657	0.04466887417218543	0.046446734663744126
4	200	iMF (full)	1.0	0.6281394249638348	0.40491721854304635	0.5687272237256336
4	200	Popularity	1.0	0.3973704492063153	0.27105960264900664	0.35355826086643827
4	200	Normalized kNN (test)	1.0	0.26722334093607497	0.19183774834437087	0.24398966052529625
4	200	Average Rating	1.0	0.18443636609075514	0.1409933774834437	0.1798007474734904
4	200	Normalized kNN (full)	0.7270860927152318	0.4642458447412226	0.3057450331125828	0.4036159000018485
4	200	kNN (full/test)	1.0	0.5788550697843016	0.37091059602649007	0.5250821251399339
4	200	iMF (test)	1.0	0.46119096046596136	0.3175827814569536	0.4428215839287059
5	200	Random	1.0	0.0540976151395605	0.045033112582781455	0.0486645655971824
5	200	iMF (full)	1.0	0.6282134704139813	0.4024834437086093	0.5742581910073635
5	200	Popularity	1.0	0.39753024349487	0.26975165562913905	0.35859085985029593
5	200	Normalized kNN (test)	1.0	0.2686601501442062	0.1930794701986755	0.24995291837240124
5	200	Average Rating	1.0	0.18484416445859994	0.1410927152317881	0.1809257792867198
5	200	Normalized kNN (full)	0.7290397350993377	0.4693697264919961	0.3058609271523179	0.4106193468195939
5	200	kNN (full/test)	1.0	0.5794599360846118	0.36973509933774834	0.532024417071947
5	200	iMF (test)	1.0	0.4618415290877242	0.31427152317880797	0.45108610765306834
1	500	Random	1.0	0.022933778995470885	0.019205298013245033	0.020726585467376702
1	500	iMF (full)	1.0	0.5202707441641901	0.3402152317880795	0.46915858301420627
1	500	Popularity	1.0	0.28919085989688276	0.2016887417218543	0.2512221795590515
1	500	Normalized kNN (test)	1.0	0.1572679985715505	0.11846026490066225	0.14554506111006466
1	500	Average Rating	1.0	0.09253245912783396	0.0704635761589404	0.08475155787209324
1	500	Normalized kNN (full)	0.8444370860927152	0.3559123335109227	0.2340066225165563	0.33811231815753573
1	500	kNN (full/test)	1.0	0.46817818374045755	0.30168874172185434	0.41816994161527327
1	500	iMF (test)	1.0	0.31327974323589347	0.2201324503311258	0.3025407314138075
2	500	Random	1.0	0.02232989887762855	0.019221854304635765	0.0192702882713633
2	500	iMF (full)	1.0	0.5210673922486638	0.3407119205298013	0.4730191694319835
2	500	Popularity	1.0	0.2856298014256218	0.2008278145695364	0.24690256057633836
2	500	Normalized kNN (test)	1.0	0.156687766373936	0.11890728476821193	0.14560146370474647
2	500	Average Rating	1.0	0.09398629682545023	0.07200331125827815	0.0866952906764249
2	500	Normalized kNN (full)	0.8448013245033114	0.3538599790570481	0.23314569536423843	0.3389988359010938
2	500	kNN (full/test)	1.0	0.4640795508071994	0.2987251655629139	0.4188338664688465
2	500	iMF (test)	1.0	0.30692206197856226	0.21711920529801326	0.295903049271147
3	500	Random	1.0	0.021412897443021765	0.017897350993377484	0.01856588317302147
3	500	iMF (full)	1.0	0.5208343889486222	0.3413576158940398	0.46814586188772633
3	500	Popularity	1.0	0.2899963219533321	0.20268211920529802	0.2520159169833423
3	500	Normalized kNN (test)	1.0	0.15524716272628813	0.11741721854304636	0.14463546347882794
3	500	Average Rating	1.0	0.08944689591936902	0.07094370860927152	0.0868199605604284
3	500	Normalized kNN (full)	0.8422185430463576	0.3525317675941581	0.2342384105960265	0.33583820333938025
3	500	kNN (full/test)	1.0	0.4627525877986889	0.29996688741721855	0.4129071082260238
3	500	iMF (test)	1.0	0.30917849343548953	0.21960264900662252	0.29868505930071565
4	500	Random	1.0	0.022571718349879193	0.01917218543046358	0.018470758812179314
4	500	iMF (full)	1.0	0.5245183196451499	0.3421854304635762	0.47127721640382597
4	500	Popularity	1.0	0.2909907601072377	0.2038907284768212	0.25155839595764556
4	500	Normalized kNN (test)	1.0	0.15962350325649957	0.12071192052980133	0.14722238331103968
4	500	Average Rating	1.0	0.09028259270137966	0.06927152317880796	0.08348809980558705
4	500	Normalized kNN (full)	0.8474503311258279	0.3515381994718908	0.2341721854304636	0.3343795567351423
4	500	kNN (full/test)	1.0	0.46490885627006384	0.3012748344370861	0.4168080035400549
4	500	iMF (test)	1.0	0.31006497543358397	0.21723509933774832	0.29414587535079173
5	500	Random	1.0	0.024166827885991338	0.01948675496688742	0.020182895980120782
5	500	iMF (full)	1.0	0.5253455990341693	0.34091059602649004	0.47830087706712815
5	500	Popularity	1.0	0.2911754593299145	0.2019701986754967	0.2539476985727426
5	500	Normalized kNN (test)	1.0	0.15936475774251022	0.12001655629139073	0.14963226059424223
5	500	Average Rating	1.0	0.0881260596125568	0.06884105960264901	0.08527266281228515
5	500	Normalized kNN (full)	0.8471523178807947	0.3563207613639468	0.23233443708609272	0.3399966972975465
5	500	kNN (full/test)	1.0	0.46818148001192816	0.3015728476821192	0.42515645870288193
5	500	iMF (test)	1.0	0.3120463215634563	0.2205132450331126	0.303915722674662
1	1000	Random	1.0	0.011354339476668699	0.009387417218543047	0.009665704921795968
1	1000	iMF (full)	1.0	0.434169373957086	0.28624172185430463	0.38778816248450815
1	1000	Popularity	1.0	0.2185489520579406	0.15584437086092717	0.18590441454223938
1	1000	Normalized kNN (test)	1.0	0.09809976057160692	0.07925496688741722	0.0937072550714599
1	1000	Average Rating	1.0	0.05696581333294488	0.049172185430463575	0.056841828169073016
1	1000	Normalized kNN (full)	0.9306953642384105	0.2620868990236048	0.1735430463576159	0.26793316149936897
1	1000	kNN (full/test)	1.0	0.37956728410281054	0.24543046357615897	0.3356974162784674
1	1000	iMF (test)	1.0	0.21529924434478726	0.1551655629139073	0.2039655327819184
2	1000	Random	1.0	0.012331712954193202	0.010496688741721855	0.009304761635279867
2	1000	iMF (full)	1.0	0.4331048076177683	0.2860596026490066	0.3902313387449115
2	1000	Popularity	1.0	0.21442375435108468	0.15418874172185432	0.1815113776585128
2	1000	Normalized kNN (test)	1.0	0.09829727046834386	0.0794205298013245	0.09348404272890974
2	1000	Average Rating	1.0	0.05865156556536275	0.05061258278145695	0.06048286275826303
2	1000	Normalized kNN (full)	0.9308940397350994	0.25991422599955083	0.17369205298013243	0.27011035116773296
2	1000	kNN (full/test)	1.0	0.3767708478386477	0.24417218543046357	0.3369248508843484
2	1000	iMF (test)	1.0	0.21482497173712428	0.15397350993377484	0.2020557876338783
3	1000	Random	1.0	0.012809524059541945	0.010513245033112583	0.010822121024217677
3	1000	iMF (full)	1.0	0.43229970154656394	0.2865397350993378	0.3861553131113365
3	1000	Popularity	1.0	0.21837461660728782	0.15700331125827816	0.18589071320273412
3	1000	Normalized kNN (test)	1.0	0.09625198846986473	0.07778145695364239	0.09248706673270274
3	1000	Average Rating	1.0	0.05269470639311989	0.04915562913907286	0.05828573518903656
3	1000	Normalized kNN (full)	0.9295033112582781	0.2570550501471948	0.17240066225165562	0.2646037204641416
3	1000	kNN (full/test)	1.0	0.37834016899235107	0.24531456953642386	0.3327342246098616
3	1000	iMF (test)	1.0	0.21019387167747086	0.15178807947019868	0.19959302579929342
4	1000	Random	1.0	0.012357991094475374	0.01087748344370861	0.010645835922690618
4	1000	iMF (full)	1.0	0.43378987131323127	0.2852980132450331	0.3896198839094825
4	1000	Popularity	1.0	0.2188150863647098	0.15698675496688744	0.18522368225495808
4	1000	Normalized kNN (test)	1.0	0.09929742902889806	0.0804635761589404	0.09544598247623992
4	1000	Average Rating	1.0	0.05480286482169309	0.04826158940397351	0.05689164841478289
4	1000	Normalized kNN (full)	0.9318046357615895	0.25874562893037123	0.1727152317880795	0.2640488926225757
4	1000	kNN (full/test)	1.0	0.3772225236975785	0.24485099337748345	0.3323405452705592
4	1000	iMF (test)	1.0	0.21263963015386378	0.1523841059602649	0.20294160884968432
5	1000	Random	1.0	0.01358045263076479	0.010695364238410597	0.011491723700525949
5	1000	iMF (full)	1.0	0.43563444625258607	0.2870364238410596	0.39433657745910144
5	1000	Popularity	1.0	0.21863259321462528	0.1551655629139073	0.18843596287246078
5	1000	Normalized kNN (test)	1.0	0.09709195434324575	0.07842715231788079	0.09292664610172556
5	1000	Average Rating	1.0	0.05269334648537656	0.04614238410596026	0.05718638062948319
5	1000	Normalized kNN (full)	0.9298013245033112	0.26320961072091414	0.17299668874172186	0.27002408270507516
5	1000	kNN (full/test)	1.0	0.3766920238356181	0.24367549668874172	0.3376643236074729
5	1000	iMF (test)	1.0	0.2156257085350419	0.1549337748344371	0.20619514645519943
1	2000	Random	1.0	0.006086869743218617	0.004983443708609272	0.005068144982729358
1	2000	iMF (full)	1.0	0.34599779192332464	0.23001655629139073	0.30549825678967985
1	2000	Popularity	1.0	0.1587180592919528	0.11498344370860927	0.12845193418112946
1	2000	Normalized kNN (test)	1.0	0.0546924075839155	0.049486754966887425	0.05518164899538932
1	2000	Average Rating	1.0	0.027638159933452134	0.02706953642384106	0.029751826918533283
1	2000	Normalized kNN (full)	0.9817218543046359	0.1761145636784321	0.11832781456953644	0.19114300328553074
1	2000	kNN (full/test)	1.0	0.2970163241020167	0.1928145695364238	0.2587014714251635
1	2000	iMF (test)	1.0	0.14176807110421352	0.10324503311258279	0.13339182735322286
2	2000	Random	1.0	0.006283895186846756	0.005198675496688742	0.004828256827901328
2	2000	iMF (full)	1.0	0.34578176230312985	0.22975165562913907	0.3082512892893492
2	2000	Popularity	1.0	0.15631322248203477	0.11511589403973511	0.12811142971370532
2	2000	Normalized kNN (test)	1.0	0.05608792575982482	0.04978476821192053	0.0559401256829831
2	2000	Average Rating	1.0	0.028718955314736432	0.028592715231788083	0.03357531923174325
2	2000	Normalized kNN (full)	0.9829139072847682	0.17001448455234439	0.1158609271523179	0.1884183647751395
2	2000	kNN (full/test)	1.0	0.29330929160151786	0.19096026490066226	0.25919764563063613
2	2000	iMF (test)	1.0	0.13888045472244256	0.10105960264900662	0.13107652528873742
3	2000	Random	1.0	0.0060078512868002	0.005082781456953643	0.0045234058911107575
3	2000	iMF (full)	1.0	0.3445309289760364	0.23084437086092716	0.3078868960667919
3	2000	Popularity	1.0	0.15714852689390432	0.11539735099337749	0.13139989938190608
3	2000	Normalized kNN (test)	1.0	0.0537214580101633	0.0481953642384106	0.053460492858130156
3	2000	Average Rating	1.0	0.023104624986672394	0.025579470198675496	0.027635775634463622
3	2000	Normalized kNN (full)	0.9836423841059603	0.16845822352904494	0.11572847682119206	0.18739657989183364
3	2000	kNN (full/test)	1.0	0.29479670535245467	0.19155629139072847	0.25474727992737123
3	2000	iMF (test)	1.0	0.13992202698935494	0.10201986754966888	0.13155802810429953
4	2000	Random	1.0	0.006413560569967243	0.005347682119205299	0.0050779385239288705
4	2000	iMF (full)	1.0	0.3454546553590187	0.22985099337748344	0.30623162354840033
4	2000	Popularity	1.0	0.15794956519539965	0.1164569536423841	0.13068346795025826
4	2000	Normalized kNN (test)	1.0	0.05641399805136926	0.05041390728476821	0.05518743167674354
4	2000	Average Rating	1.0	0.024967771784505734	0.024867549668874174	0.027430081283458307
4	2000	Normalized kNN (full)	0.9830298013245033	0.17073871500543536	0.11533112582781457	0.18647183768095438
4	2000	kNN (full/test)	1.0	0.294223224254174	0.19236754966887418	0.2541678138376109
4	2000	iMF (test)	1.0	0.1411003158783739	0.1024337748344371	0.1341508037527293
5	2000	Random	1.0	0.006538555388887689	0.00533112582781457	0.005559233610089388
5	2000	iMF (full)	1.0	0.3425206195807666	0.22776490066225166	0.303274831044286
5	2000	Popularity	1.0	0.15871421503263464	0.11448675496688741	0.13087657346912632
5	2000	Normalized kNN (test)	1.0	0.05512626493754635	0.04945364238410596	0.055053142733780425
5	2000	Average Rating	1.0	0.025113707808498274	0.024486754966887417	0.02987166708429564
5	2000	Normalized kNN (full)	0.9837251655629139	0.1738914693405263	0.11619205298013247	0.19320483172000133
5	2000	kNN (full/test)	1.0	0.29305836269736196	0.18980132450331128	0.25922547974808985
5	2000	iMF (test)	1.0	0.14095296797237614	0.10326158940397352	0.13415511648604153
1	3706	Random	1.0	0.0033649614423382147	0.0028973509933774835	0.0026034577381733167
1	3706	iMF (full)	1.0	0.2743128679496545	0.18365894039735098	0.24143829132975775
1	3706	Popularity	1.0	0.11495788780645932	0.08475165562913908	0.08923070319696261
1	3706	Normalized kNN (test)	1.0	0.02854844161028755	0.028443708609271524	0.029530161470593664
1	3706	Average Rating	1.0	0.014203514827908922	0.01665562913907285	0.016513932067482685
1	3706	Normalized kNN (full)	0.9980629139072847	0.11214955662154506	0.07701986754966889	0.12745974407748922
1	3706	kNN (full/test)	1.0	0.23223126036568154	0.15039735099337748	0.19896751563869114
1	3706	iMF (test)	1.0	0.09600669841026004	0.07016556291390728	0.09083269405716285
2	3706	Random	1.0	0.0037733334715008174	0.0029966887417218545	0.0035612477998018238
2	3706	iMF (full)	1.0	0.27103433775419566	0.18220198675496688	0.2405429710450057
2	3706	Popularity	1.0	0.11285429123403296	0.08420529801324504	0.08700411686743768
2	3706	Normalized kNN (test)	1.0	0.028537104183202884	0.028294701986754968	0.029676913199269503
2	3706	Average Rating	1.0	0.009718855762553406	0.010678807947019867	0.010896638238975196
2	3706	Normalized kNN (full)	0.9982284768211921	0.10878600227909715	0.0756953642384106	0.12558542466760164
2	3706	kNN (full/test)	1.0	0.22861742110397806	0.14980132450331127	0.19978364958289793
2	3706	iMF (test)	1.0	0.0942652426736346	0.06943708609271523	0.08702309416011808
3	3706	Random	1.0	0.0034159960289144808	0.003062913907284768	0.0029278369169047124
3	3706	iMF (full)	1.0	0.2716352746285625	0.1833609271523179	0.24098430664789755
3	3706	Popularity	1.0	0.11252063647715009	0.08346026490066226	0.08811336940272516
3	3706	Normalized kNN (test)	1.0	0.02727494182919738	0.027367549668874173	0.027578508559598466
3	3706	Average Rating	1.0	0.005252236124090308	0.006804635761589404	0.006096031490552164
3	3706	Normalized kNN (full)	0.9982615894039735	0.10747767789545194	0.07567880794701987	0.12650349963360602
3	3706	kNN (full/test)	1.0	0.23165920972614717	0.15024834437086093	0.19961196274796678
3	3706	iMF (test)	1.0	0.0912704805485754	0.06771523178807946	0.08379976057059757
4	3706	Random	1.0	0.0030645458642894305	0.002665562913907285	0.002358401045126823
4	3706	iMF (full)	1.0	0.26957355259169835	0.1823344370860927	0.23662051928587496
4	3706	Popularity	1.0	0.113419090359256	0.08455298013245033	0.08777220712745605
4	3706	Normalized kNN (test)	1.0	0.029295202110544576	0.02925496688741722	0.029301094399591002
4	3706	Average Rating	1.0	0.01080936539485457	0.012483443708609272	0.013266540610040584
4	3706	Normalized kNN (full)	0.9982119205298013	0.11192442216862626	0.0773841059602649	0.1277979027713766
4	3706	kNN (full/test)	1.0	0.23056057453177173	0.15129139072847683	0.19549274722436435
4	3706	iMF (test)	1.0	0.09435404554637959	0.06963576158940397	0.09000762718061167
5	3706	Random	1.0	0.003445535315620164	0.002814569536423841	0.0026762321338308563
5	3706	iMF (full)	1.0	0.26965151223840456	0.18077814569536424	0.23897566471185333
5	3706	Popularity	1.0	0.11484776247178047	0.08394039735099337	0.09134353701534817
5	3706	Normalized kNN (test)	1.0	0.02849310859909245	0.02870860927152318	0.029945277480508684
5	3706	Average Rating	1.0	0.009290197476040382	0.01066225165562914	0.011275205235398374
5	3706	Normalized kNN (full)	0.9982119205298013	0.11294252015317297	0.07690397350993378	0.13173087973851677
5	3706	kNN (full/test)	1.0	0.22908594092088805	0.14887417218543048	0.19968942357973665
5	3706	iMF (test)	1.0	0.09516036835299356	0.06978476821192053	0.08782206824113613
