fold	target size	recommender system	Coverage@10	nDCG@10	P@10	Recall@10	FScore@10
1	0	kNN (full)	0.8401492537313433	0.8087401177067098	0.5794029850746268	0.6938217231662964	0.5315737750227854
1	0	Random	0.8401492537313433	0.6810715603746543	0.4885074626865672	0.6346940994847454	0.4666571472464882
1	0	iMF (full)	0.8401492537313433	0.8096288055000992	0.5816417910447761	0.6939706663952404	0.5321189668940598
1	0	Popularity	0.8401492537313433	0.7538736898103032	0.5508955223880597	0.6769841428181845	0.5119470732421456
1	0	kNN (test)	0.8401492537313433	0.8105796866636342	0.582089552238806	0.6959697407733432	0.5336698009630999
1	0	Normalized kNN (test)	0.8401492537313433	0.8250392676606223	0.59	0.7010060190470441	0.539939237023966
1	0	Average Rating	0.8401492537313433	0.8206148532432544	0.5882089552238806	0.7016937846408527	0.5397808684760403
1	0	Normalized kNN (full)	0.8401492537313433	0.7932623644891696	0.5734328358208955	0.685374512567641	0.5247444048731744
1	0	iMF (test)	0.8401492537313433	0.8296497570252876	0.5931343283582089	0.7055814716720191	0.5436966150619448
2	0	kNN (full)	0.8479104477611941	0.80797612997614	0.5837313432835821	0.6894509118947907	0.5329797040592392
2	0	Random	0.8479104477611941	0.6796777002837018	0.4897014925373135	0.6287260672590712	0.4646410988858739
2	0	iMF (full)	0.8479104477611941	0.8067420432952204	0.5817910447761194	0.6882772915646944	0.5312399393031236
2	0	Popularity	0.8479104477611941	0.7566757939031457	0.5540298507462686	0.6714236940016962	0.51153990966038
2	0	kNN (test)	0.8479104477611941	0.8054107403078681	0.5805970149253732	0.6848482347096153	0.5293071628050228
2	0	Normalized kNN (test)	0.8479104477611941	0.8266216477895175	0.5946268656716418	0.69899811519243	0.5423710038872772
2	0	Average Rating	0.8479104477611941	0.8174134789506741	0.5880597014925373	0.6963603433707968	0.5384004771392195
2	0	Normalized kNN (full)	0.8479104477611941	0.7914697943985608	0.5722388059701492	0.6782488001223509	0.5224200775198135
2	0	iMF (test)	0.8479104477611941	0.8240049319729509	0.5961194029850746	0.6995661133130372	0.5434252049392314
3	0	kNN (full)	0.8389552238805971	0.8061532104317862	0.5819402985074626	0.685941938567554	0.5300363830938811
3	0	Random	0.8389552238805971	0.67135654332004	0.48388059701492536	0.6194037490354821	0.4592305006144301
3	0	iMF (full)	0.8389552238805971	0.8092558018399941	0.5825373134328359	0.6827059561403487	0.5284675746767592
3	0	Popularity	0.8389552238805971	0.7508674156597329	0.544179104477612	0.6634257249022163	0.5034965204951135
3	0	kNN (test)	0.8389552238805971	0.8041114978497098	0.5822388059701493	0.6841540166464728	0.5292552415127815
3	0	Normalized kNN (test)	0.8389552238805971	0.8183966454187354	0.5904477611940299	0.6925160951763614	0.5368535620850159
3	0	Average Rating	0.8389552238805971	0.8079161909402566	0.5850746268656717	0.6906854426927983	0.5339045374541914
3	0	Normalized kNN (full)	0.8389552238805971	0.789914897321489	0.5702985074626866	0.6752502176351074	0.5201226844140592
3	0	iMF (test)	0.8389552238805971	0.8202217555194201	0.5937313432835821	0.6966195561683376	0.5405307489461567
4	0	kNN (full)	0.8541791044776119	0.8093550640757393	0.5867164179104478	0.7013828355300561	0.5440847742137807
4	0	Random	0.8541791044776119	0.6798467185630023	0.4979104477611941	0.6415984806121944	0.47959763775958225
4	0	iMF (full)	0.8541791044776119	0.8072077611706738	0.5846268656716418	0.6986648313769791	0.5415605491587618
4	0	Popularity	0.8541791044776119	0.7577818588336582	0.5522388059701493	0.6819006790424615	0.5208413820673199
4	0	kNN (test)	0.8541791044776119	0.8067558673440228	0.5871641791044776	0.7012381691681138	0.5440568680604412
4	0	Normalized kNN (test)	0.8541791044776119	0.8270423965664706	0.5974626865671642	0.7107698474258671	0.5530291783088137
4	0	Average Rating	0.8541791044776119	0.8193680137991662	0.591044776119403	0.7078080293856978	0.549090488947227
4	0	Normalized kNN (full)	0.8541791044776119	0.8027949362387737	0.5813432835820895	0.6955003484236112	0.5387368734083031
4	0	iMF (test)	0.8541791044776119	0.8216370472349889	0.5973134328358208	0.7079140131684111	0.5519131335425751
5	0	kNN (full)	0.8452238805970148	0.8066938226854189	0.5740298507462687	0.6988212825036569	0.5335352658154974
5	0	Random	0.8452238805970148	0.6687046114495718	0.4853731343283582	0.6402330409210497	0.46859432847758714
5	0	iMF (full)	0.8452238805970148	0.8048322530852067	0.5758208955223881	0.6986672175044925	0.5340571077271313
5	0	Popularity	0.8452238805970148	0.7555810049594239	0.5419402985074627	0.6784513278428119	0.5106091303910507
5	0	kNN (test)	0.8452238805970148	0.8040846862155494	0.5753731343283582	0.6985923042182822	0.533829063562878
5	0	Normalized kNN (test)	0.8452238805970148	0.8187197738225968	0.5856716417910447	0.7050746404943454	0.541525261749736
5	0	Average Rating	0.8452238805970148	0.8138890895721684	0.578955223880597	0.701440582208401	0.5369638919388345
5	0	Normalized kNN (full)	0.8452238805970148	0.7900475738418803	0.5650746268656717	0.6848577989486994	0.5231989523682736
5	0	iMF (test)	0.8452238805970148	0.821667825567459	0.5853731343283582	0.7064939716783334	0.5422247948309458
1	1	kNN (full)	0.8759701492537313	0.804683324773742	0.576865671641791	0.6909670496614839	0.5289868847263943
1	1	Random	0.8759701492537313	0.6450401185905515	0.4747761194029851	0.6196970806300082	0.45355328977895554
1	1	iMF (full)	0.8759701492537313	0.8057858738566871	0.5771641791044776	0.6906946285412429	0.5288720727457017
1	1	Popularity	0.8759701492537313	0.7469737671064075	0.5470149253731343	0.6726694008721298	0.5079965909640917
1	1	kNN (test)	0.8759701492537313	0.8065507686232736	0.5797014925373134	0.6931864227354158	0.5311688214308613
1	1	Normalized kNN (test)	0.8759701492537313	0.8140059973032148	0.5840298507462687	0.6948286084199126	0.5342085094798298
1	1	Average Rating	0.8759701492537313	0.7969024789659782	0.5802985074626866	0.6939337936603598	0.5323783344749258
1	1	Normalized kNN (full)	0.8759701492537313	0.7818222860491362	0.5682089552238806	0.6785261605627348	0.5190650153951177
1	1	iMF (test)	0.8759701492537313	0.8238319944054909	0.5913432835820895	0.7026973650087148	0.5413722194159466
2	1	kNN (full)	0.883134328358209	0.8058942570469672	0.5825373134328359	0.6881607357911818	0.5317816719621729
2	1	Random	0.883134328358209	0.6404019630258005	0.4759701492537313	0.6149783925534577	0.4520570836706029
2	1	iMF (full)	0.883134328358209	0.8019032567952155	0.5797014925373134	0.6855619416919454	0.5290736559667548
2	1	Popularity	0.883134328358209	0.7493763871517961	0.550597014925373	0.666782658558422	0.5077454975969415
2	1	kNN (test)	0.883134328358209	0.802988537407906	0.5794029850746268	0.6832384266072699	0.527951197533342
2	1	Normalized kNN (test)	0.883134328358209	0.8168278023083946	0.5895522388059702	0.6934825694595884	0.5373348211197975
2	1	Average Rating	0.883134328358209	0.7953380412420701	0.5804477611940299	0.6889983240461608	0.5312812758224401
2	1	Normalized kNN (full)	0.883134328358209	0.7789431592889677	0.5643283582089552	0.6678886227099347	0.5138167128280045
2	1	iMF (test)	0.883134328358209	0.8189932538344146	0.5917910447761194	0.695638407342685	0.5394748795407965
3	1	kNN (full)	0.8735820895522387	0.80290859413571	0.5801492537313433	0.6835328530427969	0.5281153615037188
3	1	Random	0.8735820895522387	0.6213125808051349	0.46492537313432836	0.6030275423265982	0.44352586458495
3	1	iMF (full)	0.8735820895522387	0.8074306437496023	0.5801492537313433	0.6812693792111609	0.5268007448271882
3	1	Popularity	0.8735820895522387	0.7448409880969598	0.5408955223880597	0.659603891677398	0.5000589596847208
3	1	kNN (test)	0.8735820895522387	0.8005859909609441	0.5804477611940299	0.6820617991624642	0.5274044856061885
3	1	Normalized kNN (test)	0.8735820895522387	0.8080398734664397	0.585820895522388	0.688271802859417	0.5328237004364805
3	1	Average Rating	0.8735820895522387	0.782248080394216	0.5777611940298508	0.6837520072598997	0.5272231690464589
3	1	Normalized kNN (full)	0.8735820895522387	0.7833087568367174	0.5676119402985075	0.6723185913279021	0.5174477747840249
3	1	iMF (test)	0.8735820895522387	0.8072388863596117	0.5888059701492537	0.6912667484387697	0.5361925240267685
4	1	kNN (full)	0.8891044776119403	0.8060783259323708	0.5844776119402986	0.6988920613788342	0.5418366119744673
4	1	Random	0.8891044776119403	0.6447594924177178	0.4811940298507462	0.6243051736005437	0.4635597817380532
4	1	iMF (full)	0.8891044776119403	0.805421492693439	0.5825373134328359	0.6959942491358208	0.5392717128237873
4	1	Popularity	0.8891044776119403	0.7499726951502198	0.5476119402985075	0.6763517477092325	0.5160197853700705
4	1	kNN (test)	0.8891044776119403	0.8024460554762263	0.5840298507462687	0.6966993595239485	0.5404885744988479
4	1	Normalized kNN (test)	0.8891044776119403	0.8174034041817414	0.5928358208955223	0.706449879114523	0.5488483148882982
4	1	Average Rating	0.8891044776119403	0.7985539394762301	0.5816417910447761	0.6983011999935297	0.5404678700397215
4	1	Normalized kNN (full)	0.8891044776119403	0.7919064222226715	0.5759701492537314	0.6877148570001241	0.5330570781087083
4	1	iMF (test)	0.8891044776119403	0.8194627924963092	0.5934328358208956	0.7074782589348062	0.5498241817183951
5	1	kNN (full)	0.8808955223880598	0.803623991381588	0.5723880597014925	0.6969169569491999	0.5318447305304665
5	1	Random	0.8808955223880598	0.6347862892123854	0.4708955223880597	0.6260187944974975	0.4557645938748362
5	1	iMF (full)	0.8808955223880598	0.8022540476590068	0.5741791044776119	0.6962701261102022	0.5320306216314068
5	1	Popularity	0.8808955223880598	0.7478791266141392	0.5371641791044776	0.6729272375052888	0.505675312042674
5	1	kNN (test)	0.8808955223880598	0.8012934557158369	0.5732835820895523	0.6962384677292395	0.531800473707774
5	1	Normalized kNN (test)	0.8808955223880598	0.8081257479205943	0.5801492537313433	0.6992641754226864	0.536333936188576
5	1	Average Rating	0.8808955223880598	0.7908294195938859	0.572089552238806	0.6949688056057916	0.5306732587636327
5	1	Normalized kNN (full)	0.8808955223880598	0.7768955927970157	0.5577611940298507	0.6754133632027542	0.5153590698488051
5	1	iMF (test)	0.8808955223880598	0.814235146173605	0.5823880597014925	0.7035499402862886	0.5394311507633489
1	2	kNN (full)	0.9088059701492537	0.802173375764327	0.5767164179104477	0.6910834720659087	0.5290413084301033
1	2	Random	0.9088059701492537	0.6117650352167655	0.4543283582089552	0.5999458946553234	0.4344950879547301
1	2	iMF (full)	0.9088059701492537	0.8034155229456711	0.5771641791044776	0.690511663143176	0.5286594562336485
1	2	Popularity	0.9088059701492537	0.7378206455527098	0.5432835820895522	0.6677897841661257	0.5040817776524054
1	2	kNN (test)	0.9088059701492537	0.8037394401331039	0.5780597014925374	0.6919202263094532	0.5298035538148603
1	2	Normalized kNN (test)	0.9088059701492537	0.8083674038767272	0.5826865671641791	0.6947603923270896	0.533614195102169
1	2	Average Rating	0.9088059701492537	0.7744962257727732	0.5725373134328359	0.6876765588163285	0.5260920694664071
1	2	Normalized kNN (full)	0.9088059701492537	0.7726690888169866	0.5622388059701492	0.6697210686252467	0.5125649256278123
1	2	iMF (test)	0.9088059701492537	0.8162984840923508	0.585820895522388	0.699142723550761	0.5369193968659433
2	2	kNN (full)	0.9143283582089553	0.8025163403675528	0.5804477611940299	0.6854569767254823	0.529499427120551
2	2	Random	0.9143283582089553	0.6003995132911405	0.45164179104477614	0.584619773942545	0.4284879063365742
2	2	iMF (full)	0.9143283582089553	0.801630633651858	0.5776119402985075	0.6828878555469109	0.5268289731662406
2	2	Popularity	0.9143283582089553	0.7435089653876942	0.5470149253731343	0.6627715832600333	0.5041847852028934
2	2	kNN (test)	0.9143283582089553	0.7987709638018129	0.5759701492537314	0.6797706862216191	0.5246525003600448
2	2	Normalized kNN (test)	0.9143283582089553	0.8088347469483808	0.5847761194029851	0.6896680991372642	0.5334344602636721
2	2	Average Rating	0.9143283582089553	0.774932808276554	0.5713432835820895	0.6804021832563124	0.5230145164688892
2	2	Normalized kNN (full)	0.9143283582089553	0.7731184934034192	0.5607462686567164	0.6633372556137914	0.5102405513647457
2	2	iMF (test)	0.9143283582089553	0.8103635348995082	0.5880597014925373	0.6923806704325256	0.5363688909631846
3	2	kNN (full)	0.9047761194029852	0.7997457306879523	0.5780597014925374	0.6812802363229425	0.5259844688808848
3	2	Random	0.9047761194029852	0.6033050502053815	0.45716417910447765	0.592404590595677	0.43384885998127326
3	2	iMF (full)	0.9047761194029852	0.804968583445549	0.5801492537313433	0.68076137792862	0.526371962160857
3	2	Popularity	0.9047761194029852	0.7390247502250804	0.5385074626865671	0.6570912282049596	0.49769077310617554
3	2	kNN (test)	0.9047761194029852	0.7972571545372538	0.5785074626865672	0.6793155467250935	0.5252789984428169
3	2	Normalized kNN (test)	0.9047761194029852	0.7965078556659153	0.5813432835820895	0.6838129850748665	0.5285975593215243
3	2	Average Rating	0.9047761194029852	0.7641435126609981	0.5694029850746268	0.6782602760684043	0.520884193282301
3	2	Normalized kNN (full)	0.9047761194029852	0.7723017185490603	0.558955223880597	0.6598377360857791	0.5076309839473976
3	2	iMF (test)	0.9047761194029852	0.8025759072316232	0.5831343283582089	0.6867586538422876	0.5309480892638774
4	2	kNN (full)	0.920597014925373	0.80204146254842	0.5819402985074626	0.6954540816162276	0.5389829259315044
4	2	Random	0.920597014925373	0.6160376667358285	0.4664179104477612	0.6111770248561263	0.45077737157023623
4	2	iMF (full)	0.920597014925373	0.8006008963299197	0.5791044776119403	0.6926103366784047	0.5361088482799521
4	2	Popularity	0.920597014925373	0.7432295474992257	0.5438805970149253	0.6712177039788896	0.5118934231796977
4	2	kNN (test)	0.920597014925373	0.7995530224050581	0.5825373134328359	0.6954906892042159	0.5391026849418887
4	2	Normalized kNN (test)	0.920597014925373	0.8083569241216739	0.5904477611940299	0.7038560369812937	0.5464803744933343
4	2	Average Rating	0.920597014925373	0.7672311701642448	0.5707462686567164	0.6871528291549237	0.5301697930166883
4	2	Normalized kNN (full)	0.920597014925373	0.7828083514260347	0.5695522388059702	0.6799767647357643	0.5258451625609876
4	2	iMF (test)	0.920597014925373	0.8099138846567028	0.5917910447761194	0.7043946805018605	0.5474893193036238
5	2	kNN (full)	0.9120895522388061	0.8018038810915744	0.5708955223880597	0.69543564880548	0.530461510797471
5	2	Random	0.9120895522388061	0.613296129609109	0.45850746268656717	0.6107838183490464	0.44236042199992215
5	2	iMF (full)	0.9120895522388061	0.8027657360085383	0.5743283582089552	0.6955958566769177	0.5316789764034301
5	2	Popularity	0.9120895522388061	0.7423975996629582	0.5355223880597015	0.67078866239735	0.5039228226867193
5	2	kNN (test)	0.9120895522388061	0.7973737755870862	0.5719402985074626	0.6939580455534571	0.5300934413475182
5	2	Normalized kNN (test)	0.9120895522388061	0.8027536344316313	0.5777611940298508	0.6963595827667007	0.5336763834316881
5	2	Average Rating	0.9120895522388061	0.7718165737530467	0.5638805970149254	0.686407705639339	0.5228705914523498
5	2	Normalized kNN (full)	0.9120895522388061	0.767034338855587	0.5529850746268656	0.6689669383762537	0.5100990187182219
5	2	iMF (test)	0.9120895522388061	0.8087840607201278	0.582089552238806	0.702271663920574	0.5386901794629554
1	5	kNN (full)	0.9770149253731344	0.7933389786615204	0.57	0.6822285575173229	0.5218520993933993
1	5	Random	0.9770149253731344	0.5209734886226448	0.40328358208955223	0.5314673311974929	0.3835187513664116
1	5	iMF (full)	0.9770149253731344	0.7970452752716021	0.573134328358209	0.6834110717634816	0.5238324930547821
1	5	Popularity	0.9770149253731344	0.7188898922773094	0.5313432835820896	0.6519156774379696	0.4911491013214159
1	5	kNN (test)	0.9770149253731344	0.7939960437613048	0.5714925373134327	0.6808725653870527	0.5219466080918193
1	5	Normalized kNN (test)	0.9770149253731344	0.7798563123770832	0.5673134328358209	0.6779793695310874	0.5191844528935364
1	5	Average Rating	0.9770149253731344	0.7212083973710085	0.5467164179104478	0.6558933525790513	0.5004154278032262
1	5	Normalized kNN (full)	0.9770149253731344	0.7499527876725676	0.5476119402985075	0.6462465936460363	0.49567662535787305
1	5	iMF (test)	0.9770149253731344	0.8009405880015157	0.578955223880597	0.6899916605392374	0.5299549688117164
2	5	kNN (full)	0.9785074626865672	0.7916462478730275	0.5728358208955224	0.6757173997718823	0.5216014673170074
2	5	Random	0.9785074626865672	0.5194880480436151	0.40746268656716417	0.5223734541448438	0.3832307055724033
2	5	iMF (full)	0.9785074626865672	0.7955900101205384	0.5755223880597016	0.6800944267933786	0.5245928459632937
2	5	Popularity	0.9785074626865672	0.7252402675870814	0.5359701492537314	0.6469186395651461	0.49219683017338206
2	5	kNN (test)	0.9785074626865672	0.7900308957813351	0.5719402985074626	0.6718139598964832	0.5198386148444825
2	5	Normalized kNN (test)	0.9785074626865672	0.7857581701080927	0.5735820895522388	0.6777049843467752	0.5226662905871066
2	5	Average Rating	0.9785074626865672	0.7170076779813622	0.5429850746268657	0.6509966171413576	0.49685420501043737
2	5	Normalized kNN (full)	0.9785074626865672	0.7457283789920356	0.5417910447761194	0.63665329904382	0.4893200769225819
2	5	iMF (test)	0.9785074626865672	0.7959553192654482	0.5791044776119403	0.6820455304457644	0.5275926460526893
3	5	kNN (full)	0.9734328358208956	0.791782999715529	0.573134328358209	0.6754799463706153	0.5209338501795049
3	5	Random	0.9734328358208956	0.5171499438814133	0.40164179104477615	0.529605686988766	0.3811618321342069
3	5	iMF (full)	0.9734328358208956	0.7997388482619668	0.5764179104477611	0.676217487977862	0.5226454320168168
3	5	Popularity	0.9734328358208956	0.7151338388122023	0.5270149253731343	0.6426086660946085	0.485719074707428
3	5	kNN (test)	0.9734328358208956	0.7881361340050386	0.5722388059701492	0.6708925753587157	0.5183246081780956
3	5	Normalized kNN (test)	0.9734328358208956	0.7729283955943346	0.5683582089552239	0.6709961547619893	0.5166829074809107
3	5	Average Rating	0.9734328358208956	0.7087522651073134	0.5447761194029851	0.6476822441937652	0.4955045683052075
3	5	Normalized kNN (full)	0.9734328358208956	0.7521053292867774	0.5462686567164179	0.6391909712514604	0.4929437581356633
3	5	iMF (test)	0.9734328358208956	0.7861944029896353	0.5756716417910448	0.679112567029771	0.5242757977720189
4	5	kNN (full)	0.9814925373134329	0.792752656071973	0.5767164179104477	0.6897091061496459	0.5339234824631405
4	5	Random	0.9814925373134329	0.5291692229411606	0.4134328358208955	0.5369665105610781	0.3944002817796616
4	5	iMF (full)	0.9814925373134329	0.791243828665152	0.5747761194029851	0.6867622023074614	0.5312026043514254
4	5	Popularity	0.9814925373134329	0.7245332375110665	0.5326865671641791	0.6562955396020329	0.49977104030887193
4	5	kNN (test)	0.9814925373134329	0.7889819991020451	0.5753731343283582	0.6867644435077227	0.5317232464889999
4	5	Normalized kNN (test)	0.9814925373134329	0.783475402746145	0.5773134328358209	0.689917670777044	0.5338746329261395
4	5	Average Rating	0.9814925373134329	0.7164257549216154	0.5459701492537313	0.6581315582242889	0.5056960547710406
4	5	Normalized kNN (full)	0.9814925373134329	0.7563301174587368	0.5528358208955223	0.6516731899681302	0.5061536159011805
4	5	iMF (test)	0.9814925373134329	0.7932357895253384	0.5801492537313433	0.6938660397593699	0.5372405620171349
5	5	kNN (full)	0.9777611940298507	0.7900933400905698	0.5634328358208955	0.6862792317122164	0.5229474774592706
5	5	Random	0.9777611940298507	0.527820328534344	0.4073134328358209	0.5417176721598413	0.38931408692992486
5	5	iMF (full)	0.9777611940298507	0.7938642226989833	0.5691044776119403	0.6894976113998357	0.5267440219714354
5	5	Popularity	0.9777611940298507	0.7255329121041868	0.5240298507462687	0.656104993290144	0.49189498354979144
5	5	kNN (test)	0.9777611940298507	0.7878638668629305	0.5644776119402984	0.6856069131545224	0.5229483423895449
5	5	Normalized kNN (test)	0.9777611940298507	0.7757130529269317	0.5637313432835821	0.6829523171628243	0.5213600578059955
5	5	Average Rating	0.9777611940298507	0.7087879183387641	0.5353731343283582	0.655769213280195	0.49647057885403567
5	5	Normalized kNN (full)	0.9777611940298507	0.7422622531826597	0.5349253731343283	0.6398557153397149	0.4894020268717209
5	5	iMF (test)	0.9777611940298507	0.7899722824118771	0.5711940298507463	0.6907833971177912	0.5288888092124032
1	10	kNN (full)	0.9998507462686567	0.7797141253786168	0.5602985074626865	0.6692476337011541	0.511517196614341
1	10	Random	0.9998507462686567	0.4343984394383249	0.3414925373134329	0.41624737719071797	0.3114506491147512
1	10	iMF (full)	0.9998507462686567	0.7813046706655753	0.5625373134328358	0.6694666844284839	0.5129043701064819
1	10	Popularity	0.9998507462686567	0.6886054538321266	0.5129850746268656	0.6250087866123464	0.47101001352601635
1	10	kNN (test)	0.9998507462686567	0.7823435977178355	0.5629850746268656	0.6673706332168514	0.5125399128060245
1	10	Normalized kNN (test)	0.9998507462686567	0.7388103315940383	0.5461194029850746	0.6524944910236984	0.49777277553269494
1	10	Average Rating	0.9998507462686567	0.6440767776901843	0.5064179104477612	0.5987980426049505	0.45962427941724576
1	10	Normalized kNN (full)	0.9998507462686567	0.7137661496374609	0.5216417910447761	0.5920183978561311	0.4638856467795047
1	10	iMF (test)	0.9998507462686567	0.773665503931969	0.5617910447761194	0.6725226612540408	0.5145033501579218
2	10	kNN (full)	1.0	0.7764633140909326	0.563134328358209	0.6573871202751825	0.5102560832971015
2	10	Random	1.0	0.42933493906062975	0.341044776119403	0.41739761245413337	0.3092424850327535
2	10	iMF (full)	1.0	0.7787618986287715	0.5643283582089552	0.663893609426425	0.5124119998893502
2	10	Popularity	1.0	0.6943075332967824	0.521044776119403	0.6209096690135074	0.4750811819728967
2	10	kNN (test)	1.0	0.7744110701180814	0.5605970149253732	0.6570263643731695	0.508126100297757
2	10	Normalized kNN (test)	1.0	0.7476942032323498	0.5546268656716419	0.6534260931056697	0.5039568947779818
2	10	Average Rating	1.0	0.6308646376504277	0.4992537313432836	0.5834380155616168	0.4499595869613805
2	10	Normalized kNN (full)	1.0	0.7147696908709225	0.5201492537313432	0.5899813795227762	0.46302068470666213
2	10	iMF (test)	1.0	0.766878953324715	0.5646268656716418	0.663711712734485	0.5132148972284485
3	10	kNN (full)	0.9998507462686567	0.7772098724549416	0.5626865671641791	0.6610637865860872	0.5097520948497122
3	10	Random	0.9998507462686567	0.4223137437871998	0.3319402985074627	0.40982188476348747	0.3017055667291912
3	10	iMF (full)	0.9998507462686567	0.7870981374264094	0.5674626865671641	0.6633758864860825	0.5130882920609686
3	10	Popularity	0.9998507462686567	0.6958946721724076	0.5132835820895522	0.6206498491508704	0.4700205301093002
3	10	kNN (test)	0.9998507462686567	0.7725005502259865	0.5626865671641791	0.6557200827538855	0.5078874571907642
3	10	Normalized kNN (test)	0.9998507462686567	0.7346972375589753	0.546865671641791	0.6467479486099026	0.49595530730057497
3	10	Average Rating	0.9998507462686567	0.6292967650701434	0.4979104477611941	0.5848254590168038	0.4481538234930247
3	10	Normalized kNN (full)	0.9998507462686567	0.7162117666493788	0.5205970149253731	0.5869976281322445	0.46161882866454895
3	10	iMF (test)	0.9998507462686567	0.7649342594676266	0.5602985074626865	0.6627324594454927	0.509960172336302
4	10	kNN (full)	1.0	0.7786633748924218	0.5665671641791045	0.6747770649043696	0.5224326821250906
4	10	Random	1.0	0.4303628110471923	0.34134328358208954	0.4262351498373521	0.31764208518334297
4	10	iMF (full)	1.0	0.7847633443239291	0.5688059701492537	0.6780843951168029	0.5250800076244798
4	10	Popularity	1.0	0.6951267856638483	0.5125373134328358	0.6269423278432119	0.47715802183575223
4	10	kNN (test)	1.0	0.776101442112237	0.5655223880597015	0.6714041456593235	0.5204308409423317
4	10	Normalized kNN (test)	1.0	0.7418438144873866	0.5559701492537313	0.6656580508610142	0.5131746278946098
4	10	Average Rating	1.0	0.6387475590917602	0.5020895522388059	0.595171454560281	0.4603262021448019
4	10	Normalized kNN (full)	1.0	0.7188078669540232	0.5238805970149254	0.5904439028736537	0.4702590571948107
4	10	iMF (test)	1.0	0.762820260901912	0.5629850746268656	0.6709136119973866	0.5188786688816489
5	10	kNN (full)	1.0	0.7793144322035801	0.5564179104477612	0.6754602843614704	0.5146492471886084
5	10	Random	1.0	0.41963373000560594	0.3373134328358209	0.4078436582822294	0.30843767513197096
5	10	iMF (full)	1.0	0.7818471704755179	0.5608955223880597	0.6771765204726894	0.5176348840329628
5	10	Popularity	1.0	0.6930139889688265	0.5028358208955224	0.6219881611889659	0.4677161591637034
5	10	kNN (test)	1.0	0.7744445053891509	0.555820895522388	0.6713138140891146	0.5123982942447894
5	10	Normalized kNN (test)	1.0	0.7351460839516016	0.5413432835820895	0.6559532324322436	0.49919849494717317
5	10	Average Rating	1.0	0.6288916525932393	0.48910447761194026	0.5901966625760855	0.44804832449854787
5	10	Normalized kNN (full)	1.0	0.7082577599426402	0.5126865671641792	0.5927716955301802	0.4611249228919147
5	10	iMF (test)	1.0	0.7657975859647689	0.5585074626865671	0.67173840426793	0.5145171094515076
1	20	kNN (full)	1.0	0.7572150694830242	0.545223880597015	0.6466868522576161	0.4950182471036948
1	20	Random	1.0	0.30333989494115043	0.25208955223880597	0.27265598799568075	0.2183765554629193
1	20	iMF (full)	1.0	0.7668494420742296	0.5546268656716419	0.6557784395914462	0.5034997685301578
1	20	Popularity	1.0	0.6450249990324816	0.4853731343283582	0.5746744062960307	0.4389905088086896
1	20	kNN (test)	1.0	0.7596071724907959	0.5486567164179105	0.6481423729974628	0.49773628434993406
1	20	Normalized kNN (test)	1.0	0.6820941769270189	0.5167164179104478	0.6184143897176301	0.4699964831613876
1	20	Average Rating	1.0	0.5314630670056121	0.4347761194029851	0.4832409924976082	0.38301161479569035
1	20	Normalized kNN (full)	1.0	0.6791480368269769	0.49910447761194027	0.5402556740611623	0.43651255378628673
1	20	iMF (test)	1.0	0.7339180065922952	0.5405970149253732	0.6467370704919715	0.4931763226641241
2	20	kNN (full)	1.0	0.7525270439546754	0.5467164179104478	0.6363183334103494	0.49359333592856725
2	20	Random	1.0	0.29383133412548607	0.2511940298507463	0.26424833897711886	0.21515960007716514
2	20	iMF (full)	1.0	0.7630433827738013	0.5529850746268656	0.6476743475289143	0.5007402395105669
2	20	Popularity	1.0	0.6512433864518727	0.4917910447761194	0.5766848473028506	0.4428610704266292
2	20	kNN (test)	1.0	0.7502277909790565	0.5443283582089552	0.6321358378127315	0.4906931607561779
2	20	Normalized kNN (test)	1.0	0.6778343861015483	0.513731343283582	0.6055903148825331	0.46492125231996373
2	20	Average Rating	1.0	0.5148455582516328	0.4195522388059702	0.47744118740360486	0.37062111491529004
2	20	Normalized kNN (full)	1.0	0.6759919770737021	0.49328358208955225	0.5361321105481172	0.43170301157322816
2	20	iMF (test)	1.0	0.7074639454055033	0.5265671641791045	0.6225298695753346	0.47754078015575124
3	20	kNN (full)	1.0	0.7579861716607059	0.5498507462686567	0.6426727902711457	0.4957155055176706
3	20	Random	1.0	0.3146472946335005	0.2583582089552239	0.278052564685723	0.22185763718702467
3	20	iMF (full)	1.0	0.7715741442632571	0.5586567164179105	0.6525670989190405	0.5038415243990824
3	20	Popularity	1.0	0.6471035708405593	0.48462686567164176	0.5719337976838833	0.4376162390761994
3	20	kNN (test)	1.0	0.7527923994276281	0.5497014925373135	0.6382110899757276	0.49403871465869414
3	20	Normalized kNN (test)	1.0	0.6768126439298241	0.5150746268656716	0.6119822752701847	0.4663490021497633
3	20	Average Rating	1.0	0.5093503150257268	0.4182089552238806	0.45970769634501757	0.3642855760704243
3	20	Normalized kNN (full)	1.0	0.6829392876293553	0.49910447761194027	0.5483665811353122	0.4377973594437542
3	20	iMF (test)	1.0	0.7190665554235111	0.5367164179104478	0.6325258178407653	0.48664633209000757
4	20	kNN (full)	1.0	0.7557323418713093	0.547910447761194	0.6490654101287736	0.5030225790607229
4	20	Random	1.0	0.3009785821917153	0.24761194029850747	0.27222041027133537	0.21642267446728308
4	20	iMF (full)	1.0	0.7626135599419168	0.551044776119403	0.6550022713318226	0.5068195887693612
4	20	Popularity	1.0	0.6488345561072032	0.4811940298507462	0.5739397921416394	0.4423299797170697
4	20	kNN (test)	1.0	0.7524751129195469	0.5465671641791044	0.6445250575781839	0.500684237910927
4	20	Normalized kNN (test)	1.0	0.6783515035722338	0.5197014925373135	0.6182024539584148	0.47679169616765277
4	20	Average Rating	1.0	0.5169246657962747	0.4197014925373134	0.46455271269225573	0.37220854826239147
4	20	Normalized kNN (full)	1.0	0.6865204834466451	0.49776119402985075	0.5526780843853555	0.4421296300333092
4	20	iMF (test)	1.0	0.7252143976484569	0.5358208955223881	0.6380545052781561	0.493083406318287
5	20	kNN (full)	1.0	0.7505913079268169	0.538955223880597	0.6485611329621574	0.4957682860792098
5	20	Random	1.0	0.2920534953169339	0.24417910447761193	0.2625164027237457	0.2113675460496427
5	20	iMF (full)	1.0	0.7608465512488366	0.5464179104477612	0.6598169916945216	0.503773977437567
5	20	Popularity	1.0	0.6503353146478384	0.47701492537313434	0.5830415378253226	0.43908003351700753
5	20	kNN (test)	1.0	0.7489858737642668	0.5395522388059701	0.6484150793389755	0.4953312930664151
5	20	Normalized kNN (test)	1.0	0.6762839449619885	0.5091044776119403	0.6129039410873207	0.46585144577991433
5	20	Average Rating	1.0	0.5270859320050716	0.4204477611940298	0.4850944901666141	0.3767589380775059
5	20	Normalized kNN (full)	1.0	0.6756690447970352	0.4905970149253731	0.5499863575769846	0.43561930890044226
5	20	iMF (test)	1.0	0.7260402063268088	0.5337313432835821	0.6390649332774068	0.4896989433344078
1	50	kNN (full)	1.0	0.7041272497883634	0.5095522388059701	0.5932642828157328	0.45756221249537493
1	50	Random	1.0	0.1742520458789144	0.15044776119402983	0.14489359766508136	0.12226125255363379
1	50	iMF (full)	1.0	0.7237162311360835	0.5250746268656716	0.6134296211283827	0.47164574240743007
1	50	Popularity	1.0	0.5582522658650669	0.4244776119402985	0.4737749429205669	0.3733844202772045
1	50	kNN (test)	1.0	0.7061209491068472	0.5110447761194029	0.5964805537929965	0.4581203894346522
1	50	Normalized kNN (test)	1.0	0.537137619915833	0.4228358208955224	0.4969274865003881	0.3792458852842294
1	50	Average Rating	1.0	0.3462039934412533	0.29761194029850746	0.29983036061401747	0.25121688253066193
1	50	Normalized kNN (full)	1.0	0.6165163270708677	0.4583582089552239	0.48954875705897954	0.3972154003468044
1	50	iMF (test)	1.0	0.6226692461882406	0.4692537313432836	0.5491379881038819	0.42129484963358854
2	50	kNN (full)	1.0	0.7100600258551055	0.5170149253731343	0.5927812983460639	0.46139603804978824
2	50	Random	1.0	0.17539157815264597	0.15388059701492537	0.14512171412239167	0.12257225457701448
2	50	iMF (full)	1.0	0.7243759201748935	0.5228358208955224	0.6071242713875522	0.4692429611112329
2	50	Popularity	1.0	0.5678272047045941	0.4343283582089552	0.4832677508981613	0.38049063851657144
2	50	kNN (test)	1.0	0.7087106310206277	0.514179104477612	0.5899211300243673	0.45910214856801845
2	50	Normalized kNN (test)	1.0	0.5438843427044273	0.4282089552238806	0.4920768470036253	0.3796369923431084
2	50	Average Rating	1.0	0.3374989708262808	0.28865671641791046	0.277836188220156	0.23804446140992316
2	50	Normalized kNN (full)	1.0	0.6263843162278775	0.4607462686567164	0.4937369959589453	0.39979375589059873
2	50	iMF (test)	1.0	0.6288303236449907	0.4729850746268656	0.5552738838307726	0.42589066335743514
3	50	kNN (full)	1.0	0.7066518383178323	0.5147761194029851	0.593115967844333	0.45919370608756366
3	50	Random	1.0	0.18658175495121604	0.15791044776119403	0.14964578183527338	0.12685295299538793
3	50	iMF (full)	1.0	0.7282287470020896	0.5277611940298508	0.6073330889577893	0.470789293597536
3	50	Popularity	1.0	0.5656822123575496	0.4277611940298508	0.4783322188142411	0.37536373952465807
3	50	kNN (test)	1.0	0.7049345699213944	0.5144776119402985	0.5900961479090339	0.4579147747193995
3	50	Normalized kNN (test)	1.0	0.5427192908221028	0.43074626865671645	0.5042746749702721	0.3828387081242045
3	50	Average Rating	1.0	0.34810412815183833	0.29567164179104477	0.27488568967267507	0.2377349234856584
3	50	Normalized kNN (full)	1.0	0.6313935087174843	0.4638805970149254	0.5022629227918911	0.40336481611949
3	50	iMF (test)	1.0	0.6125793635207583	0.46940298507462686	0.5453790614632394	0.41832493672904725
4	50	kNN (full)	1.0	0.7060155976675139	0.5146268656716418	0.5995133750520235	0.466820686632621
4	50	Random	1.0	0.1847006710625758	0.15895522388059702	0.1507852323040298	0.12720466272060774
4	50	iMF (full)	1.0	0.7241102072603128	0.5270149253731343	0.6181545114100259	0.4798474343655615
4	50	Popularity	1.0	0.5644202388974521	0.42686567164179107	0.4796588712886081	0.38114866162554534
4	50	kNN (test)	1.0	0.7032482354050343	0.5140298507462686	0.6006204381362241	0.4666331947197702
4	50	Normalized kNN (test)	1.0	0.5395496290619682	0.4294029850746269	0.5046923038090338	0.387572173755285
4	50	Average Rating	1.0	0.3453225490076601	0.2885074626865672	0.28161791570601163	0.24070932225252253
4	50	Normalized kNN (full)	1.0	0.6297546043191025	0.46044776119402986	0.4969610811660336	0.4042141145161019
4	50	iMF (test)	1.0	0.6257622758861598	0.4747761194029851	0.5543163023996049	0.43041060811739934
5	50	kNN (full)	1.0	0.7064658523143754	0.5065671641791044	0.6022565720430112	0.46135515067462374
5	50	Random	1.0	0.18094734517354782	0.15313432835820898	0.14919017366939466	0.12414853137636364
5	50	iMF (full)	1.0	0.7188306057242909	0.5229850746268656	0.6172706174089415	0.47580848711650964
5	50	Popularity	1.0	0.5672698445973506	0.41880597014925375	0.4825301837019234	0.374324126463459
5	50	kNN (test)	1.0	0.7026477282610908	0.5083582089552239	0.6004200291307936	0.4612367268540988
5	50	Normalized kNN (test)	1.0	0.5326115119373996	0.4216417910447761	0.49673192947547157	0.37925191696328747
5	50	Average Rating	1.0	0.35386527792237865	0.29447761194029853	0.2886156001037677	0.24602164845099017
5	50	Normalized kNN (full)	1.0	0.6134328639074172	0.45089552238805974	0.48677540136089736	0.39481885227872476
5	50	iMF (test)	1.0	0.6181164006460207	0.46283582089552244	0.5493210279373693	0.4200152270806139
1	100	kNN (full)	1.0	0.6516053123033699	0.47179104477611944	0.5400601158767285	0.4186038784673951
1	100	Random	1.0	0.1199194277527844	0.10402985074626867	0.09169395829030882	0.08159500585080898
1	100	iMF (full)	1.0	0.6796489614427854	0.4955223880597015	0.5709402633955702	0.44105794739734183
1	100	Popularity	1.0	0.4793610646031515	0.37059701492537317	0.3912503863174612	0.3169612100644803
1	100	kNN (test)	1.0	0.6510575885860178	0.47358208955223885	0.5392250309887565	0.41828487996567554
1	100	Normalized kNN (test)	1.0	0.40340269376429716	0.33223880597014926	0.3759142850032146	0.29167786366647175
1	100	Average Rating	1.0	0.23321975900970843	0.2056716417910448	0.1905340168305527	0.16648050679334134
1	100	Normalized kNN (full)	1.0	0.5670603935030216	0.4235820895522388	0.45573510457193983	0.36698361929895107
1	100	iMF (test)	1.0	0.5282047647945094	0.4043283582089552	0.46720051605565893	0.35901375696021365
2	100	kNN (full)	1.0	0.6543068413481712	0.47641791044776116	0.5379257266139644	0.42013481468172836
2	100	Random	1.0	0.10582770559133238	0.09298507462686567	0.07717754498561755	0.06939032458222763
2	100	iMF (full)	1.0	0.6717240230988928	0.48835820895522386	0.562976094998962	0.4344974119320183
2	100	Popularity	1.0	0.4910750781046852	0.38328358208955227	0.40172316905639577	0.3254725423064038
2	100	kNN (test)	1.0	0.6549304588458825	0.47686567164179106	0.5375166427103951	0.42057973045100333
2	100	Normalized kNN (test)	1.0	0.41245797764044384	0.3359701492537313	0.38023343160420614	0.2923479018007189
2	100	Average Rating	1.0	0.2286074557288868	0.20552238805970147	0.18414901741604037	0.16225809386225487
2	100	Normalized kNN (full)	1.0	0.573609477360964	0.4247761194029851	0.4554516167388863	0.36763948849303035
2	100	iMF (test)	1.0	0.5182487496690488	0.4046268656716418	0.451788595392001	0.3543871200558129
3	100	kNN (full)	1.0	0.6549964247069209	0.47880597014925375	0.5425970670399718	0.42187000598973146
3	100	Random	1.0	0.10992971405316902	0.09656716417910448	0.08856608223820102	0.0744098062815588
3	100	iMF (full)	1.0	0.6800356245030948	0.4931343283582089	0.5622159902797319	0.43569661964062784
3	100	Popularity	1.0	0.4863762564720153	0.3737313432835821	0.3867237990624196	0.3169048389755904
3	100	kNN (test)	1.0	0.6538151138138298	0.48074626865671644	0.5399563557725127	0.4219689917322371
3	100	Normalized kNN (test)	1.0	0.41098087735160355	0.34	0.3786410980025856	0.29334467060132696
3	100	Average Rating	1.0	0.24023273922694613	0.21149253731343282	0.18405918424867707	0.16381614921753648
3	100	Normalized kNN (full)	1.0	0.5753276178599285	0.42507462686567166	0.46294045288586105	0.36820143660248034
3	100	iMF (test)	1.0	0.5151045948692786	0.40089552238805976	0.45496510281965535	0.35397093378909705
4	100	kNN (full)	1.0	0.6493474263546056	0.47358208955223885	0.5406054101890916	0.42351643938349204
4	100	Random	1.0	0.11100346765277025	0.09522388059701493	0.08779979130307478	0.07527129624254288
4	100	iMF (full)	1.0	0.6747087872894915	0.49194029850746274	0.5693575641269065	0.44334596243904545
4	100	Popularity	1.0	0.4886337804069357	0.3734328358208955	0.39798996873929193	0.32362855475309654
4	100	kNN (test)	1.0	0.6464719457845045	0.4732835820895523	0.5392919024336347	0.42316571680391185
4	100	Normalized kNN (test)	1.0	0.4065603606166563	0.3353731343283582	0.3584288358388743	0.2901144635017425
4	100	Average Rating	1.0	0.24116875345375277	0.20850746268656714	0.1880985325210398	0.16622239682986856
4	100	Normalized kNN (full)	1.0	0.5666680907667863	0.4204477611940298	0.45674800812765676	0.36880398794817887
4	100	iMF (test)	1.0	0.5275253661600026	0.4043283582089552	0.4567865028653533	0.3596180404035845
5	100	kNN (full)	1.0	0.6550618524559982	0.46820895522388056	0.5499610616879406	0.42178844255007525
5	100	Random	1.0	0.11867018807333674	0.1017910447761194	0.09716499251513078	0.08184131349115005
5	100	iMF (full)	1.0	0.6765788947459821	0.4892537313432836	0.5738325070082202	0.4411988914420485
5	100	Popularity	1.0	0.49110434348270343	0.36716417910447763	0.400835749856519	0.3202684139329165
5	100	kNN (test)	1.0	0.6518481212744399	0.47104477611940304	0.5464760536158058	0.4228146262152129
5	100	Normalized kNN (test)	1.0	0.403887150011748	0.3308955223880597	0.3677356837252032	0.28818014877954695
5	100	Average Rating	1.0	0.24176113346407324	0.21313432835820897	0.18868370918001096	0.17001109576289336
5	100	Normalized kNN (full)	1.0	0.5586544090927804	0.40940298507462686	0.44805145878295016	0.35896685309289256
5	100	iMF (test)	1.0	0.5375493497596453	0.40671641791044777	0.4761207567553483	0.36611789064033273
1	200	kNN (full)	1.0	0.5857823226267362	0.42373134328358203	0.4764398491183108	0.37122564749885445
1	200	Random	1.0	0.06723430661279886	0.059253731343283586	0.049602084851526965	0.044416433640470016
1	200	iMF (full)	1.0	0.614893833180409	0.44641791044776125	0.5021844677627096	0.39166563552651146
1	200	Popularity	1.0	0.4051103780062953	0.31402985074626866	0.31973828316558006	0.26334059927228587
1	200	kNN (test)	1.0	0.590414170423937	0.42761194029850746	0.4784425502320015	0.37469175823278583
1	200	Normalized kNN (test)	1.0	0.2697182629498631	0.23253731343283585	0.23967898379373345	0.19614409111521683
1	200	Average Rating	1.0	0.15113687760977917	0.14328358208955225	0.1247522898042872	0.11292507821723806
1	200	Normalized kNN (full)	1.0	0.4907118620506541	0.3680597014925373	0.40515905496903076	0.3204865326638831
1	200	iMF (test)	1.0	0.4097159231726445	0.3226865671641791	0.3558931797230004	0.2822259416944002
2	200	kNN (full)	1.0	0.5759550685178573	0.42328358208955225	0.46409194904514645	0.36681779812658455
2	200	Random	1.0	0.052888710255278006	0.050746268656716415	0.034317191453068836	0.03598268031492165
2	200	iMF (full)	1.0	0.6037747646389294	0.4461194029850746	0.4960287674512154	0.38984556703445944
2	200	Popularity	1.0	0.40721642331826735	0.32164179104477614	0.3194027852374561	0.2655730776422284
2	200	kNN (test)	1.0	0.574891106929709	0.42298507462686563	0.4637705238322264	0.36728050334494067
2	200	Normalized kNN (test)	1.0	0.2762052326601712	0.24074626865671644	0.24006555820287093	0.1973448278995709
2	200	Average Rating	1.0	0.1388391370786693	0.13492537313432837	0.11402504897461134	0.10397066128995411
2	200	Normalized kNN (full)	1.0	0.48699030710558383	0.3646268656716418	0.40121826700104385	0.3173931922424564
2	200	iMF (test)	1.0	0.4090374062540097	0.32149253731343286	0.3579755265076075	0.2814263087696369
3	200	kNN (full)	1.0	0.5858591418467776	0.4302985074626866	0.47922113327286225	0.37440570944632706
3	200	Random	1.0	0.06474015630495751	0.05656716417910448	0.04965870783154577	0.043185609565541926
3	200	iMF (full)	1.0	0.614807579237539	0.45029850746268657	0.5062137361427542	0.39325737343053324
3	200	Popularity	1.0	0.40145568907056994	0.3114925373134328	0.3111849592524803	0.2578911489886693
3	200	kNN (test)	1.0	0.5812508220597653	0.42835820895522386	0.47455020397306513	0.3716569450420005
3	200	Normalized kNN (test)	1.0	0.2749467648393607	0.23492537313432837	0.22965871295312998	0.19188924676390035
3	200	Average Rating	1.0	0.16189863439487784	0.14850746268656717	0.1282861552851735	0.11379624370599965
3	200	Normalized kNN (full)	1.0	0.4944133694507954	0.36955223880597016	0.4144316397743462	0.32334118664432576
3	200	iMF (test)	1.0	0.3946353734573869	0.3208955223880597	0.344703974404975	0.2747453307999608
4	200	kNN (full)	1.0	0.5788427657996309	0.42298507462686563	0.47466036913049425	0.3742747985741363
4	200	Random	1.0	0.06488614655275268	0.05761194029850746	0.04716003818196859	0.043964667179577095
4	200	iMF (full)	1.0	0.6070042707556745	0.44597014925373135	0.5015037922747809	0.3960025661128082
4	200	Popularity	1.0	0.4074697272432648	0.31582089552238807	0.32152663405138604	0.2676490721434125
4	200	kNN (test)	1.0	0.5758356728979394	0.4240298507462687	0.4760660270348043	0.3750002928021998
4	200	Normalized kNN (test)	1.0	0.2731120462723399	0.23373134328358208	0.23368815320979805	0.1947473469053364
4	200	Average Rating	1.0	0.14234826313225996	0.1328358208955224	0.11161028364937917	0.10329116317124765
4	200	Normalized kNN (full)	1.0	0.4961753572334586	0.3664179104477612	0.40873382073015724	0.3238471365409368
4	200	iMF (test)	1.0	0.3992000823348709	0.3205970149253731	0.349463536721279	0.2789549813951042
5	200	kNN (full)	1.0	0.5867206359978054	0.41925373134328353	0.48241188703616866	0.37268080367827944
5	200	Random	1.0	0.06668458858818126	0.05850746268656717	0.05193446208322928	0.045353869507082194
5	200	iMF (full)	1.0	0.6088799797910442	0.4446268656716418	0.5081342005659192	0.39539544702814705
5	200	Popularity	1.0	0.4166840290238393	0.31343283582089554	0.3308651943931523	0.2688611365777157
5	200	kNN (test)	1.0	0.5858866504150125	0.42313432835820897	0.4857178240849952	0.37569725857990954
5	200	Normalized kNN (test)	1.0	0.2780181256384671	0.23776119402985077	0.246463511283338	0.19916547673196025
5	200	Average Rating	1.0	0.15978932924428535	0.14940298507462688	0.1290771223975846	0.11720090937662511
5	200	Normalized kNN (full)	1.0	0.4847453781300147	0.35835820895522386	0.4018529429046796	0.31547742888943314
5	200	iMF (test)	1.0	0.41902427857743163	0.3288059701492537	0.370664781065309	0.29024108453926445
1	500	kNN (full)	1.0	0.47327497979558597	0.3428358208955224	0.3806684924905155	0.2953241792295994
1	500	Random	1.0	0.025495861001808288	0.02373134328358209	0.019569290154496273	0.01810328648722933
1	500	iMF (full)	1.0	0.5089600763005954	0.3773134328358209	0.4108875329284232	0.32402310243548427
1	500	Popularity	1.0	0.29421446526654355	0.2308955223880597	0.2201426075620168	0.18719110498722696
1	500	kNN (test)	1.0	0.47331968315387063	0.34776119402985073	0.3764852146680268	0.29837719288828074
1	500	Normalized kNN (test)	1.0	0.13184787235790202	0.1264179104477612	0.11618411621921601	0.10142253428660662
1	500	Average Rating	1.0	0.0639220206771188	0.07238805970149254	0.054471610545446476	0.05356885052690651
1	500	Normalized kNN (full)	1.0	0.3562775551246069	0.2707462686567164	0.3140573069689593	0.23928174950566208
1	500	iMF (test)	1.0	0.24672616148426268	0.20044776119402988	0.207807833916691	0.16880473750332542
2	500	kNN (full)	1.0	0.4716803625240261	0.348955223880597	0.3774936845785337	0.29740560975963765
2	500	Random	1.0	0.027011112642650117	0.024328358208955226	0.017864448758912407	0.01749978600782809
2	500	iMF (full)	1.0	0.5044520340538612	0.3725373134328358	0.3986119757661967	0.31706114703481697
2	500	Popularity	1.0	0.2975725796149418	0.23880597014925373	0.2176483373080191	0.18937517278223942
2	500	kNN (test)	1.0	0.4723506550301221	0.3473134328358209	0.3739000958215699	0.29641683041153033
2	500	Normalized kNN (test)	1.0	0.14353540871504353	0.13223880597014925	0.11341777213391604	0.10098480970930661
2	500	Average Rating	1.0	0.05907917417410424	0.0646268656716418	0.0502517494159859	0.04754512281201623
2	500	Normalized kNN (full)	1.0	0.3674527403046557	0.2765671641791045	0.31191069671984634	0.24117930677986102
2	500	iMF (test)	1.0	0.25155269745930053	0.20865671641791048	0.21297923792868573	0.17325394387031828
3	500	kNN (full)	1.0	0.48167046683229314	0.35447761194029853	0.38033107162568885	0.3011290051596855
3	500	Random	1.0	0.026696359593657838	0.02298507462686567	0.018569062353992725	0.016623387007387372
3	500	iMF (full)	1.0	0.5148514057855373	0.3814925373134328	0.41417718126296377	0.3261447491658313
3	500	Popularity	1.0	0.29855969360525264	0.23268656716417913	0.22276182421328758	0.1886009957930036
3	500	kNN (test)	1.0	0.480331174701136	0.35835820895522386	0.386853816196311	0.3047545410533501
3	500	Normalized kNN (test)	1.0	0.142470247701422	0.13223880597014925	0.11048942857605198	0.1001946728255811
3	500	Average Rating	1.0	0.07682298785991575	0.0826865671641791	0.06064091356079262	0.05910663706316574
3	500	Normalized kNN (full)	1.0	0.36294160187631114	0.2802985074626866	0.32199336108501486	0.24498032457955568
3	500	iMF (test)	1.0	0.25575269590083055	0.2128358208955224	0.2165307427085966	0.1783043707767482
4	500	kNN (full)	1.0	0.4763206275449551	0.34940298507462686	0.3761419626046016	0.30200250787686417
4	500	Random	1.0	0.0269250614797657	0.024626865671641792	0.018629110277314807	0.017707624409128216
4	500	iMF (full)	1.0	0.5053764921209973	0.3698507462686567	0.40357597374056287	0.3224125342122226
4	500	Popularity	1.0	0.3005908028288464	0.23716417910447762	0.2251012626185063	0.19431173946543376
4	500	kNN (test)	1.0	0.4719600487437493	0.34955223880597014	0.37657376774450646	0.30287220813084736
4	500	Normalized kNN (test)	1.0	0.14325143287650283	0.1317910447761194	0.12030482396695077	0.10407083477631007
4	500	Average Rating	1.0	0.07362398073666604	0.08104477611940299	0.06189270867518596	0.060140005897390256
4	500	Normalized kNN (full)	1.0	0.37162675768769565	0.28119402985074626	0.3229284925723091	0.2506271756684539
4	500	iMF (test)	1.0	0.25752531330361617	0.20955223880597015	0.21646581440167253	0.17712200871731976
5	500	kNN (full)	1.0	0.47640986340483654	0.3437313432835821	0.38300459538462367	0.29894318344523685
5	500	Random	1.0	0.025741026954287455	0.02208955223880597	0.01717654073030381	0.016028906911915015
5	500	iMF (full)	1.0	0.5086324590617359	0.37134328358208957	0.40896529931569	0.32345874421293613
5	500	Popularity	1.0	0.3026399958327502	0.2307462686567164	0.23552325389044745	0.19233050790311287
5	500	kNN (test)	1.0	0.47488713749361255	0.34940298507462686	0.389145609343844	0.30379667000209915
5	500	Normalized kNN (test)	1.0	0.14024452477630378	0.12940298507462686	0.11509703027451493	0.10128470106837693
5	500	Average Rating	1.0	0.07319120674423638	0.0808955223880597	0.06237651784934047	0.06136569538481028
5	500	Normalized kNN (full)	1.0	0.35023672384724763	0.2695522388059701	0.30983442559111724	0.2377311014491793
5	500	iMF (test)	1.0	0.25396556415915095	0.2061194029850746	0.22311015294581643	0.17622104377551498
1	1000	kNN (full)	1.0	0.38455500803876674	0.28014925373134325	0.2994200690031668	0.23645778651974247
1	1000	Random	1.0	0.012447040880329205	0.012238805970149255	0.009035076903362102	0.00908123134821148
1	1000	iMF (full)	1.0	0.4240274575110483	0.31164179104477613	0.3323979206635695	0.26254286908041247
1	1000	Popularity	1.0	0.2219821385713852	0.17597014925373136	0.16525733971964965	0.14124864067194265
1	1000	kNN (test)	1.0	0.38459480536337864	0.28373134328358207	0.29915223566585936	0.23877936982294962
1	1000	Normalized kNN (test)	1.0	0.06855251421423389	0.07208955223880598	0.06394616196231138	0.05627742758683739
1	1000	Average Rating	1.0	0.01778976634977266	0.018656716417910446	0.014766360131390467	0.013970460005119745
1	1000	Normalized kNN (full)	1.0	0.24929814564913422	0.1943283582089552	0.22441232905929523	0.17039785383539152
1	1000	iMF (test)	1.0	0.17156985401491112	0.1401492537313433	0.14486007433986192	0.1178202922063738
2	1000	kNN (full)	1.0	0.38912159287388914	0.28880597014925374	0.29680420458426643	0.23989838826238213
2	1000	Random	1.0	0.015202070186837897	0.013432835820895522	0.009314054769569667	0.009313894469643057
2	1000	iMF (full)	1.0	0.4217909265124483	0.3156716417910448	0.3275305650471697	0.26309035721273877
2	1000	Popularity	1.0	0.227357778843882	0.18253731343283583	0.16353713262842878	0.14305497691124933
2	1000	kNN (test)	1.0	0.3843406329968	0.2834328358208955	0.2899947130774606	0.23476397957842798
2	1000	Normalized kNN (test)	1.0	0.07315377851935957	0.07522388059701492	0.06002237505393452	0.054834834377744536
2	1000	Average Rating	1.0	0.020369681289979378	0.02208955223880597	0.014299966577769017	0.015321084143924668
2	1000	Normalized kNN (full)	1.0	0.25087733335691426	0.19567164179104476	0.21613132054452192	0.16821679311535165
2	1000	iMF (test)	1.0	0.16461620946655978	0.1373134328358209	0.13658607289912195	0.11263140240415416
3	1000	kNN (full)	1.0	0.3907433881034744	0.2873134328358209	0.29795470600844853	0.23997444202997126
3	1000	Random	1.0	0.014928481546919772	0.013432835820895522	0.010585270939891398	0.010174191035376824
3	1000	iMF (full)	1.0	0.42519974152072276	0.31746268656716414	0.3302235112458522	0.2658767374359045
3	1000	Popularity	1.0	0.22462805949726486	0.17761194029850746	0.16572422073498924	0.14258847777847836
3	1000	kNN (test)	1.0	0.38690309497410935	0.28582089552238804	0.29538532333579215	0.23935889727439752
3	1000	Normalized kNN (test)	1.0	0.08217413693809096	0.08	0.06228198375193106	0.05907967807814647
3	1000	Average Rating	1.0	0.036655548215727855	0.04358208955223881	0.03386858748908543	0.03157446015323777
3	1000	Normalized kNN (full)	1.0	0.25851385754463146	0.20417910447761195	0.22697643286098776	0.17674297834813843
3	1000	iMF (test)	1.0	0.16473878856939428	0.1382089552238806	0.13606737321445853	0.1143984531331829
4	1000	kNN (full)	1.0	0.3953669571870139	0.2897014925373134	0.2996224415135162	0.24551222295395841
4	1000	Random	1.0	0.014072110923193444	0.011492537313432836	0.010664900971066208	0.009370422860222887
4	1000	iMF (full)	1.0	0.4179881053999543	0.3062686567164179	0.3171382777368086	0.26077003015812616
4	1000	Popularity	1.0	0.22986481910563605	0.18029850746268655	0.16801834278891645	0.1455610100949756
4	1000	kNN (test)	1.0	0.38974841883976785	0.2892537313432836	0.2987335408944435	0.2458500646100065
4	1000	Normalized kNN (test)	1.0	0.0764174832750732	0.07686567164179105	0.06492928287194386	0.05776358479572609
4	1000	Average Rating	1.0	0.0243775459996796	0.030000000000000002	0.019356649044524915	0.021040696422328076
4	1000	Normalized kNN (full)	1.0	0.2654517967405784	0.20582089552238808	0.235562586353828	0.1821980166062961
4	1000	iMF (test)	1.0	0.17661951606104057	0.1435820895522388	0.14415756252835366	0.12023235984415895
5	1000	kNN (full)	1.0	0.39014683624994717	0.27999999999999997	0.3033806416219765	0.23870268730952338
5	1000	Random	1.0	0.013823116641063282	0.012238805970149255	0.010581465251070557	0.009678201559211761
5	1000	iMF (full)	1.0	0.41766137772041095	0.3070149253731343	0.3300121163597404	0.2622694792096711
5	1000	Popularity	1.0	0.22613793551666098	0.17402985074626867	0.17953750095747764	0.143971848129517
5	1000	kNN (test)	1.0	0.3891655651928174	0.2834328358208955	0.3073024528638635	0.2423688139363935
5	1000	Normalized kNN (test)	1.0	0.07848410737375595	0.07746268656716418	0.06521148769011784	0.058677022656474044
5	1000	Average Rating	1.0	0.026247216515368856	0.03074626865671642	0.02362811789846381	0.02292467955798149
5	1000	Normalized kNN (full)	1.0	0.2490769870926829	0.19238805970149256	0.22009180155754435	0.16889055309423676
5	1000	iMF (test)	1.0	0.17780625744653575	0.14611940298507464	0.16005441573891724	0.12586688507770757
1	1605	kNN (full)	1.0	0.3283661494932498	0.24074626865671644	0.2493222388779883	0.20019254659269933
1	1605	Random	1.0	0.008724345149325057	0.007761194029850747	0.006405069277684366	0.005768227818862615
1	1605	iMF (full)	1.0	0.3613556318621158	0.26686567164179104	0.2722613991963541	0.22084838560614894
1	1605	Popularity	1.0	0.17835310985829195	0.14089552238805972	0.1301159989759574	0.11175121064141677
1	1605	kNN (test)	1.0	0.3252506383890458	0.2405970149253731	0.24640210711719143	0.19965728406671884
1	1605	Normalized kNN (test)	1.0	0.03726873509787236	0.04283582089552239	0.032666193595480876	0.031281354750710866
1	1605	Average Rating	1.0	0.007991256875857639	0.008507462686567165	0.006429426699311994	0.0058969639530910565
1	1605	Normalized kNN (full)	1.0	0.1837874846958765	0.1435820895522388	0.16131275405008866	0.12478823532370553
1	1605	iMF (test)	1.0	0.12280564967565614	0.10402985074626867	0.10525563795089343	0.08678017495192097
2	1605	kNN (full)	1.0	0.3317347037692676	0.24955223880597013	0.2494107639668399	0.20353429723581584
2	1605	Random	1.0	0.008592797625818093	0.007761194029850747	0.005252710195790545	0.005272895863996846
2	1605	iMF (full)	1.0	0.3605922649440902	0.26910447761194034	0.2730668375963312	0.2208211695095615
2	1605	Popularity	1.0	0.1824892068619688	0.14686567164179104	0.12946285632790044	0.11445651639795724
2	1605	kNN (test)	1.0	0.330363319921943	0.24402985074626865	0.24201752115082992	0.19819613871529285
2	1605	Normalized kNN (test)	1.0	0.04340800753997986	0.04611940298507463	0.03721039013413527	0.03352267783452562
2	1605	Average Rating	1.0	0.0072498724465738	0.004776119402985075	0.0029812013364896033	0.0031319614252391824
2	1605	Normalized kNN (full)	1.0	0.19169201148533	0.15074626865671642	0.16787081007198407	0.12849876943460728
2	1605	iMF (test)	1.0	0.12209825086197235	0.10208955223880598	0.09470970528459353	0.08109749163496491
3	1605	kNN (full)	1.0	0.3331548309223932	0.24820895522388062	0.2493098574329144	0.2036660201129225
3	1605	Random	1.0	0.00805427940705488	0.007761194029850747	0.005265725620535113	0.0056059854314963655
3	1605	iMF (full)	1.0	0.3607674727213833	0.2708955223880597	0.27301056500964227	0.2235863398490152
3	1605	Popularity	1.0	0.18041863234200917	0.14432835820895523	0.1358131065049323	0.11538119060571696
3	1605	kNN (test)	1.0	0.3336921228082816	0.24820895522388062	0.25500929776968084	0.20597040268415404
3	1605	Normalized kNN (test)	1.0	0.049623873175668055	0.05104477611940299	0.03657002007403778	0.036282499367958555
3	1605	Average Rating	1.0	0.010879485724065234	0.012835820895522387	0.0071298829222806994	0.008014305170739764
3	1605	Normalized kNN (full)	1.0	0.1950850332822815	0.15850746268656718	0.17418071421105144	0.13624350673165012
3	1605	iMF (test)	1.0	0.11979815464789323	0.10298507462686567	0.09916979093807718	0.08344108352404098
4	1605	kNN (full)	1.0	0.3367242689649059	0.2455223880597015	0.25007757976964556	0.2058942747218856
4	1605	Random	1.0	0.007523144514064473	0.007611940298507464	0.005019953446937465	0.005357604945769773
4	1605	iMF (full)	1.0	0.35544237764037195	0.2638805970149254	0.27034379999172337	0.2233362815617786
4	1605	Popularity	1.0	0.18710970818547318	0.1473134328358209	0.1366248956261682	0.11819171106666926
4	1605	kNN (test)	1.0	0.3308316057580243	0.2462686567164179	0.25000793965797	0.20696827401774945
4	1605	Normalized kNN (test)	1.0	0.04474698986021749	0.04791044776119403	0.037980902963159965	0.035872345283381714
4	1605	Average Rating	1.0	0.008379467091496683	0.009701492537313432	0.00530415661831287	0.00618441993811391
4	1605	Normalized kNN (full)	1.0	0.20003571212011237	0.15731343283582092	0.1780945077597589	0.13747072439623775
4	1605	iMF (test)	1.0	0.11147761143479906	0.0973134328358209	0.09674459021581869	0.07847916622458798
5	1605	kNN (full)	1.0	0.3394355373102603	0.24477611940298508	0.26266411809806683	0.20644788544361284
5	1605	Random	1.0	0.010181728772071406	0.008955223880597015	0.006009150178455199	0.006083533541219696
5	1605	iMF (full)	1.0	0.35927947279542977	0.2658208955223881	0.2795151971509161	0.2237157845230355
5	1605	Popularity	1.0	0.18204271830852098	0.13999999999999999	0.14408724409028265	0.11468366580411972
5	1605	kNN (test)	1.0	0.33393915302401267	0.24492537313432836	0.25827625560567274	0.20572523208428956
5	1605	Normalized kNN (test)	1.0	0.04651063953695968	0.04940298507462687	0.03683597984528474	0.03574672802959622
5	1605	Average Rating	1.0	0.010406816555572474	0.013134328358208956	0.010610586161582442	0.009796925901162374
5	1605	Normalized kNN (full)	1.0	0.1904933521356823	0.14925373134328357	0.17299823099980643	0.13106770011538443
5	1605	iMF (test)	1.0	0.12386510479194547	0.10194029850746268	0.1007712400198821	0.08485669966218255
