fold	target size	recommender system	Coverage@10	nDCG@10	P@10	Recall@10	FScore@10
3	5	Average Rating	0.9655677655677657	0.648484955655537	0.46593406593406594	0.6588160485039255	0.46070218101439553
3	5	iMF (test)	0.9703296703296702	0.7645068976437791	0.5120879120879122	0.7032738320692054	0.5017464457555462
3	5	Normalized kNN (full)	0.6069597069597069	0.6036089415023523	0.41025641025641024	0.4674739099085217	0.37035731290496965
3	5	Random	0.9703296703296702	0.5365713956478672	0.38681318681318677	0.5850201337197606	0.3907648533789312
3	1	Average Rating	0.8315018315018315	0.739471997568409	0.5018315018315018	0.6982982207637124	0.4954521605825977
3	1	iMF (test)	0.834065934065934	0.7794934475713022	0.5223443223443224	0.7143817474902878	0.5117083056978899
3	5	iMF (full)	0.9703296703296702	0.7712781447011154	0.5186813186813186	0.7086999026147632	0.5072062422380794
3	5	Popularity	0.9655677655677657	0.6985600206701932	0.4835164835164835	0.6825713857773518	0.47980557711598254
3	5	kNN (test)	0.8120879120879121	0.7489271421666465	0.508058608058608	0.6818175908199154	0.4925298324312899
3	1	Normalized kNN (full)	0.5985347985347985	0.6101931795918758	0.4135531135531136	0.46934050485203976	0.372639645305239
3	1	Random	0.834065934065934	0.6427494023685018	0.4432234432234432	0.6560441211535135	0.450905515589721
3	5	Normalized kNN (test)	0.8051282051282052	0.7290483936215779	0.4897435897435897	0.6689733795564636	0.47873007223406566
3	5	kNN (full)	0.8695970695970696	0.7609321463079544	0.5117216117216117	0.6985097973559624	0.4997704265869499
3	1	iMF (full)	0.834065934065934	0.784827272656655	0.5234432234432235	0.7143664358238256	0.5122811743838472
3	1	Popularity	0.8315018315018315	0.7271449410286093	0.49413919413919416	0.696836563598053	0.4913838682100264
3	1	kNN (test)	0.7750915750915751	0.7601300084237594	0.5131868131868131	0.6890704570013532	0.49837472237868724
3	1	Normalized kNN (test)	0.7710622710622711	0.7589295824925258	0.5065934065934067	0.6860426743315331	0.49428307597826454
3	1	kNN (full)	0.8	0.7740704922495862	0.5175824175824176	0.707699776344078	0.5064485059013711
5	5	Average Rating	0.9622710622710622	0.6593176203325135	0.4802197802197802	0.6606613846352773	0.4627871646596763
5	5	iMF (test)	0.9655677655677657	0.7538500268634829	0.5128205128205128	0.6957239137856562	0.4941515127775551
5	5	Normalized kNN (full)	0.6106227106227106	0.5974454907603042	0.41282051282051285	0.4640554048247688	0.3640916939150646
5	5	Random	0.9655677655677657	0.5308283878355393	0.3941391941391941	0.5786806363772632	0.3887288941858537
5	1	Average Rating	0.832967032967033	0.7388589175794387	0.5106227106227107	0.6902809777470844	0.4901204537955165
5	5	iMF (full)	0.9655677655677657	0.7550155037769047	0.5113553113553113	0.6913813921668236	0.49114196342372013
5	5	Popularity	0.9622710622710622	0.6816143134133978	0.47326007326007324	0.6561963362141707	0.4588461696071894
5	5	kNN (test)	0.8146520146520146	0.7343523337244231	0.5007326007326007	0.6654745187028237	0.47645437646649647
5	1	iMF (test)	0.8336996336996336	0.7676668022541561	0.5194139194139195	0.7012710191695587	0.49954660286638874
5	1	Normalized kNN (full)	0.6029304029304029	0.6070401036452369	0.4164835164835165	0.4660050680647546	0.3665695616178982
5	5	Normalized kNN (test)	0.8032967032967033	0.7044772750574755	0.4908424908424908	0.6499795455801125	0.46834570343908205
5	1	Random	0.8336996336996336	0.6177590872094405	0.43223443223443225	0.6366305551414981	0.4310993663753498
5	5	kNN (full)	0.8677655677655678	0.7417872742841898	0.5062271062271062	0.6832461263771253	0.4861026769520841
5	1	iMF (full)	0.8336996336996336	0.7704447108439779	0.5142857142857143	0.6960451426058293	0.4949356882404913
5	1	Popularity	0.832967032967033	0.7093906453998261	0.48681318681318686	0.6754033627181926	0.47351843048432757
5	1	kNN (test)	0.7758241758241758	0.7484126126545202	0.508058608058608	0.67150184196114	0.4826681996680044
5	1	Normalized kNN (test)	0.7681318681318681	0.7406786836353149	0.5087912087912088	0.6640901567284946	0.4832430723840951
5	1	kNN (full)	0.801098901098901	0.7526780266820726	0.510989010989011	0.6880027163998982	0.4905422499325214
4	5	Average Rating	0.9732600732600732	0.6601430158619561	0.46996336996337	0.6577724638497602	0.4665813211893476
4	5	iMF (test)	0.9758241758241757	0.7754457627547751	0.5212454212454213	0.708782922918785	0.5125675463982095
4	5	Normalized kNN (full)	0.6076923076923078	0.5996400097849169	0.4010989010989011	0.45570618755005543	0.3609642188616678
4	5	Random	0.9758241758241757	0.5154691142992972	0.37765567765567765	0.5602597504817791	0.3831153651623224
4	5	iMF (full)	0.9758241758241757	0.7565520160001198	0.510989010989011	0.6946052768013341	0.5016343346973895
4	5	Popularity	0.9732600732600732	0.6891434060583762	0.4772893772893773	0.6666776640654055	0.4745668936507678
4	5	kNN (test)	0.8293040293040294	0.7498742731821465	0.5014652014652015	0.6770667738568034	0.4894547879898517
4	1	Average Rating	0.8501831501831502	0.7496693339718176	0.5102564102564103	0.7054267858744666	0.5067959384029014
4	5	Normalized kNN (test)	0.8183150183150183	0.7326214942836143	0.49670329670329666	0.6699896177894613	0.4853866264609417
4	5	kNN (full)	0.8765567765567766	0.7605699664630229	0.5084249084249085	0.6904917548856538	0.49881362339386404
4	1	iMF (test)	0.8534798534798534	0.7826798531459359	0.5252747252747253	0.7177962023805117	0.518588013926797
4	1	Normalized kNN (full)	0.5992673992673992	0.6073731840155858	0.40476190476190477	0.4580379762532532	0.36374018293720184
4	1	Random	0.8534798534798534	0.6356130836528484	0.4472527472527472	0.6646619305358591	0.460586776388374
4	1	iMF (full)	0.8534798534798534	0.7778274119710511	0.5238095238095238	0.7139172274648627	0.5160572616723992
4	1	Popularity	0.8501831501831502	0.713391573321148	0.4926739926739927	0.6934420791369033	0.49235039655896035
4	1	kNN (test)	0.7967032967032966	0.7609471507278066	0.5069597069597069	0.684468169678927	0.4955633526549864
4	1	Normalized kNN (test)	0.7882783882783883	0.7599540800110076	0.510989010989011	0.6811931992695729	0.49710311237025745
4	1	kNN (full)	0.8234432234432235	0.7747421001522148	0.5172161172161172	0.7041931625202116	0.5086778578822697
2	5	Average Rating	0.967032967032967	0.683111452584753	0.48058608058608054	0.6820467915252795	0.4692515809559707
2	5	iMF (test)	0.972161172161172	0.7868758706503166	0.5230769230769231	0.7289922600551467	0.5090219793899181
2	5	Normalized kNN (full)	0.6047619047619047	0.5933303555367861	0.40695970695970696	0.4544340356371213	0.3605879131302385
2	5	Random	0.972161172161172	0.5368098618349253	0.389010989010989	0.5923278274078263	0.39115069990342105
2	5	iMF (full)	0.972161172161172	0.7815887172215088	0.5201465201465202	0.7284212793672779	0.5082664467962609
2	5	Popularity	0.967032967032967	0.7120666978048911	0.486080586080586	0.7044026303436753	0.48186629648249923
2	5	kNN (test)	0.8205128205128205	0.7587804573893003	0.5076923076923077	0.6955025491430703	0.490380495232461
2	1	Average Rating	0.8424908424908425	0.7689249565052598	0.515018315018315	0.7204750447392135	0.502292659726046
2	5	Normalized kNN (test)	0.8062271062271062	0.7463214277874187	0.5043956043956044	0.682059701729279	0.48512002673010957
2	5	kNN (full)	0.8732600732600733	0.7678483157710617	0.5142857142857143	0.7182260731725446	0.5013047504691966
2	1	iMF (test)	0.8457875457875458	0.8047464878428366	0.5373626373626373	0.7441697041564486	0.5226260303483709
2	1	Normalized kNN (full)	0.5989010989010989	0.5973218898845036	0.4087912087912088	0.4559312360354207	0.3621377089701772
2	1	Random	0.8457875457875458	0.6627634193921489	0.45897435897435895	0.684524349385972	0.46148093300424986
2	1	iMF (full)	0.8457875457875458	0.7976276554827819	0.5307692307692308	0.7405452511614875	0.5185060667517618
2	1	Popularity	0.8424908424908425	0.7432788417433701	0.5	0.7191929662480696	0.4954486373196165
2	1	kNN (test)	0.789010989010989	0.7739583467270944	0.5161172161172162	0.7039501317503167	0.49845219146050646
2	1	Normalized kNN (test)	0.778021978021978	0.770884210630044	0.5164835164835165	0.6925762679366372	0.4960589819789505
2	1	kNN (full)	0.8142857142857143	0.7845261886193139	0.5249084249084249	0.7284368940976512	0.5114035193273698
1	5	Average Rating	0.9677655677655678	0.6717245740338715	0.47802197802197804	0.6781856213225134	0.472664217849231
1	5	iMF (test)	0.972161172161172	0.7772940779399135	0.526007326007326	0.723129622201483	0.5150719345767385
1	5	Normalized kNN (full)	0.6102564102564102	0.5856711616400307	0.4076923076923077	0.44467973727060583	0.36350586236009014
1	5	Random	0.972161172161172	0.5321191578835889	0.3857142857142857	0.58922128572137	0.3913887021181907
1	5	iMF (full)	0.972161172161172	0.7690636764201729	0.521978021978022	0.7200044741591175	0.5118848058250574
1	5	Popularity	0.9677655677655678	0.6981559460265765	0.48461538461538467	0.6891557858921922	0.4814612227506778
1	5	kNN (test)	0.8304029304029303	0.7523107578029802	0.5102564102564103	0.6879067664812057	0.4967143388032674
3	20	Average Rating	1.0	0.4517939203795189	0.34871794871794876	0.4675403943116789	0.33386930317969465
1	1	Average Rating	0.8512820512820513	0.7616404098256518	0.5098901098901099	0.7163120644113147	0.5047850495704387
1	5	Normalized kNN (test)	0.8201465201465201	0.7454690102154397	0.5032967032967033	0.6835564664216708	0.49095588482181163
1	5	kNN (full)	0.883882783882784	0.7603652507623014	0.5142857142857143	0.7123616022949236	0.5059550569448961
1	1	iMF (test)	0.8531135531135531	0.7913192782604046	0.5315018315018315	0.7306350460667863	0.5211010909363004
3	20	iMF (test)	1.0	0.7217922963539327	0.4838827838827839	0.6616895708469199	0.4711845559700813
1	1	Normalized kNN (full)	0.6062271062271062	0.5918582038657381	0.41172161172161176	0.4475918909466495	0.36677793628527294
3	20	Normalized kNN (full)	0.6384615384615385	0.5735880974119557	0.3952380952380953	0.45746340088212967	0.3589209157625266
1	1	Random	0.8531135531135531	0.6591864237779509	0.45860805860805864	0.6766489220991502	0.4631969627622124
3	20	Random	1.0	0.3054404573410967	0.23809523809523808	0.315283582105427	0.2233281251639117
3	20	iMF (full)	1.0	0.7353140398602168	0.4926739926739927	0.670439009410829	0.47876059924585035
3	20	Popularity	1.0	0.6128652643907804	0.42930402930402933	0.5873411419643956	0.4180294708430893
3	20	kNN (test)	0.9058608058608059	0.7019105819540998	0.4794871794871795	0.6515797902228173	0.46510602410946855
3	1000	Average Rating	1.0	0.022581821427779508	0.02600732600732601	0.01607649448036324	0.018027245969331324
3	20	Normalized kNN (test)	0.8893772893772894	0.6157052231896712	0.43626373626373627	0.6147096230919594	0.42905725492115276
3	20	kNN (full)	0.9739926739926739	0.7091652393388383	0.4794871794871795	0.6549685976055732	0.4655466089106407
1	1	iMF (full)	0.8531135531135531	0.7806031934394958	0.5293040293040293	0.72958787816141	0.5194203163573735
1	1	Popularity	0.8512820512820513	0.7286638592407587	0.5	0.7080269294510613	0.49704786823311475
1	1	kNN (test)	0.7996336996336997	0.7635089892860403	0.517948717948718	0.695937529597805	0.5041329659697156
3	1000	iMF (test)	1.0	0.2507895040002396	0.17399267399267399	0.24383271890522956	0.16626575274509073
1	1	Normalized kNN (test)	0.7948717948717948	0.76510261505112	0.5153846153846153	0.6941364354485676	0.5015865561687386
3	50	Average Rating	1.0	0.28491334118580486	0.23479853479853477	0.2760006728758244	0.21028842838722828
3	1000	Normalized kNN (full)	0.9886446886446886	0.1939340581764851	0.13772893772893774	0.19334942603488284	0.13220390720650418
3	1000	Random	1.0	0.013851156598934752	0.01098901098901099	0.008871224907184618	0.008949141787069346
1	1	kNN (full)	0.8249084249084249	0.7713331587471838	0.5227106227106226	0.7216442251782041	0.5144188789174333
3	50	iMF (test)	1.0	0.6414382495845385	0.43772893772893773	0.603648779207179	0.4259785781950588
3	50	Normalized kNN (full)	0.689010989010989	0.5352371012302268	0.3717948717948718	0.44185501900130103	0.3412824178999511
3	50	Random	1.0	0.17757228635275996	0.14285714285714285	0.16134390088119557	0.12648484849084474
3	1000	iMF (full)	1.0	0.35753259575126634	0.23992673992673993	0.31034101966050365	0.22191762980125268
3	1000	Popularity	1.0	0.18565746329081873	0.13772893772893774	0.1729180854358555	0.12666614354502082
3	1000	kNN (test)	1.0	0.30757429743436904	0.21135531135531135	0.2593414363648822	0.19070293437203364
3	1000	Normalized kNN (test)	1.0	0.055767968095048456	0.04725274725274725	0.07067990040798783	0.043837667790286576
3	1000	kNN (full)	1.0	0.31569200248773766	0.21611721611721613	0.267777602207407	0.19637772342031795
3	50	iMF (full)	1.0	0.6817236032648167	0.4655677655677655	0.6276789490398239	0.44936053729468156
3	50	Popularity	1.0	0.5165536836574237	0.36410256410256414	0.478854505478753	0.3466538698375413
3	50	kNN (test)	0.9688644688644689	0.6482085518018579	0.4454212454212454	0.5999138731726481	0.42756792336022104
5	20	Average Rating	1.0	0.4597732698524324	0.36153846153846153	0.4613994859516531	0.33337182302539126
3	50	Normalized kNN (test)	0.9582417582417583	0.4931763480880544	0.36007326007326007	0.5193704657774281	0.35376821924579677
3	50	kNN (full)	0.9985347985347987	0.6555938976804778	0.4446886446886447	0.5985296053708146	0.42769212673363627
5	20	iMF (test)	1.0	0.6992964371184807	0.4721611721611722	0.6409869977371663	0.45320614808562654
5	20	Normalized kNN (full)	0.6304029304029304	0.5747322908634368	0.3956043956043956	0.4532505759587571	0.3513697741484406
5	20	Random	1.0	0.27972188399921744	0.22527472527472528	0.2726637710241292	0.20570350448629518
3	2	Average Rating	0.8721611721611722	0.7216765449667517	0.49670329670329666	0.6916577878859232	0.48964323920566055
5	20	iMF (full)	1.0	0.7189220347252859	0.4802197802197802	0.6444032234915883	0.45795567200300397
5	20	Popularity	1.0	0.6042012184665252	0.42820512820512824	0.5742032967879321	0.407100724289204
5	20	kNN (test)	0.8970695970695971	0.6973121341016559	0.47655677655677653	0.6354141830432053	0.4525274276024183
3	2	iMF (test)	0.8761904761904762	0.7764003062338869	0.5205128205128204	0.7124878237444123	0.5100811126585234
5	20	Normalized kNN (test)	0.8802197802197803	0.6175839543760198	0.44505494505494503	0.600819584832013	0.4247544281151703
3	2	Normalized kNN (full)	0.6000000000000001	0.6096227105825835	0.4135531135531136	0.46978397672408306	0.37295460912978323
3	2	Random	0.8761904761904762	0.6006400759680613	0.426007326007326	0.6411939804048504	0.43512207433156663
5	20	kNN (full)	0.9747252747252748	0.6926105282682249	0.47435897435897434	0.6384244799031084	0.45201893006945465
3	2	iMF (full)	0.8761904761904762	0.7810025467424876	0.5197802197802198	0.7130458309873826	0.5101021476855959
3	2	Popularity	0.8721611721611722	0.7233007599759868	0.493040293040293	0.6953584629441282	0.48997429286000527
3	2	kNN (test)	0.7827838827838828	0.7567090116892461	0.510989010989011	0.6861079433245537	0.4959320359023873
5	50	Average Rating	1.0	0.30370863880730736	0.24981684981684982	0.2798746529009593	0.2155400733006221
3	2	Normalized kNN (test)	0.7794871794871795	0.7507259085956836	0.5032967032967033	0.6814830144147304	0.49095827006922166
5	1000	Average Rating	1.0	0.033717660862984826	0.033699633699633705	0.027655140557111945	0.026132111990497045
3	2	kNN (full)	0.8164835164835165	0.7712400314989715	0.5161172161172162	0.7052605489048506	0.5045567812189173
5	50	iMF (test)	1.0	0.6399233639100886	0.4391941391941392	0.5928177457425542	0.4167657673992281
5	50	Normalized kNN (full)	0.6791208791208792	0.5443560816711656	0.3783882783882784	0.4431270626864058	0.33928049075850547
5	50	Random	1.0	0.16726386629894502	0.1391941391941392	0.14645854104856446	0.11791977576227682
5	1000	iMF (test)	1.0	0.23713781941924375	0.16739926739926742	0.22341886430961427	0.15467128708431716
5	1000	Normalized kNN (full)	0.9886446886446886	0.19380893898998472	0.13699633699633698	0.20477258060081788	0.13335014898995934
5	1000	Random	1.0	0.007267510037816449	0.00695970695970696	0.004955595560187809	0.004854104526544506
5	1000	iMF (full)	1.0	0.35245573203862807	0.23772893772893774	0.3011121731166467	0.21261821907478237
5	1000	Popularity	1.0	0.18606352626897774	0.13076923076923078	0.15824878048138138	0.11426389939895817
5	1000	kNN (test)	1.0	0.3017391435475881	0.21208791208791208	0.2667073222065035	0.18859891564098952
5	50	iMF (full)	1.0	0.6742027653910269	0.45787545787545786	0.6129112358936525	0.4337806709306588
5	50	Popularity	1.0	0.5252304517402997	0.37435897435897436	0.48138413330578717	0.3479744822237767
2	100	Average Rating	1.0	0.20377641534904575	0.1619047619047619	0.1553247812597687	0.13207034069524054
4	20	Average Rating	1.0	0.4755931463717702	0.3692307692307692	0.48148294272414255	0.3537972190386692
3	200	Average Rating	1.0	0.10184390831419711	0.0945054945054945	0.08558711591992926	0.07436567825160027
5	50	kNN (test)	0.9732600732600732	0.6526541020443397	0.44798534798534795	0.5905906999517716	0.42074223075093065
5	1000	Normalized kNN (test)	1.0	0.057278851154964	0.04908424908424908	0.05087855212758092	0.04134959867849684
2	100	iMF (test)	1.0	0.5669892686371908	0.39377289377289376	0.5456239227303201	0.3775249050747955
4	20	iMF (test)	1.0	0.718998879167676	0.4904761904761905	0.6650630108033573	0.47930788615442876
3	200	iMF (test)	1.0	0.49023770919354054	0.336996336996337	0.4724117378175708	0.3262334331633453
5	1000	kNN (full)	1.0	0.3086069555750545	0.2164835164835165	0.27277431103206634	0.19227996440808898
5	50	Normalized kNN (test)	0.9549450549450549	0.5153441381046648	0.3769230769230769	0.5139980637777122	0.35734316783995257
2	100	Normalized kNN (full)	0.7322344322344323	0.47323075475850196	0.32893772893772893	0.3927065491646357	0.2975380459134148
2	100	Random	1.0	0.09574902986293644	0.08131868131868132	0.07620255158804072	0.0640511033617486
4	20	Normalized kNN (full)	0.6318681318681318	0.5743723899340375	0.38461538461538464	0.445541615895987	0.34883722935639955
3	200	Normalized kNN (full)	0.8227106227106227	0.40823985342972363	0.2945054945054945	0.37329141643757663	0.27534185584692455
3	200	Random	1.0	0.06556873843590441	0.05641025641025641	0.06075807928664101	0.04774951080340884
4	20	Random	1.0	0.27158261909967196	0.22271062271062272	0.2825064672833636	0.2079243474972573
5	50	kNN (full)	0.9992673992673993	0.6452043795431325	0.44175824175824174	0.5808950113034914	0.4154068990693517
2	100	iMF (full)	1.0	0.6258347647788887	0.4208791208791209	0.5804727081716228	0.403584071220025
4	20	iMF (full)	1.0	0.7354828825489452	0.49633699633699635	0.672012366146796	0.48536229045198004
3	200	iMF (full)	1.0	0.5572922341035316	0.3772893772893773	0.5085257105178917	0.35981492341044113
2	100	Popularity	1.0	0.4409021539438205	0.3139194139194139	0.39385791269096154	0.29024233998697563
5	2	Average Rating	0.8703296703296703	0.7152018440765624	0.5032967032967033	0.6854217847439878	0.4846857108724161
3	200	Popularity	1.0	0.3494700804661267	0.24432234432234434	0.30627986711538485	0.22467098745581363
4	20	Popularity	1.0	0.5977391835799482	0.4216117216117216	0.5732830735336644	0.41112210449398406
2	100	kNN (test)	0.9959706959706959	0.5824255581893173	0.3974358974358974	0.5335528760332491	0.3765233358772997
3	200	kNN (test)	1.0	0.5065615689299499	0.35018315018315016	0.4598085333725634	0.3294071162992201
4	20	kNN (test)	0.9164835164835164	0.713204329685944	0.47509157509157507	0.6416979551799692	0.46122558299459954
2	100	Normalized kNN (test)	0.9908424908424909	0.39319963693935317	0.29120879120879123	0.41848699842670595	0.27759511143602594
3	200	Normalized kNN (test)	1.0	0.23933458732170496	0.18754578754578755	0.2615277650066667	0.17747063025670692
4	20	Normalized kNN (test)	0.8934065934065935	0.6534566731016516	0.45054945054945056	0.6232100941002727	0.4428665967908572
2	100	kNN (full)	1.0	0.5982082711284181	0.4095238095238095	0.5622362418276632	0.3917824075348593
3	200	kNN (full)	1.0	0.5142950144499508	0.35018315018315016	0.46566497252004807	0.33144477485639223
4	20	kNN (full)	0.9754578754578755	0.7182107666635822	0.4769230769230769	0.6470420855265727	0.46477620095352895
5	2	iMF (test)	0.8725274725274725	0.7608935334698548	0.5157509157509158	0.6966282257500941	0.4953061977753268
5	2	Normalized kNN (full)	0.6054945054945056	0.6042107812257352	0.415018315018315	0.46538118482713625	0.36569985955811807
5	2	Random	0.8725274725274725	0.5974791288677523	0.4186813186813187	0.6210928030358037	0.4172688360317029
5	2	iMF (full)	0.8725274725274725	0.7671295106318783	0.5186813186813186	0.6982694896265479	0.4976587545572611
5	2	Popularity	0.8703296703296703	0.6983018348752537	0.4838827838827839	0.6716654305028167	0.4703997427973333
5	2	kNN (test)	0.7875457875457875	0.7423798529613325	0.5054945054945055	0.6695469963088155	0.48055081029088087
5	2	Normalized kNN (test)	0.7827838827838828	0.7267883147206625	0.5054945054945055	0.6614986202633317	0.48040871386794537
5	2	kNN (full)	0.8216117216117217	0.7456636515782539	0.510989010989011	0.6879203217686314	0.4905462292571881
4	1000	Average Rating	1.0	0.03213388789798646	0.02893772893772894	0.02439045348901977	0.021983116318620443
4	50	Average Rating	1.0	0.2950593862244579	0.24029304029304027	0.27204280892593824	0.21482273695185022
4	1000	iMF (test)	1.0	0.2321411225103175	0.16227106227106228	0.2127527638476357	0.15176728425213443
4	50	iMF (test)	1.0	0.6542212523831359	0.4454212454212454	0.6026688771066839	0.4325345803544563
5	200	Average Rating	1.0	0.12713610562891298	0.11428571428571428	0.09574770563280997	0.09008829394419766
1	100	Average Rating	1.0	0.19996191275272415	0.15897435897435896	0.16333628282348378	0.13496340495271028
4	1000	Normalized kNN (full)	0.994871794871795	0.19125467518934655	0.1336996336996337	0.2046433070325542	0.13331780424658543
4	1000	Random	1.0	0.011200167286693	0.011721611721611722	0.009316064717548055	0.009601978035783543
4	50	Normalized kNN (full)	0.6765567765567765	0.5444178224405692	0.3663003663003663	0.4321367552226034	0.334322765987487
4	50	Random	1.0	0.1728966577996664	0.14395604395604394	0.1598165667833134	0.12482405910871287
2	20	Average Rating	1.0	0.4900394556297173	0.3688644688644689	0.49347834692740017	0.3493682580677241
5	200	iMF (test)	1.0	0.47051066660168495	0.3238095238095238	0.4304245098428296	0.3046950924519574
1	100	iMF (test)	1.0	0.5775486636178823	0.4062271062271062	0.5412335834810946	0.38993785251161134
1	100	Normalized kNN (full)	0.743956043956044	0.4642649571299342	0.3293040293040293	0.3822285988568983	0.3021282915459921
5	200	Normalized kNN (full)	0.8051282051282052	0.4129771888154156	0.28901098901098904	0.36264909408048934	0.2645631962163911
1	100	Random	1.0	0.0931280132614089	0.08168498168498169	0.08103531572373245	0.06787729981106451
5	200	Random	1.0	0.052599909397527775	0.04468864468864469	0.04021672864816838	0.03685093068282686
2	20	iMF (test)	1.0	0.7254046319107453	0.4904761904761905	0.6898689636111703	0.4766232342119057
2	20	Normalized kNN (full)	0.6336996336996337	0.5626874624865771	0.38754578754578756	0.4403713519291779	0.3455162535960361
4	1000	iMF (full)	1.0	0.34528370669840397	0.23333333333333334	0.2928673596157636	0.21459249246572146
4	1000	Popularity	1.0	0.1760122969784315	0.132967032967033	0.1553129253165619	0.11760118256542251
2	20	Random	1.0	0.30832268424004217	0.23553113553113553	0.29931588937757425	0.21686046548153837
4	1000	kNN (test)	1.0	0.31685693880395543	0.21611721611721613	0.2753668171349522	0.19599631961190367
4	1000	Normalized kNN (test)	1.0	0.05040093240124903	0.0424908424908425	0.05261263382293437	0.03676707292278313
4	50	iMF (full)	1.0	0.6807978560962064	0.4626373626373626	0.6146527011531958	0.4460664131972897
4	50	Popularity	1.0	0.5175422965995398	0.3703296703296703	0.473404618444026	0.3503371940345687
1	100	iMF (full)	1.0	0.6211670797977656	0.4274725274725275	0.5760881399177502	0.41147670797860914
4	1000	kNN (full)	1.0	0.32036754608641665	0.21611721611721613	0.28500440819256445	0.20003388183689624
1	100	Popularity	1.0	0.4404683444656032	0.3164835164835165	0.37859080632302416	0.29293492660114395
4	50	kNN (test)	0.9655677655677657	0.6545209311308477	0.4347985347985348	0.5807845595265526	0.4179206865035944
5	200	iMF (full)	1.0	0.5426445278280934	0.3706959706959707	0.475843353741649	0.34231582748738076
5	200	Popularity	1.0	0.368488597770494	0.2600732600732601	0.3159793638691138	0.23347204934228516
1	100	kNN (test)	0.9930402930402932	0.5788567293131015	0.39340659340659345	0.5251707407316765	0.3754120415211342
4	2	Average Rating	0.8882783882783882	0.7232843576909812	0.5007326007326007	0.6933222007851385	0.4965249641100536
5	200	kNN (test)	1.0	0.5099899329074344	0.3512820512820513	0.4452367630226533	0.32205590077892304
4	50	Normalized kNN (test)	0.9512820512820512	0.5209201026279169	0.37545787545787546	0.5244113951143305	0.36688991557808703
2	20	iMF (full)	1.0	0.7461752173979145	0.49963369963369964	0.6946868264895203	0.48503300172251923
1	100	Normalized kNN (test)	0.9882783882783883	0.3896322402576247	0.2926739926739927	0.41505169960756416	0.28444307041400385
2	20	Popularity	1.0	0.6198092662438417	0.4340659340659341	0.605075440615863	0.42236045055295585
5	200	Normalized kNN (test)	0.9996336996336995	0.2421795359322194	0.1901098901098901	0.2646645122853591	0.17659247934699815
4	50	kNN (full)	0.9989010989010989	0.6637164915690722	0.4391941391941392	0.5837837019673568	0.4226655491255354
2	20	kNN (test)	0.9047619047619048	0.7182418208619699	0.480952380952381	0.6632959388658808	0.4636194759210852
1	100	kNN (full)	1.0	0.5828501023662701	0.3992673992673993	0.5311414917916264	0.38186540087912224
5	200	kNN (full)	1.0	0.5074412741550562	0.34835164835164834	0.4459383743558815	0.32076590817782635
4	2	iMF (test)	0.8926739926739926	0.7743285121247497	0.5282051282051282	0.7148644942711065	0.5187760898369647
4	2	Normalized kNN (full)	0.6018315018315019	0.6057035769869389	0.40366300366300367	0.4574321523555039	0.36300250791381256
4	2	Random	0.8926739926739926	0.6147920960752199	0.42967032967032964	0.6383550499779481	0.4404020741462768
2	20	Normalized kNN (test)	0.8842490842490842	0.637355991212978	0.44798534798534795	0.6296409753974342	0.4358195892662961
2	20	kNN (full)	0.9769230769230769	0.7205316674030505	0.4794871794871795	0.6702738352711697	0.46495535888835354
4	2	iMF (full)	0.8926739926739926	0.7733352588631703	0.5216117216117216	0.7069729955464849	0.5121906045637584
4	2	Popularity	0.8882783882783882	0.705658760605258	0.48791208791208784	0.6882506418941841	0.48760736515689007
4	2	kNN (test)	0.8054945054945055	0.7579691172345588	0.5043956043956044	0.6811542686754779	0.49271659519828775
4	2	Normalized kNN (test)	0.7948717948717948	0.7556381706657282	0.5062271062271062	0.6778033176123962	0.49343713309826653
4	2	kNN (full)	0.8417582417582418	0.7702083605472503	0.5142857142857143	0.6998383711901579	0.505613960038152
2	50	Average Rating	1.0	0.30482862918837017	0.2465201465201465	0.2888921959571511	0.2182218267908362
2	1000	Average Rating	1.0	0.03712966838086178	0.03626373626373627	0.026859530834875783	0.026600202055043317
4	200	Average Rating	1.0	0.11791511480162556	0.10256410256410256	0.09037687311279681	0.08020983115784798
5	100	Average Rating	1.0	0.19425876818580948	0.16263736263736264	0.14659914012323744	0.13269214129566026
2	1000	iMF (test)	1.0	0.22372491329397792	0.15860805860805863	0.21460266353730803	0.14848039013457917
2	50	iMF (test)	1.0	0.6523528177779094	0.4428571428571429	0.6140193738813741	0.4268979318702901
2	1000	Normalized kNN (full)	0.9912087912087912	0.19989194925833728	0.13589743589743591	0.21030279153387188	0.13351168364453475
2	1000	Random	1.0	0.016401080061083862	0.014285714285714287	0.015757374034122244	0.010849539336293648
5	100	iMF (test)	1.0	0.5619126427894242	0.38534798534798537	0.5125073834317249	0.3650408184791682
2	50	Normalized kNN (full)	0.6798534798534799	0.5287758959958017	0.3637362637362637	0.42426601654830387	0.32742913685221864
4	200	iMF (test)	1.0	0.47505183068975093	0.32564102564102565	0.4366029600116642	0.3122174031862314
2	50	Random	1.0	0.17065625225542774	0.14065934065934066	0.15692860621351148	0.1204106557809095
5	100	Normalized kNN (full)	0.7424908424908424	0.48151631734500366	0.3355311355311355	0.40721311734858706	0.3040892207415464
5	100	Random	1.0	0.08777789640284023	0.08131868131868132	0.07346592930173276	0.06647650778293736
4	200	Normalized kNN (full)	0.8135531135531135	0.40605381401582097	0.2783882783882784	0.3642930327231586	0.2640355409064243
4	200	Random	1.0	0.045933140911981564	0.04102564102564103	0.039925673183705865	0.034467327352919845
2	1000	iMF (full)	1.0	0.33862597311436304	0.23076923076923078	0.2945234145932271	0.2102511310536513
2	1000	Popularity	1.0	0.16699880500589132	0.12967032967032965	0.1469303800370818	0.11367319352169025
2	50	iMF (full)	1.0	0.6868679006960272	0.45897435897435895	0.6330525403982049	0.4435779966921353
2	50	Popularity	1.0	0.5237346790242307	0.37326007326007327	0.49040163751534693	0.35321281323208414
2	1000	kNN (test)	1.0	0.30959260687892187	0.21465201465201467	0.26675743803990765	0.19431358185063902
2	2	Average Rating	0.8827838827838828	0.7564786728999735	0.5084249084249085	0.7144923426279831	0.4966625643548583
2	50	kNN (test)	0.9688644688644689	0.6602587343348509	0.4468864468864469	0.6132752498461342	0.42770878075025653
1	20	Average Rating	1.0	0.4724671781415026	0.36556776556776555	0.4831247410237382	0.3481535447774651
4	200	iMF (full)	1.0	0.5477049096677891	0.3692307692307692	0.48253178384401624	0.34983078709660226
4	200	Popularity	1.0	0.34909092145294807	0.2512820512820513	0.2980689054233372	0.22793421291574997
5	100	iMF (full)	1.0	0.6137283475598082	0.4179487179487179	0.5419255475075099	0.39072106402646933
5	100	Popularity	1.0	0.4476764065600445	0.32124542124542127	0.4044955124778441	0.2921783506481059
4	200	kNN (test)	1.0	0.5128525678573737	0.3413919413919414	0.4524278105652111	0.32312105560733106
2	1000	Normalized kNN (test)	1.0	0.05787513567540364	0.04798534798534799	0.06209356518288443	0.04216188336392841
5	100	kNN (test)	0.9970695970695971	0.5933067479897893	0.4095238095238095	0.52117538800011	0.3787513889521012
2	50	Normalized kNN (test)	0.9490842490842492	0.5218903104599559	0.378021978021978	0.5363267628221012	0.36371317622143806
2	1000	kNN (full)	1.0	0.3030274090042326	0.20732600732600734	0.25953084189096315	0.18742893353843953
2	2	iMF (test)	0.8842490842490842	0.7875400341472507	0.5322344322344322	0.7369640950732432	0.5167228357927087
2	50	kNN (full)	1.0	0.6688263577374981	0.44945054945054946	0.6180868883400422	0.43188297736943115
1	20	iMF (test)	1.0	0.7147871188294455	0.4974358974358975	0.6839119280901785	0.4843451770511112
4	200	Normalized kNN (test)	0.9992673992673993	0.25324144113365465	0.19670329670329673	0.27622836650763805	0.1874363827256818
5	100	Normalized kNN (test)	0.9915750915750915	0.3805463603937292	0.28498168498168497	0.3951664715281596	0.26968035073809365
2	2	Normalized kNN (full)	0.6018315018315019	0.5968651840026228	0.40805860805860805	0.4550004726596023	0.3612846053277861
1	20	Normalized kNN (full)	0.6421245421245422	0.558424206354934	0.3904761904761905	0.4338254842299015	0.35083014690539255
2	2	Random	0.8842490842490842	0.6252028052427486	0.4399267399267399	0.6677831477420557	0.4432689374305987
1	20	Random	1.0	0.2730972199192352	0.2216117216117216	0.27238721240533753	0.20379121551095283
5	100	kNN (full)	1.0	0.5819741973942617	0.3974358974358974	0.515045963673701	0.36929125792040923
4	200	kNN (full)	1.0	0.526028190707871	0.34065934065934067	0.4559660113814523	0.32455702178809437
1	20	iMF (full)	1.0	0.7259915393219287	0.49670329670329666	0.6835121264099385	0.48476540269967644
1	20	Popularity	1.0	0.6103788765008311	0.432967032967033	0.5983410812058131	0.42173371605812254
1	20	kNN (test)	0.9168498168498169	0.7079303923886273	0.480952380952381	0.6468085189722342	0.46537279051127606
2	2	iMF (full)	0.8842490842490842	0.7922362585350352	0.5274725274725275	0.7369388381717242	0.5153993804963544
2	2	Popularity	0.8827838827838828	0.7386857439944834	0.5	0.7191710447426316	0.4951457991704712
2	2	kNN (test)	0.7985347985347986	0.7693832528904575	0.5142857142857143	0.7010326127613692	0.4961682081761999
1	20	Normalized kNN (test)	0.9065934065934066	0.6455296158058493	0.4556776556776557	0.6321005905277562	0.4455515650643265
1	20	kNN (full)	0.9725274725274725	0.7123083195340784	0.4842490842490842	0.6709401219788905	0.47428122408380374
2	2	Normalized kNN (test)	0.7875457875457875	0.7612502645383956	0.5124542124542125	0.6892791935571108	0.4925040052211045
2	2	kNN (full)	0.832967032967033	0.7794948238542591	0.521978021978022	0.723923946727561	0.5078374128381263
4	100	Average Rating	1.0	0.1892800357130193	0.15897435897435896	0.15344020605840705	0.13102468488419036
1	1000	Average Rating	1.0	0.03856355989465624	0.03333333333333333	0.030002901646637912	0.02520543554304997
1	50	Average Rating	1.0	0.2966079937207016	0.23699633699633701	0.2733225866242326	0.213641875758034
2	200	Average Rating	1.0	0.12953212293088923	0.11025641025641027	0.09756453532444255	0.08689010507034484
1	1000	iMF (test)	1.0	0.23741012999595967	0.16923076923076924	0.21979101909631152	0.15828001586774748
4	100	iMF (test)	1.0	0.5693443590211427	0.39377289377289376	0.5278755987764693	0.38113165101443824
1	1000	Normalized kNN (full)	0.9875457875457876	0.19471503625357608	0.13553113553113552	0.19940356271829301	0.13573935581470153
1	1000	Random	1.0	0.014644595142554407	0.01098901098901099	0.010069979279454126	0.00873523199663137
1	50	iMF (test)	1.0	0.6767317737755757	0.45897435897435895	0.6308529178767067	0.44659813622989014
4	100	Normalized kNN (full)	0.7322344322344323	0.48272433242780877	0.3336996336996337	0.40623600185074143	0.3079995518459345
4	100	Random	1.0	0.09533763634916487	0.08534798534798535	0.08618530478347468	0.07146480044941496
1	50	Normalized kNN (full)	0.680952380952381	0.5158037038864116	0.3626373626373626	0.4096652477364398	0.32853595077162273
1	50	Random	1.0	0.1605612500039717	0.1336996336996337	0.14257443179562834	0.11374481028669771
2	200	iMF (test)	1.0	0.46931978274871544	0.3304029304029304	0.4576914362418769	0.3142572167627536
2	200	Normalized kNN (full)	0.8142857142857143	0.40328137298677197	0.2772893772893773	0.3453617282234516	0.2526215975051647
2	200	Random	1.0	0.052263949998436934	0.045054945054945054	0.04730821653336393	0.03669745805598161
3	10	Average Rating	1.0	0.57328514286519	0.43113553113553116	0.5851216377417687	0.41887990222572696
1	1000	iMF (full)	1.0	0.336793999863071	0.23406593406593407	0.29615321497608266	0.21713639769666504
1	1000	Popularity	1.0	0.17519746501259872	0.1336996336996337	0.1484400786408308	0.11880849727937659
1	1000	kNN (test)	1.0	0.31216167540917283	0.21868131868131868	0.27173432961007715	0.20051197387912978
1	2	Average Rating	0.887912087912088	0.73640848328407	0.49963369963369964	0.7047521190237999	0.49450497022018813
1	50	iMF (full)	1.0	0.6830177027333226	0.4663003663003663	0.6377791999168871	0.4526418501266553
1	50	Popularity	1.0	0.5212897273606865	0.3761904761904762	0.4918678355030321	0.358098707168893
4	100	iMF (full)	1.0	0.617615301993223	0.41428571428571426	0.5560549166442795	0.39875089564810584
4	100	Popularity	1.0	0.43466789885142	0.3076923076923077	0.3840517955147398	0.28702900459974057
1	50	kNN (test)	0.972893772893773	0.6517031607840199	0.4432234432234432	0.6007240142111789	0.4276339695746313
4	100	kNN (test)	0.9956043956043956	0.5879596726054304	0.38498168498168495	0.5082050489342224	0.36596172088263923
1	1000	Normalized kNN (test)	1.0	0.060641705479431374	0.045054945054945054	0.05916473141033756	0.040404734872670496
3	10	iMF (test)	1.0	0.7526191055597258	0.504029304029304	0.6907628720533268	0.4925114427186577
4	100	Normalized kNN (test)	0.9864468864468865	0.38157131569840436	0.2846153846153846	0.40302922512299516	0.2770612903681505
1	1000	kNN (full)	1.0	0.3119432737541779	0.2164835164835165	0.2732820892907151	0.20161856582142676
1	2	iMF (test)	0.8912087912087913	0.7828162804754333	0.53003663003663	0.7268376598745153	0.5192235294407237
3	10	Normalized kNN (full)	0.6186813186813187	0.5955232296386156	0.40476190476190477	0.4636824760955408	0.3660299559742468
1	50	Normalized kNN (test)	0.9630036630036629	0.5212599161578848	0.38388278388278385	0.5393050670609973	0.37575140454133277
3	10	Random	1.0	0.4128365638027241	0.3047619047619048	0.4334872858360577	0.2968152106672481
4	100	kNN (full)	1.0	0.5941286972090876	0.39487179487179486	0.524632006711844	0.37753930761042664
1	50	kNN (full)	1.0	0.6505035198606339	0.4457875457875458	0.6086551992467916	0.43288181343372717
1	2	Normalized kNN (full)	0.6091575091575092	0.5894131751486518	0.41025641025641024	0.4465572909338738	0.3656170762767076
2	200	iMF (full)	1.0	0.5513536969118901	0.3706959706959707	0.5004257966037728	0.35106071414027185
2	200	Popularity	1.0	0.34461950381725437	0.25421245421245425	0.29499970872870224	0.2249710460777631
1	2	Random	0.8912087912087913	0.6376189959418864	0.4336996336996337	0.6551485887061901	0.4424559307665665
2	200	kNN (test)	1.0	0.5078746382920966	0.34798534798534797	0.4518337030187791	0.32347742428465037
2	200	Normalized kNN (test)	1.0	0.2525444839686838	0.19890109890109892	0.2816003607330732	0.18509043949073833
2	200	kNN (full)	1.0	0.5158321251833659	0.35494505494505496	0.4765637511127906	0.333183621211554
3	10	iMF (full)	1.0	0.7586436300171167	0.5029304029304029	0.6893434946188536	0.4916689330797731
3	10	Popularity	1.0	0.6735599123486915	0.46483516483516485	0.6503080793923725	0.4591677282112593
3	10	kNN (test)	0.8538461538461538	0.7347766802897122	0.4974358974358975	0.6731450209566783	0.48346869489175154
1	2	iMF (full)	0.8912087912087913	0.7779000098206075	0.5256410256410257	0.7258586899625953	0.5169151691137586
3	10	Normalized kNN (test)	0.8388278388278388	0.6975179724839808	0.4802197802197802	0.6615743267998218	0.4710563730470987
1	2	Popularity	0.887912087912088	0.723815400953753	0.4956043956043956	0.704036587273906	0.4928629042626576
1	2	kNN (test)	0.8065934065934065	0.7586354911244194	0.5146520146520146	0.6928316253207426	0.501160304363479
3	10	kNN (full)	0.928937728937729	0.7448329318097571	0.4992673992673993	0.6854029817272016	0.4879421670107834
1	2	Normalized kNN (test)	0.8021978021978022	0.760672712017313	0.5120879120879122	0.692219350869834	0.4992809805488475
1	2	kNN (full)	0.8399267399267399	0.7686843884157248	0.5194139194139195	0.7180209930097522	0.5113270279829486
3	1534	Average Rating	1.0	0.010578068087881183	0.011721611721611722	0.008139828469495887	0.008517430281396152
3	100	Random	1.0	0.09704581274431609	0.08131868131868132	0.09523643793004989	0.07142422589029805
3	1534	iMF (test)	1.0	0.1936708275742282	0.13736263736263737	0.18159567743467853	0.12623522560845998
3	1534	Normalized kNN (full)	1.0	0.1443638060088531	0.10366300366300367	0.15056241168321463	0.10002362849154398
3	1534	Random	1.0	0.011380908073705311	0.010256410256410258	0.008911124585134662	0.008079502916894715
3	100	iMF (full)	1.0	0.630231982001436	0.4208791208791209	0.5733981103078867	0.40716256289173697
3	100	Popularity	1.0	0.44523126031680776	0.310989010989011	0.4047026306262143	0.2924909595499938
3	100	iMF (test)	1.0	0.5825324807574951	0.3974358974358974	0.5451150659558965	0.38404185151644993
3	100	kNN (test)	0.9901098901098901	0.5895242312916705	0.40036630036630033	0.5372132302210179	0.38138746363971626
1	200	Average Rating	1.0	0.12577142411185774	0.10219780219780221	0.09810273136901984	0.08381426227453147
3	100	Normalized kNN (full)	0.7293040293040293	0.4891057813034407	0.3358974358974359	0.4100097315065458	0.3096990085021132
3	100	Normalized kNN (test)	0.9871794871794872	0.3720875275356926	0.2802197802197802	0.3916320398857917	0.2695947194758292
3	100	kNN (full)	1.0	0.5965966772294179	0.40366300366300367	0.5470100973859375	0.38774667082192454
3	1534	iMF (full)	1.0	0.301399080022844	0.210989010989011	0.2591787952771589	0.1915721068072845
3	1534	Popularity	1.0	0.14003818061999257	0.11025641025641027	0.12848354831253112	0.09873324939873976
3	1534	kNN (test)	1.0	0.2569558506427562	0.17875457875457876	0.2134957640527326	0.1586297914870254
1	200	iMF (test)	1.0	0.49458881673754174	0.34761904761904766	0.46967673436664426	0.3349990163731953
5	10	Average Rating	0.9996336996336995	0.5782144863771409	0.4344322344322344	0.5885297259007257	0.41389249284891866
1	200	Normalized kNN (full)	0.8054945054945055	0.40044898576787	0.2853479853479854	0.3444429387018018	0.26505254538204176
1	200	Random	1.0	0.056050841346469885	0.05128205128205128	0.04485059698539752	0.03995355063019485
3	1534	Normalized kNN (test)	1.0	0.030333653150324155	0.02893772893772894	0.034481394361182395	0.02531275586532191
3	1534	kNN (full)	1.0	0.26537739842751423	0.18168498168498168	0.22570200189061834	0.16318557946340262
5	10	iMF (test)	1.0	0.7298789451510648	0.4945054945054945	0.6722210065555186	0.4753717698814199
3	0	Average Rating	0.7860805860805861	0.7687353445180759	0.5113553113553113	0.7074757700777381	0.5041149456615971
5	10	Normalized kNN (full)	0.6179487179487179	0.5946345946098498	0.4084249084249084	0.4606063999323435	0.3602638603973178
5	10	Random	1.0	0.4082382031059951	0.30439560439560437	0.4350415493612073	0.295309652203532
1	200	iMF (full)	1.0	0.5504160492012421	0.37655677655677655	0.500667986375268	0.3602540052885422
1	200	Popularity	1.0	0.3526712769027866	0.2611721611721612	0.29363107927109183	0.23623855655015108
3	0	iMF (test)	0.7875457875457875	0.7916574786810596	0.5252747252747253	0.7157591630896316	0.5133711228773554
1	200	kNN (test)	1.0	0.5054739774928748	0.3465201465201465	0.45931667328047426	0.32853176170252035
1	200	Normalized kNN (test)	1.0	0.2600032057634775	0.2021978021978022	0.2822533038198982	0.1935072509226577
3	0	Normalized kNN (full)	0.5956043956043956	0.6121229329917133	0.415018315018315	0.470557806069341	0.37391075475959734
1	200	kNN (full)	1.0	0.5094174598158372	0.3512820512820513	0.45891949827999245	0.33205207710178175
3	0	Random	0.7875457875457875	0.6669999290788574	0.4626373626373626	0.6753167697344586	0.46824584322312324
5	10	iMF (full)	1.0	0.7436982218700041	0.49853479853479854	0.6701681410458938	0.4769989268980836
5	10	Popularity	0.9996336996336995	0.6501332622122976	0.45494505494505494	0.6287201877082148	0.43859230137479954
5	10	kNN (test)	0.8505494505494505	0.7238262812781647	0.493040293040293	0.6550393397485185	0.4675871524149671
5	10	Normalized kNN (test)	0.8358974358974358	0.6803023440720941	0.4787545787545787	0.6353780219995493	0.4554265626113087
5	10	kNN (full)	0.9194139194139194	0.7264441583600822	0.49487179487179483	0.6686069364254387	0.47386238967982236
3	0	iMF (full)	0.7875457875457875	0.7859448922092159	0.526007326007326	0.7187588170539272	0.5154724250026059
3	0	Popularity	0.7860805860805861	0.7383848441488111	0.49963369963369964	0.7025768550526302	0.4967873087748999
3	0	kNN (test)	0.7648351648351649	0.7633250765730027	0.5153846153846153	0.6910518089827051	0.5003964683853956
3	0	Normalized kNN (test)	0.7611721611721612	0.7669468077562739	0.5117216117216117	0.6899945628988062	0.4985709959682303
3	0	kNN (full)	0.780952380952381	0.778573748678785	0.5216117216117216	0.7115403801846819	0.5102537858344707
5	1534	Average Rating	1.0	0.022520913165914463	0.022344322344322345	0.019047236426340264	0.017287769305411316
5	1534	iMF (test)	1.0	0.19529225575211565	0.13663003663003662	0.17807352394829354	0.1237669412440119
5	1534	Normalized kNN (full)	0.9981684981684982	0.14790130420313202	0.10402930402930403	0.15689020557791877	0.10069647982031821
5	1534	Random	1.0	0.00775441026136546	0.0043956043956043965	0.007187541468987918	0.0034546002591115373
5	1534	iMF (full)	1.0	0.2966344681065064	0.19963369963369965	0.2590507445330866	0.17950684900823183
5	1534	Popularity	1.0	0.1469295615772396	0.10512820512820513	0.12537434186902305	0.09160784892361384
5	1534	kNN (test)	1.0	0.2542809065285952	0.1761904761904762	0.21674861730390096	0.15456065953556916
4	10	Average Rating	0.9992673992673993	0.5964398951527788	0.436996336996337	0.6008016220633422	0.42788414289241017
5	1534	Normalized kNN (test)	1.0	0.041029590878004396	0.03553113553113554	0.03400137563123179	0.028960315229273614
5	1534	kNN (full)	1.0	0.2612952979071168	0.18205128205128207	0.22940330400302153	0.16041516497908437
4	10	iMF (test)	1.0	0.7416780002816973	0.5051282051282051	0.6860991772595099	0.4954270729006395
5	0	Average Rating	0.7904761904761906	0.7693094230423716	0.5208791208791208	0.7022728912679038	0.5006217432307617
4	10	Normalized kNN (full)	0.6153846153846154	0.593606209356607	0.3974358974358974	0.45307084093584926	0.35800857918702605
4	10	Random	1.0	0.42182143334641015	0.3142857142857143	0.4490555704059248	0.3116550429926789
5	0	iMF (test)	0.7904761904761906	0.7748523757760173	0.5227106227106226	0.7046127581063186	0.5028922416052923
5	0	Normalized kNN (full)	0.6003663003663003	0.6089168395594716	0.4175824175824176	0.4667461002635873	0.3674291958108657
5	0	Random	0.7904761904761906	0.6789258085729442	0.4608058608058608	0.6639067415541032	0.45772981552216924
4	10	iMF (full)	1.0	0.7431487305190378	0.5021978021978022	0.6838409269548636	0.49281610443183954
4	10	Popularity	0.9992673992673993	0.6536067073480183	0.45714285714285713	0.638350344175187	0.4530676862589306
4	10	kNN (test)	0.8692307692307693	0.7330691707326095	0.49010989010989015	0.6639768389839905	0.4779039176383032
4	10	Normalized kNN (test)	0.8538461538461538	0.7040538402481022	0.480952380952381	0.6544481369710586	0.47065024418319285
4	10	kNN (full)	0.9263736263736264	0.7442076501713725	0.4978021978021978	0.6775240648583347	0.48773898906612845
5	0	iMF (full)	0.7904761904761906	0.7740057480639525	0.5183150183150184	0.7008916030417134	0.4989079074804654
5	0	Popularity	0.7904761904761906	0.715519744865016	0.4897435897435897	0.6786859893090899	0.47640099315238343
5	0	kNN (test)	0.7684981684981685	0.7504762265174484	0.5098901098901099	0.6733469001087192	0.48447121207104626
4	1534	Average Rating	1.0	0.02472283367296581	0.023076923076923078	0.020077788135954285	0.017454747258619334
5	0	Normalized kNN (test)	0.7633699633699634	0.7459449032868434	0.5131868131868131	0.6680048180965721	0.48713100534323545
5	0	kNN (full)	0.7846153846153846	0.7559235002132069	0.5142857142857143	0.6911095928150454	0.49363596318766756
4	1534	iMF (test)	1.0	0.1918189468643834	0.13589743589743591	0.17458832296069607	0.12601718795064923
4	1534	Normalized kNN (full)	0.9992673992673993	0.14514867026577055	0.10293040293040294	0.1616919902676285	0.10354103809057986
4	1534	Random	1.0	0.006303699610490399	0.005494505494505495	0.0033092279250865656	0.003801734721766702
4	1534	iMF (full)	1.0	0.2910198524738855	0.1978021978021978	0.2439432477189495	0.17990439291106894
4	1534	Popularity	1.0	0.14228602052820147	0.10622710622710622	0.1308798538200377	0.09547609326723204
4	1534	kNN (test)	1.0	0.26368861618236267	0.1813186813186813	0.22114903992173734	0.16210421785544607
2	10	Average Rating	1.0	0.6003389277212632	0.43956043956043955	0.6173630153261047	0.4261405706753237
4	1534	Normalized kNN (test)	1.0	0.03209424128511461	0.029304029304029304	0.029834179132968625	0.023916006886428042
4	1534	kNN (full)	1.0	0.27344405073678196	0.18608058608058609	0.23811687733257025	0.16917667322923607
2	10	iMF (test)	1.0	0.7658671373287472	0.5164835164835165	0.7188708694476791	0.5012349559017187
2	10	Normalized kNN (full)	0.6142857142857142	0.584531419592375	0.4010989010989011	0.45053650733241335	0.35631498041515874
4	0	Average Rating	0.8076923076923077	0.7754314286666971	0.5172161172161172	0.7116515747784516	0.5129721564973483
2	10	Random	1.0	0.41779100932343866	0.3139194139194139	0.46089158257419555	0.3050206365014366
4	0	iMF (test)	0.8091575091575092	0.7768576387280969	0.5296703296703297	0.7200581802134678	0.521661479944673
2	10	iMF (full)	1.0	0.7637830589227979	0.5120879120879122	0.715435687105008	0.4988436813473043
2	10	Popularity	1.0	0.6813959585772887	0.46996336996337	0.6706055088348538	0.4620601863853715
4	0	Normalized kNN (full)	0.5985347985347985	0.6090392367632483	0.40586080586080586	0.4586374246975292	0.3645028390844734
4	0	Random	0.8091575091575092	0.6771709203089169	0.46886446886446886	0.6798591691156539	0.4774985618685524
2	10	kNN (test)	0.856043956043956	0.748009923935302	0.5047619047619049	0.6911711589643694	0.48696538158995
2	10	Normalized kNN (test)	0.8402930402930403	0.71072095967276	0.48791208791208784	0.66590177126324	0.47003722389421154
2	10	kNN (full)	0.9238095238095237	0.7535223853971511	0.5087912087912088	0.7054128477585122	0.4947548947150397
4	0	iMF (full)	0.8091575091575092	0.7797960323710843	0.526007326007326	0.7142291530779021	0.5172413965875942
4	0	Popularity	0.8076923076923077	0.7220152959646786	0.49487179487179483	0.6958396357927017	0.49453549150423626
4	0	kNN (test)	0.7860805860805861	0.7638555289740715	0.5087912087912088	0.6860075981593493	0.49716961466848825
2	1534	Average Rating	1.0	0.02668307904015129	0.027472527472527472	0.01940142578605414	0.019546538119857543
4	0	Normalized kNN (test)	0.7798534798534799	0.769703350180531	0.5131868131868131	0.6830501386265122	0.4990958025410852
4	0	kNN (full)	0.8047619047619047	0.7779405466649867	0.5194139194139195	0.7065582203976919	0.5108600317719929
2	1534	iMF (test)	1.0	0.17398471284804964	0.1274725274725275	0.1677268422759255	0.11796870471406669
2	1534	Normalized kNN (full)	0.9974358974358974	0.15063942920609685	0.10183150183150183	0.16000472921825795	0.10037138072740828
2	1534	Random	1.0	0.008392180850807044	0.008424908424908426	0.006709145726642907	0.006429043150068455
1	10	Average Rating	1.0	0.5959834011904636	0.4402930402930403	0.61460080464526	0.43124602340081336
2	1534	iMF (full)	1.0	0.2865987496100708	0.19633699633699633	0.23960523384014992	0.17627160926290011
2	1534	Popularity	1.0	0.13288946873348792	0.10183150183150183	0.12001034532308243	0.09057931542000795
2	1534	kNN (test)	1.0	0.26308792587662716	0.1805860805860806	0.2267431517792102	0.162676471156948
1	10	iMF (test)	1.0	0.7516021689313686	0.510989010989011	0.7016561323387164	0.49907910279364803
2	1534	Normalized kNN (test)	1.0	0.03418280176876255	0.029304029304029304	0.03428575977954269	0.02459295724690257
2	1534	kNN (full)	1.0	0.2552035862042892	0.17582417582417584	0.2146801423820357	0.15594133364097437
2	0	Average Rating	0.801098901098901	0.7994930920676763	0.5241758241758242	0.7317914422823192	0.511860765852006
1	10	Normalized kNN (full)	0.6208791208791209	0.5790247548461018	0.40183150183150185	0.4418310295421463	0.3597427576212385
1	10	Random	1.0	0.40742666580731	0.315018315018315	0.4377359749794821	0.30621854895626466
2	0	iMF (test)	0.8021978021978022	0.799328915353423	0.5355311355311355	0.7400806330105505	0.5200414841700588
2	0	Normalized kNN (full)	0.5970695970695971	0.6001020357199788	0.4106227106227106	0.4570009996051842	0.3634472193345725
2	0	Random	0.8021978021978022	0.692760359228944	0.4655677655677655	0.7011973502318836	0.47133803373061073
1	10	iMF (full)	1.0	0.7564153633681385	0.5106227106227107	0.7082776729578845	0.5018656447889654
1	10	Popularity	1.0	0.6708196413440317	0.46776556776556777	0.6573379008839382	0.46120416236245004
1	10	kNN (test)	0.8750915750915751	0.734922388676698	0.5003663003663004	0.675398848349972	0.4861006971053832
1	10	Normalized kNN (test)	0.8597069597069597	0.701025250568316	0.48315018315018315	0.6635810809299919	0.4724191105604791
1	10	kNN (full)	0.9395604395604396	0.7410919864237673	0.5018315018315018	0.6928213306962834	0.49164751501511755
2	0	iMF (full)	0.8021978021978022	0.7974557819034714	0.5322344322344322	0.7410943424015277	0.51947890661286
2	0	Popularity	0.801098901098901	0.7530741457413619	0.5043956043956044	0.7247050609909336	0.4998431767389405
2	0	kNN (test)	0.7783882783882784	0.7771020565191966	0.5183150183150184	0.7056414959416809	0.5003239302941069
2	0	Normalized kNN (test)	0.7699633699633699	0.7770150986995907	0.519047619047619	0.6944386847741371	0.4980135883110991
2	0	kNN (full)	0.7948717948717948	0.7875167715396963	0.5263736263736263	0.7294680058430486	0.5125133442949239
1	1534	Average Rating	1.0	0.02840671487263064	0.026739926739926742	0.02399441431464952	0.0200622067130252
1	1534	iMF (test)	1.0	0.19499931233555653	0.13772893772893774	0.18391944656499054	0.13168985591710167
1	1534	Normalized kNN (full)	0.9970695970695971	0.14636186269817805	0.1043956043956044	0.15261340725569164	0.10497116203758783
1	1534	Random	1.0	0.005797983640375129	0.0062271062271062275	0.003740285675445915	0.004474828515518635
1	1534	iMF (full)	1.0	0.2895298847983531	0.2010989010989011	0.24646912768746573	0.18288260637006798
1	1534	Popularity	1.0	0.13508403881454042	0.10476190476190476	0.1164717071611583	0.09360461509104383
1	1534	kNN (test)	1.0	0.2609500854497223	0.18205128205128207	0.2171410877630444	0.16467155177612564
1	1534	Normalized kNN (test)	1.0	0.038459927266606096	0.031135531135531136	0.04256618776794309	0.028084618908297554
1	0	Average Rating	0.8095238095238095	0.7888469406613107	0.5168498168498168	0.7236480375210974	0.5113254048047995
1	1534	kNN (full)	1.0	0.2651779475669855	0.1838827838827839	0.22844551652852427	0.1699379803836493
1	0	iMF (test)	0.8102564102564103	0.788661701251508	0.5304029304029304	0.7285212484537903	0.5197767775698733
1	0	Normalized kNN (full)	0.6043956043956044	0.5943153742788223	0.41282051282051285	0.4482837916385502	0.3676167799812595
1	0	Random	0.8102564102564103	0.6945996910660934	0.46703296703296704	0.689083244944361	0.47335610309451503
1	0	iMF (full)	0.8102564102564103	0.781768077184481	0.5285714285714286	0.7292314505044849	0.5191875876861692
1	0	Popularity	0.8095238095238095	0.7392084655741219	0.5029304029304029	0.7135926600167919	0.5007298357525606
1	0	kNN (test)	0.7886446886446887	0.7663943025728535	0.519047619047619	0.6966294302897057	0.504971809665702
1	0	Normalized kNN (test)	0.784981684981685	0.7768839183044979	0.5186813186813186	0.6966789613606589	0.5043843281972799
1	0	kNN (full)	0.8054945054945055	0.7762360551714123	0.5245421245421245	0.7232010017349808	0.516050302353368
3	500	Average Rating	1.0	0.04541394155860239	0.045054945054945054	0.035831521210191265	0.03284549294486011
3	500	iMF (test)	1.0	0.3389473648120301	0.23809523809523808	0.3255765897251772	0.2267116874244782
3	500	Normalized kNN (full)	0.9263736263736264	0.28417976779303666	0.20402930402930403	0.27432741639498115	0.19506742843485025
3	500	Random	1.0	0.02203129052162197	0.019413919413919418	0.017448651942533915	0.013490583829879797
3	500	iMF (full)	1.0	0.44968312506321345	0.3062271062271062	0.40459851411630404	0.2886982753834339
3	500	Popularity	1.0	0.24955149359112466	0.17692307692307693	0.22164201548304177	0.16142954175101482
3	500	kNN (test)	1.0	0.3989657714792373	0.27472527472527475	0.35721960701102484	0.25631100333177065
3	500	Normalized kNN (test)	1.0	0.11617360518303584	0.09706959706959707	0.127722100142905	0.08861082917005994
3	500	kNN (full)	1.0	0.40325007503838817	0.27326007326007323	0.35867900255783464	0.25545295318937755
5	500	Average Rating	1.0	0.06562202470520467	0.05714285714285715	0.04766684781831493	0.04466560676574374
5	500	iMF (test)	1.0	0.34015308611900447	0.24395604395604392	0.3155804364109923	0.22383974222064482
5	500	Normalized kNN (full)	0.9454212454212455	0.2867967706342368	0.2021978021978022	0.2777266578179623	0.19076976379621607
5	500	Random	1.0	0.02009162748761125	0.017582417582417582	0.020135004375527715	0.014381027439188048
5	500	iMF (full)	1.0	0.4380809146011673	0.2948717948717949	0.38026539328869124	0.2692374921435619
5	500	Popularity	1.0	0.2500036371179748	0.1769230769230769	0.217862155977228	0.15716342729048782
5	500	kNN (test)	1.0	0.38992697807256893	0.2765567765567766	0.33947744199665547	0.2476680294362334
5	500	Normalized kNN (test)	1.0	0.12317918071889254	0.09853479853479855	0.11279811173077399	0.08465323090598949
5	500	kNN (full)	1.0	0.39242059783081085	0.2761904761904762	0.3411547076184819	0.24816826081692028
4	500	Average Rating	1.0	0.05712019387084387	0.04908424908424908	0.040426921647567705	0.03766040801751044
4	500	iMF (test)	1.0	0.33518051657337083	0.2326007326007326	0.31199083435785113	0.21972809500273338
4	500	Normalized kNN (full)	0.9435897435897437	0.2785589896499095	0.20036630036630038	0.2825561322697022	0.19315051402526542
4	500	Random	1.0	0.018440636454015683	0.016849816849816852	0.015202352578687383	0.013752217238254184
4	500	iMF (full)	1.0	0.42686842305219475	0.29194139194139196	0.3714731845537769	0.2723990067958653
4	500	Popularity	1.0	0.24828758013251265	0.18351648351648353	0.21537249610067702	0.16440482260679526
4	500	kNN (test)	1.0	0.40417674077900945	0.2765567765567766	0.35734448362909266	0.25597216189106825
4	500	Normalized kNN (test)	1.0	0.11379599911816356	0.09010989010989011	0.12207286292609101	0.08233867452017035
4	500	kNN (full)	1.0	0.4108499063011913	0.27289377289377287	0.36436385471121824	0.25666071287380815
2	500	Average Rating	1.0	0.06185388814394571	0.05347985347985348	0.043385554619837716	0.0407157820091749
2	500	iMF (test)	1.0	0.315819415161159	0.22673992673992674	0.31281334852324777	0.2138617948657005
2	500	Normalized kNN (full)	0.9296703296703297	0.2904230100473741	0.20073260073260074	0.2746916033394044	0.187630438513709
2	500	Random	1.0	0.02934391663577897	0.02454212454212454	0.023855572890910778	0.02005514086699737
2	500	iMF (full)	1.0	0.4203979734922927	0.2879120879120879	0.3722291063278458	0.26677267618825673
2	500	Popularity	1.0	0.24997644774839928	0.18644688644688645	0.21079477431533478	0.16317502153223748
2	500	kNN (test)	1.0	0.3975939032720071	0.27179487179487183	0.3507850997045633	0.24885087722792879
2	500	Normalized kNN (test)	1.0	0.1175067422677996	0.09963369963369963	0.1300555954718702	0.08797245232963076
2	500	kNN (full)	1.0	0.39419849393514367	0.27472527472527475	0.35095471237024056	0.25140196652757196
1	500	Average Rating	1.0	0.07081249316740808	0.06007326007326008	0.05625676844063821	0.04771383543535211
1	500	iMF (test)	1.0	0.35599190162138034	0.2490842490842491	0.33506062510872775	0.23809393568662776
1	500	Normalized kNN (full)	0.9135531135531135	0.28843255093778897	0.20476190476190476	0.2710960886473038	0.19575126273623808
1	500	Random	1.0	0.02576474800963354	0.02197802197802198	0.020737673258435146	0.017415698544993512
1	500	iMF (full)	1.0	0.43043142094844006	0.30000000000000004	0.390587895206386	0.282602694657479
1	500	Popularity	1.0	0.24394742689009802	0.1838827838827839	0.2064854031807575	0.16470491522304917
1	500	kNN (test)	1.0	0.3986834324571692	0.27362637362637365	0.3522164099506306	0.2560996328703388
1	500	Normalized kNN (test)	1.0	0.11799757685122117	0.09597069597069596	0.12569011666126265	0.08891862059220802
1	500	kNN (full)	1.0	0.39729284504879603	0.2695970695970696	0.34887850379311375	0.252166553571722
3	100	Average Rating	1.0	0.18140506255495223	0.152014652014652	0.16815428549860703	0.13191144430607518
