fold	target size	recommender system	Coverage@10	nDCG@10	P@10	Recall@10	FScore@10
1	1682	Average Rating	1.0	0.01876229692439704	0.022163308589607637	0.015718491772926283	0.015972156087149584
1	1	Average Rating	0.8697773064687169	0.8171442076644129	0.5679745493107106	0.7163974541339847	0.5343187238298305
1	0	Average Rating	0.8291622481442206	0.8171579743163204	0.5679745493107106	0.7163974541339847	0.5343187238298305
1	1682	iMF (test)	1.0	0.13828944451267172	0.11039236479321315	0.1223713513429971	0.09279728524833902
1	1	Random	0.8697773064687169	0.6465105474164176	0.4715800636267232	0.6473278697025076	0.46094926698718175
1	1	iMF (test)	0.8697773064687169	0.83256484057919	0.581442205726405	0.725366162100045	0.5439269938043274
1	2	Average Rating	0.9038176033934252	0.8158274375796849	0.5675503711558855	0.7159013171850376	0.5338640492063579
1	1682	Normalized kNN (full)	1.0	0.19064809201095007	0.14549310710498412	0.18203813326297166	0.13142391383554702
1	0	iMF (test)	0.8291622481442206	0.830946924942059	0.5806998939554613	0.7238020774544925	0.5432534650418663
1	1682	Random	1.0	0.007441872335505676	0.006786850477200425	0.004693046567479263	0.004743658053209113
1	2	iMF (test)	0.9038176033934252	0.8290880072519727	0.5795334040296924	0.7232793275426899	0.5418650673932939
1	50	Average Rating	1.0	0.49532421703305224	0.36935312831389183	0.4117706584099134	0.3249259549397845
1	1	Normalized kNN (full)	0.8697773064687169	0.7852672690819134	0.5535524920466596	0.7027200980905711	0.5207030341690936
1	2	Random	0.9038176033934252	0.6087018073759164	0.45143160127253446	0.6272176096257456	0.44192634603057734
1	1000	Average Rating	1.0	0.03784756353322083	0.043690349946977736	0.04163614695893853	0.03494793824657579
1	1000	Random	1.0	0.01314149995454027	0.012089077412513256	0.010384112058131344	0.009476796373408803
1	0	Normalized kNN (full)	0.8291622481442206	0.7911508235873758	0.5547189819724284	0.7031523177121738	0.5217176949792642
1	1	iMF (full)	0.8697773064687169	0.8116068441259292	0.5668080593849417	0.7132685145437083	0.5314614106461392
1	50	iMF (test)	1.0	0.6710749221177839	0.49300106044538705	0.6002334355158052	0.4519382342125022
1	0	Random	0.8291622481442206	0.6849938529366342	0.4809119830328738	0.6596654150519199	0.4710518849370029
1	1	Popularity	0.8697773064687169	0.7536424881709977	0.5319194061505833	0.6929309005086383	0.5076459289471644
1	1682	iMF (full)	1.0	0.3613615430300161	0.26214209968186636	0.2850427016857284	0.22141652528726208
1	1000	iMF (test)	1.0	0.32260456800726456	0.24602332979851538	0.2856019204194961	0.2189915782465536
1	1682	Popularity	1.0	0.17379069834055935	0.13584305408271474	0.1414834072128964	0.11216075264519923
1	2	Normalized kNN (full)	0.9038176033934252	0.7714152400581972	0.5424178154825027	0.6876983106403638	0.508224152707815
1	1	kNN (test)	0.8697773064687169	0.8086685894674662	0.5645811240721103	0.7134256298819441	0.5308049647950264
1	2	kNN (full)	0.9038176033934252	0.8066559055407124	0.563202545068929	0.7113516653848639	0.5293080772741153
1	50	Normalized kNN (full)	1.0	0.6355837700072098	0.45206786850477204	0.49558208019306293	0.3971651679050453
1	50	Random	1.0	0.17294079934928938	0.1474019088016967	0.1471205856529413	0.121537211037193
1	2	Popularity	0.9038176033934252	0.7420236023931008	0.5257688229056203	0.6849668279369305	0.500894464458162
1	1682	kNN (test)	1.0	0.32901311809268197	0.23679745493107107	0.2627868663624222	0.20100456825645951
1	1000	Normalized kNN (full)	1.0	0.4605261696756567	0.3336161187698834	0.382386986323	0.2947875673318117
1	1000	iMF (full)	1.0	0.6082855149226623	0.4270413573700954	0.4985753298598714	0.38126518878505194
1	1000	Popularity	1.0	0.3975186924069228	0.2934252386002121	0.3200454984433101	0.25239210871598955
1	2	kNN (test)	0.9038176033934252	0.8074041170337041	0.5637327677624603	0.7122941320643381	0.5298580849709225
1	2	iMF (full)	0.9038176033934252	0.8102378212603185	0.5652173913043478	0.7117085171822983	0.5298180349045598
1	1000	kNN (full)	1.0	0.5962009164334292	0.4217391304347826	0.4908397944750387	0.375767822991305
1	0	iMF (full)	0.8291622481442206	0.8111336313535692	0.5670201484623543	0.7132575509892715	0.5315591155968147
1	0	Popularity	0.8291622481442206	0.7538816393682164	0.5320254506892895	0.6930823927067901	0.5077706872279952
1	1	kNN (full)	0.8697773064687169	0.807981524357657	0.5642629904559915	0.7127066141947439	0.5304809082068351
1	0	kNN (test)	0.8291622481442206	0.8088816239902495	0.5647932131495228	0.7136831666188022	0.5310357676145635
1	1682	kNN (full)	1.0	0.32999764131133874	0.2388123011664899	0.26479221800404884	0.2030879902947577
1	50	iMF (full)	1.0	0.7552718958364609	0.5326617179215271	0.6554454810119213	0.49210281640615183
1	50	Popularity	1.0	0.6192837756304493	0.4417815482502651	0.543974869871809	0.40619618997921797
1	200	Average Rating	1.0	0.23698171154883926	0.21113467656415694	0.19391659461059652	0.16988973730562337
1	0	kNN (full)	0.8291622481442206	0.8082343982431358	0.564475079533404	0.7129452144068329	0.5307047800107705
1	50	kNN (test)	1.0	0.7496640588684444	0.5300106044538706	0.6544514397765911	0.49037542249731
1	10	Average Rating	0.9998939554612937	0.6814360328273845	0.5066808059384942	0.6536762770735036	0.4764136646167094
1	20	Average Rating	1.0	0.6338050318757207	0.47041357370095443	0.5665000357350142	0.4285571357586892
1	5	Average Rating	0.9732767762460233	0.737957335364129	0.5378579003181336	0.6908070526922678	0.5085698368679163
1	200	iMF (test)	1.0	0.6549706975885901	0.4817603393425239	0.5893871300403503	0.44129156311928397
1	100	Average Rating	1.0	0.3927958702603935	0.3090137857900318	0.32825402654428676	0.26768927565878936
1	10	iMF (test)	0.9998939554612937	0.750654841121931	0.5451749734888653	0.6916863958958123	0.5113395017785073
1	20	iMF (test)	1.0	0.7312948245002786	0.5307529162248145	0.6639828602353609	0.49317910290340794
1	5	iMF (test)	0.9732767762460233	0.7710139221004947	0.5634146341463414	0.7086050699638932	0.5274805503187452
1	200	Normalized kNN (full)	1.0	0.6267368308732559	0.44506892895015904	0.4812515759673557	0.3883771722116981
3	100	Average Rating	1.0	0.36849494989530834	0.3131495227995758	0.3303343763301252	0.2676468136878947
1	200	Random	1.0	0.057129439143958745	0.0503711558854719	0.04889102925855741	0.040327258845711304
1	100	iMF (test)	1.0	0.6715881262521305	0.4891834570519618	0.5982915778130732	0.44707474146199266
4	100	Average Rating	1.0	0.2813286202592204	0.2486744432661718	0.24135560666515482	0.20414190131767973
5	100	Average Rating	1.0	0.33170477619913563	0.26023329798515377	0.2697444516877824	0.22164690424466132
1	10	Normalized kNN (full)	0.9998939554612937	0.6930757107229214	0.4919406150583245	0.5873421426913428	0.44727128376978154
1	10	Random	0.9998939554612937	0.4233258296174669	0.32746553552492047	0.42189477593284125	0.3053515448507379
4	5	Average Rating	0.9689289501590669	0.6958395494745292	0.5204665959703075	0.6625186437368593	0.48635063703442105
2	100	Average Rating	1.0	0.35151109221496507	0.2866383881230117	0.29956364364489235	0.2452408225213124
1	5	Normalized kNN (full)	0.9732767762460233	0.735278465561	0.5234358430540828	0.6574842428568222	0.486941065777436
1	20	Normalized kNN (full)	1.0	0.6562502212180641	0.46797454931071053	0.531550352568214	0.4172962959141202
1	20	Random	1.0	0.309344429640588	0.25111346765641573	0.28700785050953875	0.22197345606871197
1	5	Random	0.9732767762460233	0.5327518419478118	0.40731707317073174	0.5629293001375211	0.3941627964937698
3	100	iMF (test)	1.0	0.6538808541169436	0.48462354188759277	0.6029265634939158	0.4482336794997636
4	100	iMF (test)	1.0	0.6587956027782342	0.4899257688229056	0.5910127159037206	0.44459139652723295
1	100	Normalized kNN (full)	1.0	0.6288316806345347	0.4463414634146341	0.4840991197487152	0.390024449756842
1	100	Random	1.0	0.10363174624178505	0.08918345705196183	0.08572775590801139	0.07116327368969769
5	100	iMF (test)	1.0	0.6518706905361166	0.48865323435843055	0.596433761343971	0.4501572333692037
2	100	iMF (test)	1.0	0.6737745455706663	0.5025450689289501	0.6058552248780316	0.4614720890973198
4	5	iMF (test)	0.9689289501590669	0.7707449382037745	0.5608695652173913	0.6927249015711038	0.5185974036308768
1	200	iMF (full)	1.0	0.7549236219104328	0.531813361611877	0.6553856040072397	0.49121289334433504
1	200	Popularity	1.0	0.6192837756304493	0.4417815482502651	0.543974869871809	0.40619618997921797
3	100	Normalized kNN (full)	1.0	0.6375385556688047	0.4523860021208908	0.4982510901307908	0.3975525495949332
3	100	Random	1.0	0.10461298737898066	0.08738069989395547	0.08295457280729697	0.06980023789942578
4	100	Normalized kNN (full)	1.0	0.6299233125673949	0.4492046659597031	0.4762292384435559	0.3862949957438102
4	100	Random	1.0	0.10381148739602628	0.0895015906680806	0.08239927050369959	0.07062726975066082
5	100	Normalized kNN (full)	1.0	0.6397518465961245	0.45652173913043476	0.5014427720822304	0.40102541845310735
5	100	Random	1.0	0.10206648034855338	0.08960763520678686	0.07893044836478712	0.07034471120125418
1	10	iMF (full)	0.9998939554612937	0.7845193013308361	0.5548250265111347	0.6964152988068832	0.5182015306988837
1	10	Popularity	0.9998939554612937	0.6943924079380314	0.4919406150583245	0.6305144560959965	0.46143157897204984
2	100	Normalized kNN (full)	1.0	0.6343997413212268	0.4534464475079534	0.48656823058138765	0.3954238575591797
4	5	Normalized kNN (full)	0.9689289501590669	0.7321173661539003	0.5223753976670201	0.6414266938135933	0.4779814268113157
1	200	kNN (test)	1.0	0.7470328679212526	0.5282078472958643	0.6489876211632497	0.4877886855973674
2	100	Random	1.0	0.10784659312542087	0.09459172852598091	0.08779532669253065	0.07479432948404711
4	5	Random	0.9689289501590669	0.5302252175477812	0.40731707317073174	0.5550157067693499	0.3887648426446848
1	5	iMF (full)	0.9732767762460233	0.7883189828305195	0.559066808059385	0.7048028980429987	0.5237101854260636
1	20	iMF (full)	1.0	0.7629652065360472	0.53966065747614	0.6712771006868193	0.500943920089459
1	20	Popularity	1.0	0.6221212159425966	0.44400848356309647	0.5502272247986072	0.40935518851693925
1	50	Normalized kNN (test)	1.0	0.5084134730060602	0.40466595970307534	0.46582515280177	0.36093123599126153
1	5	Popularity	0.9732767762460233	0.718532297082106	0.5094379639448569	0.6617422277995976	0.4825114230762465
1	100	iMF (full)	1.0	0.7520969863448508	0.5308589607635207	0.6537349091994196	0.49037917326933644
1	10	kNN (test)	0.9998939554612937	0.778148489941463	0.5501590668080594	0.6941894441227393	0.5150346422070532
1	100	Popularity	1.0	0.6192837756304493	0.4417815482502651	0.543974869871809	0.40619618997921797
1	50	kNN (full)	1.0	0.748731289934573	0.5293743372216331	0.6524905828730355	0.48944450687246704
1	20	kNN (test)	1.0	0.7579804607166808	0.5360551431601273	0.668672360837385	0.4982133183575401
1	5	kNN (test)	0.9732767762460233	0.7861366577437366	0.557051961823966	0.7038926027403366	0.5226088631871826
1	100	kNN (test)	1.0	0.7476922530078902	0.5286320254506893	0.650287929197386	0.4884048224183573
3	100	iMF (full)	1.0	0.7578197980901098	0.5344644750795334	0.6549040723576538	0.49271052557916994
4	100	iMF (full)	1.0	0.7528500055859929	0.5392364793213149	0.6544891638800892	0.49237535282230727
3	100	Popularity	1.0	0.6397588763556232	0.452492046659597	0.5592692984634516	0.4164895427241364
4	100	Popularity	1.0	0.6375627768896409	0.45546129374337224	0.5604631075677573	0.41634008835094755
5	100	iMF (full)	1.0	0.7496447303519748	0.535100742311771	0.6562692897295865	0.4953893578099798
5	100	Popularity	1.0	0.6208124061136056	0.4427359490986214	0.5406828430211588	0.4068426257607623
2	100	iMF (full)	1.0	0.7483924701811016	0.5374337221633086	0.6462159227062326	0.49337331232045223
2	100	Popularity	1.0	0.6203934515327651	0.45068928950159065	0.552121238608557	0.41527231949755766
4	5	iMF (full)	0.9689289501590669	0.7872117334708584	0.5639448568398727	0.6942973760005254	0.5205295628118304
4	100	kNN (test)	1.0	0.7482846377242395	0.5291622481442205	0.6409446376538123	0.48213835342716416
4	5	Popularity	0.9689289501590669	0.7200568953201256	0.512407211028632	0.6533107277228579	0.47918567633804776
3	100	kNN (test)	1.0	0.7531927356962415	0.5290562036055143	0.6459644041102542	0.48683860546720864
5	100	kNN (test)	1.0	0.7430325917985026	0.5292682926829269	0.6465778594134425	0.4879216765210742
2	100	kNN (test)	1.0	0.7412648382943374	0.5305408271474019	0.6383415057231071	0.4866588033747388
4	5	kNN (test)	0.9689289501590669	0.7811913793668408	0.5544008483563097	0.6856015992248778	0.5125191181064055
1	200	Normalized kNN (test)	1.0	0.36698020129739234	0.33022269353128314	0.3635132684992311	0.28905487081505116
1	10	Normalized kNN (test)	0.9998939554612937	0.6938941340334963	0.5177094379639449	0.6647189757733104	0.48689564588114104
1	200	kNN (full)	1.0	0.7456780746270334	0.5271474019088017	0.6462124936946282	0.48628468542152214
1	20	Normalized kNN (test)	1.0	0.6584348389939755	0.4908801696712619	0.6062810810416722	0.4523608073927976
1	5	Normalized kNN (test)	0.9732767762460233	0.7389324645088636	0.5412513255567338	0.6949363853957957	0.5121383047583269
1	10	kNN (full)	0.9998939554612937	0.7771778253416088	0.5498409331919406	0.6916604572018614	0.5143826701599933
1	100	Normalized kNN (test)	1.0	0.4737241835802838	0.3844114528101803	0.42616886104963225	0.3376770976408658
1	20	kNN (full)	1.0	0.7586468129569613	0.5364793213149522	0.6696729551904994	0.49876508497798083
1	5	kNN (full)	0.9732767762460233	0.7851606786543279	0.5564156945917286	0.7018440365898762	0.5217356072636087
1	100	kNN (full)	1.0	0.7470936925289168	0.528101802757158	0.6493155588867707	0.4877083921911212
4	100	Normalized kNN (test)	1.0	0.4767160554932184	0.37529162248144216	0.3929476460840059	0.32030913947943307
3	100	Normalized kNN (test)	1.0	0.46865659269127424	0.3669141039236479	0.39093819443066063	0.31603690856292077
5	100	Normalized kNN (test)	1.0	0.4833423958843953	0.3747613997879109	0.4117710843802356	0.3284419446282061
4	100	kNN (full)	1.0	0.7461693093787879	0.527677624602333	0.6377584066129767	0.48032243104682504
4	5	Normalized kNN (test)	0.9689289501590669	0.7153892459551564	0.5283138918345706	0.6671177883219942	0.4916895323235915
2	100	Normalized kNN (test)	1.0	0.4824231345205121	0.38430540827147397	0.40812789406804884	0.3317177784200869
3	100	kNN (full)	1.0	0.7502313486058745	0.5266171792152704	0.6428059248520046	0.4846256151658174
5	100	kNN (full)	1.0	0.7444399393402816	0.5287380699893955	0.6444499635090162	0.4867730224900706
4	5	kNN (full)	0.9689289501590669	0.7816847160149367	0.5540827147401909	0.6853626908244593	0.5121420861528094
2	100	kNN (full)	1.0	0.7408831543038098	0.5296924708377518	0.6360029224651931	0.4855400146695193
1	1000	kNN (test)	1.0	0.5969037450686314	0.4219512195121951	0.48933274996321885	0.3753547942474144
1	500	Average Rating	1.0	0.11117352711864002	0.12269353128313892	0.1297012014779847	0.10596522831517238
1	500	iMF (test)	1.0	0.5439580537122687	0.40328738069989395	0.47457402852856745	0.3619712821078083
1	500	Normalized kNN (full)	1.0	0.5924000873044856	0.4185577942735949	0.4559377516424656	0.3653640487318967
1	500	Random	1.0	0.0254090934146682	0.022799575821845174	0.022962922853650744	0.017957192651417975
4	1	Average Rating	0.8655355249204666	0.8160861175378158	0.5692470837751855	0.7054356080124857	0.5290550142159274
4	1	iMF (test)	0.8655355249204666	0.8281494314004983	0.5830328738069989	0.7151724526126685	0.5395623260851318
1	500	iMF (full)	1.0	0.7237356686834127	0.5055143160127253	0.6113361630593133	0.4624321193617012
1	500	Popularity	1.0	0.593032250525066	0.4211028632025451	0.4901225657013712	0.37849370450356007
1	1000	Normalized kNN (test)	1.0	0.09846586092155875	0.10455991516436905	0.09181539626787305	0.08213866504026314
1	500	kNN (test)	1.0	0.7186066199936317	0.5046659597030753	0.6056668198840983	0.460463179400844
4	1	Normalized kNN (full)	0.8655355249204666	0.7811436766345531	0.5523860021208907	0.6846096503902378	0.5109480539794352
4	1	Random	0.8655355249204666	0.6416148528077934	0.4685047720042418	0.6325284351986782	0.45140224643845
4	1	iMF (full)	0.8655355249204666	0.8088274322778308	0.5699893955461294	0.7033710357952926	0.527600222421727
4	1	Popularity	0.8655355249204666	0.75090211373443	0.5325556733828207	0.6803177148622854	0.5014155867372411
4	1	kNN (test)	0.8655355249204666	0.8096834611401453	0.5671261930010604	0.702731463134656	0.5265359944960817
1	500	Normalized kNN (test)	1.0	0.27507173077893915	0.25365853658536586	0.24263285229080803	0.20798658169319945
1	500	kNN (full)	1.0	0.7178668209720974	0.504559915164369	0.6052917504983815	0.46040822816268095
4	200	Average Rating	1.0	0.22042321799956657	0.19278897136797457	0.1620712430462865	0.14913738576964708
4	1	Normalized kNN (test)	0.8655355249204666	0.8217676879445962	0.5725344644750795	0.7080754961542994	0.5316900377730492
3	200	Average Rating	1.0	0.2723005388658074	0.2408271474019088	0.2517269498539391	0.20396686950909954
5	200	Average Rating	1.0	0.26770666985164204	0.19999999999999998	0.17850369995163587	0.16018358462421584
4	20	Average Rating	1.0	0.5514919976680817	0.4179215270413574	0.5167646899435419	0.37884325361933024
4	200	iMF (test)	1.0	0.6479735131202204	0.4840933191940615	0.577530548485672	0.43672117999662174
4	1	kNN (full)	0.8655355249204666	0.8085637196992005	0.5667020148462354	0.7021339562513017	0.5259570830963131
2	200	Average Rating	1.0	0.21301581349488008	0.19183457051961825	0.17200616249281098	0.1523110290329277
3	200	iMF (test)	1.0	0.6359354798218261	0.46935312831389187	0.5780023170289279	0.4313546877403001
4	20	iMF (test)	1.0	0.7394118414901918	0.5411452810180276	0.6638341827134641	0.4969362847810045
5	200	iMF (test)	1.0	0.6346453794571789	0.47741251325556733	0.5825847943007424	0.4389351073840528
4	200	Normalized kNN (full)	1.0	0.6276921015256159	0.44729586426299045	0.4733770034863369	0.3841303297511833
4	200	Random	1.0	0.05917694077765255	0.051961823966065745	0.04499877593077448	0.039723554899744155
2	200	iMF (test)	1.0	0.6611175179007956	0.4935312831389183	0.5928446607440557	0.45227498907404423
3	200	Normalized kNN (full)	1.0	0.6328856429256313	0.4492046659597031	0.49150714876798596	0.3935283802419577
5	200	Normalized kNN (full)	1.0	0.6368454893654025	0.45387062566277836	0.49651325774126326	0.3977870556778447
3	200	Random	1.0	0.05419012677022614	0.0486744432661718	0.04420983752389635	0.038477527965283254
4	20	Normalized kNN (full)	1.0	0.6597607787982674	0.4682926829268293	0.5268259851252317	0.41148353881557853
5	200	Random	1.0	0.05538507139482404	0.047507953340402975	0.040120876790163705	0.03612370355669762
4	20	Random	1.0	0.3057594330762263	0.2528101802757158	0.2880356208784411	0.22062549749350074
2	200	Normalized kNN (full)	1.0	0.632129948569377	0.4519618239660657	0.48378109195119495	0.39351111606945016
2	200	Random	1.0	0.05911978943569867	0.05387062566277837	0.05036048944833087	0.0426188696152931
1	1682	Normalized kNN (test)	1.0	0.04248042986338403	0.04581124072110287	0.034331917685873764	0.0335729962333301
4	200	iMF (full)	1.0	0.7529941372983698	0.5389183457051961	0.6532320096974382	0.49194726707803516
4	200	Popularity	1.0	0.6375627768896409	0.45546129374337224	0.5604631075677573	0.41634008835094755
4	200	kNN (test)	1.0	0.7476527220244136	0.5287380699893955	0.6397516365933669	0.48154808414654493
3	200	iMF (full)	1.0	0.759425277512876	0.5337221633085896	0.6541373049826366	0.49215042032585793
3	200	Popularity	1.0	0.6397588763556232	0.452492046659597	0.5592692984634516	0.4164895427241364
4	20	iMF (full)	1.0	0.7616086048399308	0.5460233297985153	0.6675120324427494	0.5004828174971038
5	200	iMF (full)	1.0	0.753328081012925	0.5380699893955461	0.6576256701230094	0.4970685294797358
4	20	Popularity	1.0	0.6380572669353481	0.45567338282078473	0.5620537756483511	0.4167096375009845
5	200	Popularity	1.0	0.6208124061136056	0.4427359490986214	0.5406828430211588	0.4068426257607623
3	200	kNN (test)	1.0	0.7525144687215217	0.528525980911983	0.6445593139723965	0.48609966018955714
4	20	kNN (test)	1.0	0.7613416844660786	0.5389183457051961	0.6606522997925455	0.4944322518622233
2	200	iMF (full)	1.0	0.7465432652054039	0.5380699893955461	0.6463703112053301	0.4945411859016613
5	200	kNN (test)	1.0	0.7427681029800677	0.5290562036055143	0.6460122885403425	0.48761713835863574
2	200	Popularity	1.0	0.6203934515327651	0.45068928950159065	0.552121238608557	0.41527231949755766
2	200	kNN (test)	1.0	0.7409903916688838	0.5303287380699894	0.637722912580654	0.48634416573242356
4	200	Normalized kNN (test)	1.0	0.433453256099224	0.3486744432661718	0.36413352107456665	0.2978369498193878
4	200	kNN (full)	1.0	0.7454455830702093	0.5271474019088017	0.6364770351036093	0.47961125933883464
3	200	Normalized kNN (test)	1.0	0.40687011114025073	0.327253446447508	0.35477718377997264	0.28380945822190407
4	20	Normalized kNN (test)	1.0	0.6463392604701829	0.47879109225874866	0.5842903772424772	0.4340057580189979
5	200	Normalized kNN (test)	1.0	0.3938615655310079	0.32682926829268294	0.35965368137842535	0.2866109009691464
3	200	kNN (full)	1.0	0.7496170476109368	0.5261930010604454	0.6416217608364514	0.48402343367816403
4	20	kNN (full)	1.0	0.761083272658773	0.5388123011664899	0.6612752559119043	0.4945244688436906
2	200	Normalized kNN (test)	1.0	0.45439170995147543	0.3623541887592789	0.38397977808390055	0.3124844267697139
5	200	kNN (full)	1.0	0.7441337769226127	0.528525980911983	0.6438843926359161	0.4864684843276322
2	200	kNN (full)	1.0	0.7399602974334252	0.5289501590668081	0.6339527280502054	0.4844729657763835
3	5	Average Rating	0.9737009544008484	0.7177781704006871	0.5269353128313892	0.6792409018423752	0.4975528965060487
3	5	iMF (test)	0.9737009544008484	0.771841841076991	0.5569459172852599	0.7027380644892235	0.5216553726884803
3	5	Normalized kNN (full)	0.9737009544008484	0.7397259528811511	0.5222693531283139	0.6503675144563266	0.48351422146709777
3	5	Random	0.9737009544008484	0.5350796945364786	0.396288441145281	0.5532265696091231	0.38396138646108685
3	1	Average Rating	0.8712619300106045	0.818350234802758	0.5663838812301166	0.7137242505672559	0.5315108591943709
3	1	iMF (test)	0.8712619300106045	0.8314584390200385	0.5777306468716861	0.7214174986504959	0.5400849289890297
3	5	iMF (full)	0.9737009544008484	0.7937702710567522	0.5585365853658537	0.7008790321433878	0.5214417249275269
3	5	Popularity	0.9737009544008484	0.7219742257835259	0.5089077412513255	0.6562947728257913	0.4795125434118891
3	1	Normalized kNN (full)	0.8712619300106045	0.7841961750521138	0.5495227995758218	0.6941108967077316	0.5141531827120649
3	1	Random	0.8712619300106045	0.6483807841656973	0.463626723223754	0.6416289059545426	0.4538149150319071
3	5	kNN (test)	0.9737009544008484	0.7892505522190629	0.5552492046659597	0.6963833491072599	0.5178634293684865
4	2	Average Rating	0.8995758218451749	0.8158610322886004	0.5691410392364794	0.7051704966657202	0.5289035220177756
4	2	iMF (test)	0.8995758218451749	0.8262264527111859	0.5833510074231177	0.7144698844279629	0.5392350228827988
3	1	iMF (full)	0.8712619300106045	0.816473388262314	0.5653234358430541	0.7096045133051877	0.5285355458438671
3	1	Popularity	0.8712619300106045	0.757963203113127	0.5303287380699894	0.6889849234114663	0.5042951624683799
3	1	kNN (test)	0.8712619300106045	0.8140659927580634	0.5637327677624603	0.7078929422981673	0.5271714202392389
3	20	Average Rating	1.0	0.6444685092558706	0.47656415694591725	0.5940536834284512	0.4397451256170466
4	2	Normalized kNN (full)	0.8995758218451749	0.7708628231202251	0.5455991516436903	0.6747581095074138	0.5030625986515396
4	2	Random	0.8995758218451749	0.6104929198691149	0.4494167550371156	0.6114471010995557	0.43284915704981275
3	20	iMF (test)	1.0	0.7383939330194192	0.531813361611877	0.6720047106036012	0.49624613106051296
3	5	Normalized kNN (test)	0.9737009544008484	0.7307834288903131	0.5317073170731708	0.6810147193424025	0.5001880432757608
3	20	Normalized kNN (full)	1.0	0.6704285360584779	0.4759278897136798	0.5514765178767652	0.42693847955929826
3	20	Random	1.0	0.28849977299816437	0.24485683987274656	0.2773116234240419	0.21580115250954252
4	2	iMF (full)	0.8995758218451749	0.8074353591475577	0.568186638388123	0.7005713275599643	0.5255795157362309
4	2	Popularity	0.8995758218451749	0.743998829605451	0.528525980911983	0.6744067338320042	0.4967888171675163
3	5	kNN (full)	0.9737009544008484	0.7877477395926317	0.5535524920466596	0.6955377096319485	0.5168513190860076
4	2	kNN (test)	0.8995758218451749	0.808438784764179	0.5660657476139979	0.7008420187743738	0.5252372091607749
3	20	iMF (full)	1.0	0.7723421026754798	0.5432661717921526	0.6771071398718557	0.5044706510662282
3	20	Popularity	1.0	0.6438082225457764	0.4553552492046659	0.5687893206823074	0.4207357136270973
3	1	Normalized kNN (test)	0.8712619300106045	0.826264593922581	0.5695652173913044	0.7163722677710536	0.5340015129180725
3	20	kNN (test)	1.0	0.7680319459637076	0.5386002120890774	0.6715052196251825	0.4997110368506821
3	1	kNN (full)	0.8712619300106045	0.8126252949227684	0.5626723223753977	0.707942239746425	0.526834176906491
4	50	Average Rating	1.0	0.4571034409923635	0.3390243902439024	0.3452225303013419	0.2853927163607274
4	2	Normalized kNN (test)	0.8995758218451749	0.8213525914404435	0.5722163308589608	0.7077190686769812	0.5313545401388967
4	50	iMF (test)	1.0	0.6557430557647163	0.49565217391304345	0.6066911777834618	0.451885393121474
4	10	Average Rating	0.9997879109225875	0.6426748807386421	0.4853658536585366	0.6158960800885099	0.4491075787519037
3	50	Average Rating	1.0	0.5000497691538746	0.36224814422057267	0.37849704028802167	0.3086590152713473
4	2	kNN (full)	0.8995758218451749	0.8075234640307594	0.5658536585365854	0.7005714825520305	0.5248938228109534
4	50	Normalized kNN (full)	1.0	0.6386119016730933	0.4552492046659597	0.49192191003495495	0.39440342368174536
5	50	Average Rating	1.0	0.46463933493214993	0.3486744432661718	0.37452059790750136	0.3022918493802786
4	50	Random	1.0	0.17985748485518818	0.15291622481442207	0.15769020092815939	0.12664483280829866
3	20	Normalized kNN (test)	1.0	0.6652131815744835	0.4873806998939555	0.6069274823106086	0.44900687717170384
4	10	iMF (test)	0.9997879109225875	0.7512098592644186	0.5445387062566278	0.6726189614789594	0.5018413233117137
3	50	iMF (test)	1.0	0.6762769459465436	0.49204665959703076	0.6171136284698143	0.45696824765910105
2	50	Average Rating	1.0	0.4312204226372867	0.3429480381760339	0.3752107997977202	0.29838590533998915
3	20	kNN (full)	1.0	0.7665378207113189	0.5375397667020149	0.6713163700067638	0.49925733603737227
5	50	iMF (test)	1.0	0.6609513881657103	0.4935312831389183	0.6060469667859054	0.4557815615935104
3	50	Normalized kNN (full)	1.0	0.6430508832715632	0.45747613997879105	0.5094589654207571	0.40399157242336925
4	10	Normalized kNN (full)	0.9997879109225875	0.697954462840008	0.4963944856839873	0.5909952605060206	0.447298942927769
3	50	Random	1.0	0.1764093819676039	0.15249204665959704	0.14482452140865923	0.12338800923801294
2	50	iMF (test)	1.0	0.6765544581982051	0.5043478260869565	0.6162583310394023	0.46598456844575636
4	10	Random	0.9997879109225875	0.4216734854726297	0.33446447507953336	0.42351560366647883	0.3067064681079159
5	50	Normalized kNN (full)	1.0	0.6476147467133595	0.4625662778366914	0.5177732484869381	0.4092396179670091
5	50	Random	1.0	0.1813197792909887	0.15365853658536585	0.15856497577540749	0.12817544907898326
4	50	iMF (full)	1.0	0.7562661539928545	0.5392364793213149	0.6542792342552621	0.4923867060205504
4	50	Popularity	1.0	0.6375627768896409	0.45546129374337224	0.5604631075677573	0.41634008835094755
2	50	Normalized kNN (full)	1.0	0.6410695150822812	0.4591728525980912	0.4998746896460652	0.40298871765945565
2	50	Random	1.0	0.17699419452741613	0.1503711558854719	0.15060970104552746	0.12558370994971393
4	50	kNN (test)	1.0	0.7512295583581071	0.5316012725344645	0.6459817532423594	0.4851873722768193
3	50	iMF (full)	1.0	0.7607348626740758	0.5340402969247084	0.6545454080794573	0.4924153157048503
4	10	iMF (full)	0.9997879109225875	0.7775283972894084	0.556203605514316	0.6840669525209189	0.5123216584058922
3	50	Popularity	1.0	0.6397588763556232	0.452492046659597	0.5592692984634516	0.4164895427241364
4	10	Popularity	0.9997879109225875	0.6656203094705775	0.4775185577942736	0.6026513561009749	0.4415436451429742
5	50	iMF (full)	1.0	0.7491169109402158	0.535100742311771	0.6574330257604125	0.49506551735201226
5	50	Popularity	1.0	0.6208124061136056	0.4427359490986214	0.5406828430211588	0.4068426257607623
3	50	kNN (test)	1.0	0.7555409274126541	0.5306468716861081	0.6506770739077598	0.4890776283396917
4	10	kNN (test)	0.9997879109225875	0.7690121156620113	0.5432661717921526	0.669995160301896	0.5000468691712878
2	50	iMF (full)	1.0	0.7501037166792233	0.5395546129374338	0.6506245931251071	0.4961474620050876
2	50	Popularity	1.0	0.6203934515327651	0.45068928950159065	0.552121238608557	0.41527231949755766
5	50	kNN (test)	1.0	0.7449158144490495	0.5304347826086956	0.6502111472991163	0.4895565454053349
2	50	kNN (test)	1.0	0.7428116516390687	0.5317073170731708	0.6413031781969748	0.4882816835407542
1	2	Normalized kNN (test)	0.9038176033934252	0.8175802459639703	0.5729586426299045	0.7194302616195579	0.5377402427886424
4	50	Normalized kNN (test)	1.0	0.5207235345113893	0.3994697773064687	0.4311844031920569	0.344643867182963
4	50	kNN (full)	1.0	0.7495345295708389	0.5304347826086956	0.6438446056737249	0.4838377777659643
3	50	Normalized kNN (test)	1.0	0.4892096184927351	0.3779427359490986	0.4206368395673633	0.33080364369240634
4	10	Normalized kNN (test)	0.9997879109225875	0.6747791269830832	0.5003181336161188	0.6257629123558149	0.46004878576275154
3	50	kNN (full)	1.0	0.75305021154811	0.5284199363732768	0.648339177389499	0.48720066852684796
4	10	kNN (full)	0.9997879109225875	0.7697688751985075	0.5434782608695652	0.6709908908131172	0.5004825173440166
5	50	Normalized kNN (test)	1.0	0.5089631996584592	0.3900318133616119	0.4347763094266189	0.3437832620367421
3	1000	Average Rating	1.0	0.048470151190380915	0.059597030752916225	0.047927870554356176	0.0453063614006794
2	50	Normalized kNN (test)	1.0	0.5128158098144967	0.4011664899257688	0.440398278903369	0.35165378553084903
5	50	kNN (full)	1.0	0.7472387231374961	0.5306468716861081	0.6502601101197991	0.48939698603005544
2	50	kNN (full)	1.0	0.742960771036492	0.5311770943796394	0.6402295547936282	0.48766822870903026
3	1000	iMF (test)	1.0	0.3364990843683852	0.2564156945917285	0.2997666456335596	0.22780607181692497
3	1000	Normalized kNN (full)	1.0	0.46531520783344665	0.3323435843054082	0.3937492453805991	0.29774030418005676
3	1000	Random	1.0	0.014540792933772043	0.012513255567338283	0.010732497477275105	0.009375301668992269
3	10	Average Rating	1.0	0.6910339608618036	0.5110286320254507	0.6594990497000859	0.4811273772675021
3	2	Average Rating	0.9053022269353129	0.8176767972121118	0.5658536585365854	0.7128493831229292	0.5308628092356105
3	10	iMF (test)	1.0	0.761696734758709	0.5497348886532344	0.6957704522627551	0.5153233870433441
3	2	iMF (test)	0.9053022269353129	0.8325386839828088	0.5781548250265112	0.7226655959624236	0.540855634041409
1	0	Normalized kNN (test)	0.8291622481442206	0.8205401876506127	0.5743372216330859	0.7211408345390385	0.5392415061491974
1	1	Normalized kNN (test)	0.8697773064687169	0.8203656406961735	0.5741251325556733	0.7208832978021805	0.5390107033296603
3	1682	Average Rating	1.0	0.01701051026981118	0.021314952279957583	0.013041783501137895	0.014355184213034647
3	1000	iMF (full)	1.0	0.6215605985958981	0.43223753976670204	0.5047166274853991	0.3861037108172934
3	10	Normalized kNN (full)	1.0	0.7060008910699944	0.49946977730646874	0.6047158353757407	0.4555474031158274
3	1000	Popularity	1.0	0.42544252300892454	0.311558854718982	0.3386663869391612	0.26784041507938156
3	10	Random	1.0	0.42488751218477677	0.3273594909862142	0.43138731598879687	0.3072588907082411
3	2	Normalized kNN (full)	0.9053022269353129	0.777436622365166	0.5459172852598091	0.6889907822073539	0.5099826936028058
3	2	Random	0.9053022269353129	0.6124141843287968	0.44729586426299045	0.6217059385058917	0.4378738084887831
3	1000	kNN (test)	1.0	0.6100403324173489	0.42873806998939556	0.4958668257477413	0.3807277181967153
3	1682	iMF (test)	1.0	0.13509268879416983	0.10424178154825026	0.12227435538296705	0.09099041654495606
3	1682	Normalized kNN (full)	1.0	0.19761906632411003	0.14390243902439026	0.18993776831362802	0.13173918329840192
3	1682	Random	1.0	0.008118304687182637	0.007529162248144221	0.006703497246451723	0.005783025491011469
3	10	iMF (full)	1.0	0.7898282844468303	0.5542948038176034	0.6943355028019929	0.5166299650670428
3	10	Popularity	1.0	0.7133723048429823	0.5019088016967126	0.6410188544262374	0.47031119480338923
4	0	Average Rating	0.8275715800636267	0.8162578274393606	0.5693531283138918	0.705553435277715	0.5291666400461444
3	2	iMF (full)	0.9053022269353129	0.8156896948476453	0.5647932131495228	0.7080860018129161	0.5275641734810302
3	2	Popularity	0.9053022269353129	0.7512929429883769	0.5269353128313892	0.684236412092872	0.5004803603954833
3	10	kNN (test)	1.0	0.7851392347954562	0.5515376458112408	0.691190694483347	0.5139257051791822
4	0	iMF (test)	0.8275715800636267	0.8253064014559451	0.5820784729586426	0.7141856327060685	0.5387683606086994
3	2	kNN (test)	0.9053022269353129	0.8126664021312195	0.5630965005302226	0.7068181893146128	0.5263848372575505
3	500	Average Rating	1.0	0.13670547232093092	0.13223753976670202	0.14621785013682212	0.11468482790148371
3	500	iMF (test)	1.0	0.5374161819392825	0.40180275715800634	0.4700194990033418	0.3614991038591929
4	0	Normalized kNN (full)	0.8275715800636267	0.7932959076276334	0.5582184517497348	0.6931007586692569	0.5175967769832929
3	1682	iMF (full)	1.0	0.3726930716293077	0.26277836691410394	0.29252172661029174	0.22572184019540587
3	1682	Popularity	1.0	0.17881642762932237	0.13244962884411454	0.1455672358958094	0.11205525713275273
4	0	Random	0.8275715800636267	0.6797780345487084	0.48207847295864265	0.647363848183306	0.46485999030499703
3	1682	kNN (test)	1.0	0.3351133003688357	0.23213149522799575	0.26060763127444536	0.19752828142883527
3	500	Normalized kNN (full)	1.0	0.5967768116830133	0.4214209968186638	0.4714305434574737	0.37161334411136915
3	500	Random	1.0	0.02269612651004181	0.019618239660657476	0.018227265313368768	0.015361495517696853
3	1000	Normalized kNN (test)	1.0	0.09561151647028757	0.09501590668080595	0.09313649612885505	0.07830479321737371
3	1000	kNN (full)	1.0	0.6092196698909481	0.42735949098621423	0.49502877906452136	0.37968465317212924
4	0	iMF (full)	0.8275715800636267	0.8079352850586953	0.5705196182396607	0.704483857676037	0.5284593714360051
4	0	Popularity	0.8275715800636267	0.7511068058981487	0.5326617179215271	0.680529803939698	0.501556979455516
4	0	kNN (test)	0.8275715800636267	0.8100675442886854	0.5673382820784729	0.7032175006037262	0.5268169672054743
3	10	Normalized kNN (test)	1.0	0.7093853212296557	0.5189819724284199	0.6636001563578094	0.4863552178195197
3	500	iMF (full)	1.0	0.7233429677381963	0.5033934252386002	0.6023509414634958	0.45794102157516003
3	500	Popularity	1.0	0.5968563225187546	0.4171792152704136	0.48207728731613514	0.3721316925038049
3	2	Normalized kNN (test)	0.9053022269353129	0.8254662259350818	0.5689289501590669	0.7153017229041141	0.5332139762703275
3	10	kNN (full)	1.0	0.7824327949173141	0.5487804878048781	0.6881905267301743	0.5116513910771519
3	500	kNN (test)	1.0	0.7196533749348133	0.5034994697773065	0.597120143451881	0.4562431083105179
3	2	kNN (full)	0.9053022269353129	0.811186826224092	0.5620360551431601	0.7070013048712379	0.5260852441916961
3	1682	Normalized kNN (test)	1.0	0.0424768305211536	0.04432661717921527	0.03227630471627933	0.032375724094369264
3	1682	kNN (full)	1.0	0.3335049879040717	0.2325556733828208	0.2596415278599834	0.19814090456138791
4	0	Normalized kNN (test)	0.8275715800636267	0.8217942675628359	0.5725344644750795	0.7080754961542994	0.5316900377730492
4	1000	Average Rating	1.0	0.029330630610762642	0.03234358430540827	0.023358931729137805	0.023747284111542328
3	500	Normalized kNN (test)	1.0	0.24847519608237031	0.2104984093319194	0.22835912039511913	0.1814165201475229
4	0	kNN (full)	0.8275715800636267	0.80904086069236	0.5670201484623543	0.7027260382590784	0.5263441003444119
4	500	Average Rating	1.0	0.11734911450541595	0.11484623541887592	0.11459809598934369	0.09596722916492728
4	1000	iMF (test)	1.0	0.32125797795985	0.256627783669141	0.2846338160275755	0.2235129586326483
3	500	kNN (full)	1.0	0.7166049707779384	0.5010604453870625	0.5942225268312953	0.4540343866839467
4	500	iMF (test)	1.0	0.5467732310923425	0.4085896076352068	0.4771674278410572	0.36398995422445707
4	1000	Normalized kNN (full)	1.0	0.4555081436763333	0.3296924708377518	0.37524864978173966	0.28883285646397494
4	1000	Random	1.0	0.013506057600695245	0.013043478260869566	0.008915190381200075	0.009288003188653578
4	500	Normalized kNN (full)	1.0	0.5880506370855303	0.4196182396606575	0.451212551862098	0.3621586022269611
4	500	Random	1.0	0.026738125643801146	0.024072110286320256	0.021700558561478383	0.01892165092842265
5	1000	Average Rating	1.0	0.012873455395173978	0.013785790031813362	0.009732642423414513	0.009983171521640492
2	1000	Average Rating	1.0	0.03898706071890661	0.040721102863202546	0.03224442068475275	0.03047844290794621
5	1000	iMF (test)	1.0	0.2977538161807049	0.24316012725344646	0.2774042899758206	0.2154171250825636
4	1000	iMF (full)	1.0	0.6007264386364993	0.4292682926829268	0.4978164763688833	0.37930265812471287
4	1000	Popularity	1.0	0.4049362760224376	0.2984093319194061	0.3232227811601071	0.25377194720175306
2	1000	iMF (test)	1.0	0.33017328336132024	0.2528101802757158	0.28167409214185757	0.22243099068141722
4	1000	kNN (test)	1.0	0.5911990074542979	0.419406150583245	0.4834083195862919	0.3696755648727708
4	500	kNN (full)	1.0	0.7050809938261783	0.4948038176033934	0.5802011082335222	0.4428260849426511
4	500	iMF (full)	1.0	0.7102868496746532	0.5033934252386002	0.5946624636667832	0.45204478194129216
5	1000	Normalized kNN (full)	1.0	0.45184490509142866	0.33117709437963944	0.3863275336122063	0.2955381156720575
5	1000	Random	1.0	0.014518308417766026	0.013043478260869566	0.00969492765458683	0.00913438152179455
2	1000	Normalized kNN (full)	1.0	0.45952693797343336	0.33605514316012725	0.38264154975511244	0.29649010839183465
2	1000	Random	1.0	0.015560443220118951	0.01261930010604454	0.012982426064459538	0.009767166198362601
2	5	Average Rating	0.9741251325556735	0.6908502893059458	0.5227995758218452	0.6632835484273404	0.4921393606017193
5	1000	iMF (full)	1.0	0.6033672636214371	0.4270413573700954	0.4973943681671594	0.38179121584587195
5	1000	Popularity	1.0	0.41849833523981167	0.2988335100742312	0.3252368245974926	0.25891978743809135
2	1000	iMF (full)	1.0	0.5897619012351839	0.4212089077412513	0.48121484964224326	0.3740525428491408
2	1000	Popularity	1.0	0.40006650000191823	0.2955461293743372	0.3113224854137241	0.2512037539419042
5	1000	kNN (test)	1.0	0.5978292980535477	0.4254506892895016	0.4934666704878768	0.3791650922409916
2	5	iMF (test)	0.9741251325556735	0.7524344349180236	0.5573700954400849	0.6877605230854141	0.5194148431220521
2	1000	kNN (test)	1.0	0.5906863268432933	0.4218451749734889	0.47350509882484654	0.37217453514031573
4	1682	Average Rating	1.0	0.02593385557694477	0.03064687168610817	0.022124469947950316	0.02245933635644806
3	0	Average Rating	0.8319194061505832	0.81835410669867	0.5663838812301166	0.7137242505672559	0.5315108591943709
2	5	Normalized kNN (full)	0.9741251325556735	0.7265914233977656	0.5218451749734889	0.637309150620817	0.4808822296729523
2	5	Random	0.9741251325556735	0.5243940427736838	0.3930010604453871	0.5310689193156378	0.3771925135503543
4	500	Popularity	1.0	0.5902383372465491	0.41664899257688226	0.47199664903514443	0.36729977296332317
4	1000	Normalized kNN (test)	1.0	0.08711280479038903	0.08748674443266172	0.08075645157729466	0.07128596956954186
4	1682	iMF (test)	1.0	0.13169408377446246	0.10996818663838813	0.10774901249068987	0.08952132644463136
3	0	iMF (test)	0.8319194061505832	0.8292390527561458	0.5761399787910922	0.7204456588042353	0.5388654733843282
3	0	Random	0.8319194061505832	0.6870250946980001	0.47974549310710496	0.6559140199438673	0.46866486597305257
4	500	kNN (test)	1.0	0.7068914979288373	0.4965005302226935	0.5835495883810793	0.44476408991095867
4	1682	Random	1.0	0.008322104485145188	0.007529162248144221	0.007307649619901538	0.005874409961561562
4	1682	Normalized kNN (full)	1.0	0.1867657488414853	0.1423117709437964	0.17595003880927906	0.1272314327212492
4	1682	kNN (full)	1.0	0.31575076596496154	0.22831389183457054	0.25081621707538915	0.19245687874850056
4	1682	Popularity	1.0	0.16152981543802306	0.12767762460233298	0.12458786267262455	0.1021973931150986
2	5	iMF (full)	0.9741251325556735	0.7792939092609567	0.5605514316012725	0.6901714800880167	0.5216255707975741
2	5	Popularity	0.9741251325556735	0.7117271156667156	0.512831389183457	0.648849722689138	0.4822416682738661
3	0	kNN (full)	0.8319194061505832	0.8130687527384607	0.562778366914104	0.7081543288238377	0.5269755696247661
3	0	Popularity	0.8319194061505832	0.7582954216579859	0.5305408271474019	0.6893030570275851	0.5045425997253612
4	1682	kNN (test)	1.0	0.3165220021774868	0.22873806998939555	0.2501880509981915	0.19269551813046965
3	0	iMF (full)	0.8319194061505832	0.8172566079510055	0.5661717921527041	0.7098224707529885	0.5289685930698609
2	5	kNN (test)	0.9741251325556735	0.7746135254771989	0.5556733828207847	0.6844703399418751	0.516873315056653
3	0	kNN (test)	0.8319194061505832	0.814482088882812	0.5639448568398727	0.7082110759142862	0.5274188574962202
4	1682	iMF (full)	1.0	0.34724469737983277	0.2600212089077412	0.2705766619212104	0.21635995182866352
4	1000	kNN (full)	1.0	0.5903572841887964	0.41951219512195126	0.48180737451234634	0.3695487042965111
5	1000	Normalized kNN (test)	1.0	0.07119268402476929	0.07730646871686109	0.07329176884136844	0.06376944670042009
2	1000	Normalized kNN (test)	1.0	0.10081974998559402	0.10509013785790032	0.09637654186828104	0.08447256131589476
5	1000	kNN (full)	1.0	0.5968548210108072	0.4247083775185578	0.4914286654229531	0.37812209996586493
2	1000	kNN (full)	1.0	0.5898069819751718	0.420254506892895	0.4736207201811704	0.37100175814682973
4	500	Normalized kNN (test)	1.0	0.27889795539297746	0.23785790031813364	0.2310858071750385	0.1981727485411578
4	1682	Normalized kNN (test)	1.0	0.041971139813518035	0.043584305408271476	0.03211497371509342	0.03224244558201242
2	5	Normalized kNN (test)	0.9741251325556735	0.7182961713602756	0.5287380699893955	0.668292977038548	0.4968545753672053
3	0	Normalized kNN (test)	0.8319194061505832	0.8263544532541217	0.5695652173913044	0.7163722677710536	0.5340015129180725
3	0	Normalized kNN (full)	0.8319194061505832	0.7939323258303431	0.5540827147401909	0.6999900147999056	0.5191938801124995
2	5	kNN (full)	0.9741251325556735	0.7751682373986337	0.5554612937433722	0.6860321960879707	0.5168946231900656
5	1682	Average Rating	1.0	0.011611721169427916	0.013255567338282079	0.009569775187376546	0.009739631921311602
5	1682	iMF (test)	1.0	0.11903123744200798	0.10084835630965006	0.10519295144082945	0.08492552859220692
2	1682	Average Rating	1.0	0.02163031588287297	0.025980911983032873	0.01908233082132865	0.01883300253671554
5	1682	Normalized kNN (full)	1.0	0.17985171031106917	0.14146341463414636	0.17343489161899128	0.12743441657117668
5	1682	Random	1.0	0.007747371169975346	0.007423117709437964	0.005884911235813634	0.005667787855148399
2	1682	iMF (test)	1.0	0.12958243591404503	0.10625662778366915	0.10476248156300301	0.08742781553667282
2	1682	Normalized kNN (full)	1.0	0.18863420635721004	0.14750795334040295	0.17925119413398155	0.13228535362478436
2	1682	Random	1.0	0.008215324219779795	0.007529162248144221	0.006119706713403679	0.005840811443772669
5	1682	iMF (full)	1.0	0.352997067110456	0.2600212089077412	0.2781221446974818	0.22132800235193364
5	1682	Popularity	1.0	0.17371348870942735	0.13054082714740192	0.1385301453424197	0.1102719554426886
5	1682	kNN (test)	1.0	0.3239229516096007	0.2342523860021209	0.2537276098666027	0.19910170920967526
2	1682	iMF (full)	1.0	0.35301507403384674	0.2597030752916225	0.2715055656893208	0.21927466620668287
2	1682	Popularity	1.0	0.16599244579065928	0.1310710498409332	0.13162110613489597	0.10764130518842448
2	1682	kNN (test)	1.0	0.3269718420341126	0.23520678685047722	0.2550343126678942	0.20014884970280206
5	1682	Normalized kNN (test)	1.0	0.030226946138844284	0.035206786850477206	0.028096260124748924	0.02663018868660194
5	1682	kNN (full)	1.0	0.3233412367881674	0.23457051961823966	0.2522660462700662	0.19936536549599093
2	1682	Normalized kNN (test)	1.0	0.04582690819599938	0.05153764581124072	0.03926629531572492	0.03724969241058931
2	1682	kNN (full)	1.0	0.3259793608694976	0.23584305408271475	0.25214759535881254	0.20030014645052938
5	5	Average Rating	0.9753976670201484	0.6934610307875689	0.5189819724284199	0.6656917746629264	0.4894722720365229
5	1	Average Rating	0.8734888653234358	0.8036812465065793	0.5641569459172853	0.7071300414235695	0.5288227203598241
5	5	iMF (test)	0.9753976670201484	0.7615795336050908	0.5574761399787911	0.6956361599643358	0.520577073884339
5	1	iMF (test)	0.8734888653234358	0.8221734765805567	0.576458112407211	0.7167316871531499	0.539028604581383
5	5	Normalized kNN (full)	0.9753976670201484	0.7391528025971567	0.5291622481442205	0.6588334630929193	0.4912172291678529
5	5	Random	0.9753976670201484	0.5391188450745481	0.40827147401908803	0.5594998141493469	0.3943885171227861
2	20	Average Rating	1.0	0.6149227970531446	0.4657476139978791	0.5620969085947188	0.424383078009322
5	1	Normalized kNN (full)	0.8734888653234358	0.7829283283420948	0.5534464475079534	0.6924889859025278	0.5172352630757112
5	1	Random	0.8734888653234358	0.6405151101996602	0.46468716861081655	0.6383995045276128	0.45475886758015116
2	20	iMF (test)	1.0	0.7260216349857125	0.5344644750795334	0.6533220341288605	0.49474254796011796
2	20	Normalized kNN (full)	1.0	0.6630369999161234	0.47476139978791093	0.5322314196631598	0.4216263990341076
2	20	Random	1.0	0.31275619076019345	0.2581124072110286	0.2878903764342214	0.22634914918558466
5	5	iMF (full)	0.9753976670201484	0.7821759780847871	0.5580063626723224	0.6984414251370649	0.5217058536440833
5	5	Popularity	0.9753976670201484	0.7130621482471953	0.5075291622481443	0.6540537666731844	0.479901879873386
5	1	iMF (full)	0.8734888653234358	0.802037090260684	0.5638388123011665	0.7069874249154391	0.5285658617914337
5	1	Popularity	0.8734888653234358	0.750856576625864	0.5337221633085896	0.6904727421071931	0.5090118472966546
5	5	kNN (test)	0.9753976670201484	0.7746136667225746	0.5524920466595971	0.6912975648495723	0.516014216576944
5	1	kNN (test)	0.8734888653234358	0.8036475629514109	0.5667020148462354	0.7105939372237722	0.5316834685094117
2	20	iMF (full)	1.0	0.7577695878135171	0.5452810180275717	0.6634666073833546	0.5038049313604626
2	20	Popularity	1.0	0.6244045910674849	0.4535524920466596	0.5618255763351642	0.4194192191812299
2	20	kNN (test)	1.0	0.7524415781400828	0.5386002120890774	0.6575915086952735	0.4974049798660991
5	5	Normalized kNN (test)	0.9753976670201484	0.7163536710491425	0.5303287380699894	0.6764013545508436	0.49911709598014337
5	5	kNN (full)	0.9753976670201484	0.7775325084676158	0.5530222693531283	0.6921802943132351	0.5165565450336629
5	1	Normalized kNN (test)	0.8734888653234358	0.814098205004627	0.5702014846235419	0.712097715693605	0.5337196998325565
5	1	kNN (full)	0.8734888653234358	0.8054421067627648	0.5668080593849417	0.7099253100817264	0.5314586029864041
2	20	Normalized kNN (test)	1.0	0.659608082260041	0.48706256627783673	0.5953377245117848	0.4475395371935396
2	20	kNN (full)	1.0	0.7522593641371806	0.5379639448568398	0.6556543797624617	0.49658054987018435
5	500	Average Rating	1.0	0.07067282193263237	0.0806998939554613	0.0705433760856031	0.0640521868919
5	500	iMF (test)	1.0	0.5179890356216257	0.3911983032873807	0.4539573890778163	0.3519953774861304
5	500	Normalized kNN (full)	1.0	0.5901365844623315	0.41908801696712616	0.46776315928540185	0.36954607609088935
5	500	Random	1.0	0.023656780876666457	0.02110286320254507	0.01847178217564924	0.01667126010705084
2	500	Average Rating	1.0	0.07540858159748953	0.07338282078472959	0.0583351058854691	0.055471640163217935
5	500	iMF (full)	1.0	0.7158502857152567	0.5077412513255567	0.6094196296957459	0.4637263651333363
5	500	Popularity	1.0	0.5959909978952896	0.4220572640509014	0.4988299293422599	0.38174459130732896
5	500	kNN (test)	1.0	0.7092880950575425	0.5022269353128315	0.5973224013642499	0.4565326947138755
2	500	iMF (test)	1.0	0.5312227481796258	0.3997879109225875	0.4531242988123965	0.357063278678811
2	500	Normalized kNN (full)	1.0	0.5849541224869363	0.41919406150583244	0.45798668355348	0.3671305740067023
2	500	Random	1.0	0.022483067200357025	0.02046659597030753	0.015819395204977417	0.014847463876727937
2	500	iMF (full)	1.0	0.7052330799511104	0.5029692470837752	0.5899266798442248	0.4551043738051222
2	500	Popularity	1.0	0.578914977290258	0.4155885471898197	0.47721461059678155	0.37155308985623203
2	500	kNN (test)	1.0	0.7020926999023757	0.4992576882290562	0.5797811698476105	0.44991575857681787
5	500	Normalized kNN (test)	1.0	0.21693247785149095	0.19766702014846235	0.19606930444237816	0.16585996668394065
5	500	kNN (full)	1.0	0.7112876814840003	0.5027571580063627	0.599804884243794	0.45730684417559053
5	20	Average Rating	1.0	0.5987640594311997	0.44825026511134675	0.528565413364282	0.40449985804141264
5	2	Average Rating	0.9083775185577943	0.8035569022178511	0.5640509013785789	0.7069179523461568	0.5286813276415492
5	20	iMF (test)	1.0	0.7304661391467696	0.5314952279957582	0.6599464526323193	0.49285460565296596
5	2	iMF (test)	0.9083775185577943	0.826240493087935	0.5792152704135738	0.7197777625326205	0.5417979785462896
2	500	Normalized kNN (test)	1.0	0.25994449843949324	0.231813361611877	0.21953912727927985	0.18934782705128425
5	20	Normalized kNN (full)	1.0	0.6694624964775971	0.47645811240721103	0.5454091128757806	0.42612349967459695
5	20	Random	1.0	0.3103190986687135	0.2513255567338282	0.2929106853130582	0.2230909009453157
2	500	kNN (full)	1.0	0.7019739299782357	0.4992576882290562	0.5788936890542512	0.4499976895077471
2	10	Average Rating	1.0	0.6596789259693103	0.5020148462354188	0.6352488528183368	0.46981900411550304
5	2	Normalized kNN (full)	0.9083775185577943	0.7766751064851085	0.5503711558854719	0.6885260759481013	0.5138291908140342
5	2	Random	0.9083775185577943	0.61678238638175	0.4541887592788971	0.6256673006082683	0.4442180604826377
2	10	iMF (test)	1.0	0.7432445755027917	0.5464475079533404	0.6750692812258449	0.5087495292115755
5	20	iMF (full)	1.0	0.762521835865937	0.5435843054082715	0.6752860319264342	0.5052653331407008
5	20	Popularity	1.0	0.628473752837676	0.44888653234358433	0.5565398415663864	0.41503091764974515
2	10	Normalized kNN (full)	1.0	0.6952470861282707	0.49618239660657476	0.5852485623008213	0.4496527617791083
2	10	Random	1.0	0.41975104797098134	0.33085896076352067	0.4213442606374634	0.30758345103890833
5	20	kNN (test)	1.0	0.7549943634890597	0.5373276776246023	0.6663164629802539	0.4986369120991078
5	2	iMF (full)	0.9083775185577943	0.8019566979732052	0.5668080593849417	0.7085844541021191	0.5307207895261891
5	2	Popularity	0.9083775185577943	0.7507613977990617	0.5337221633085896	0.6904727421071931	0.5090118472966546
5	2	kNN (test)	0.9083775185577943	0.8033535509024469	0.566489925768823	0.7102404554280846	0.5314183571626461
2	10	iMF (full)	1.0	0.767584085712196	0.5530222693531283	0.6792811764897033	0.5134633590182358
2	10	Popularity	1.0	0.6560223378435549	0.47889713679745494	0.6032216787222096	0.44684420129939934
2	10	kNN (test)	1.0	0.7614204132849444	0.5447507953340404	0.6711535034343625	0.5053290860987457
5	20	Normalized kNN (test)	1.0	0.6491440003346949	0.48303287380699894	0.5897769413554363	0.442496865566185
5	2	Normalized kNN (test)	0.9083775185577943	0.8140721887149643	0.5702014846235419	0.712097715693605	0.5337196998325565
5	20	kNN (full)	1.0	0.7564828128674427	0.5369034994697773	0.6636073879156452	0.49748050156413476
5	2	kNN (full)	0.9083775185577943	0.8053354425937097	0.5668080593849417	0.7100313546204327	0.5314939511659729
2	10	Normalized kNN (test)	1.0	0.6909948659977402	0.5110286320254507	0.6427280963056561	0.4772065495038987
2	10	kNN (full)	1.0	0.76163584751304	0.5444326617179215	0.6692609805376732	0.5048427506175044
5	10	Average Rating	0.9998939554612937	0.6459464352695155	0.48547189819724285	0.6169423095995598	0.45247288453222845
5	10	iMF (test)	0.9998939554612937	0.7370327834454468	0.5434782608695652	0.6801366013034993	0.5069263110397201
5	10	Normalized kNN (full)	0.9998939554612937	0.7032276461172101	0.499575821845175	0.5996348076262806	0.4559323653359425
5	10	Random	0.9998939554612937	0.4265622093696694	0.3371155885471898	0.4329328900780535	0.3135007928857725
5	10	kNN (full)	0.9998939554612937	0.7676082181140425	0.5445387062566278	0.6790861150327605	0.5071210012046337
5	10	iMF (full)	0.9998939554612937	0.7766828846563913	0.5539766702014846	0.692576083516594	0.5174309960520717
5	10	Popularity	0.9998939554612937	0.6920753839918048	0.4900318133616119	0.6212394809824405	0.4583209252754821
2	1	Average Rating	0.8742311770943796	0.8132880680582827	0.5717921527041357	0.7061480452201289	0.5344464926303985
5	10	kNN (test)	0.9998939554612937	0.7647483486771964	0.5436903499469777	0.679082664611779	0.5065904945719606
2	1	iMF (test)	0.8742311770943796	0.8200643474044861	0.5811240721102863	0.7124150173475179	0.5412438616141988
2	1	Normalized kNN (full)	0.8742311770943796	0.7754796858333302	0.5492046659597031	0.6793133623376196	0.5115252985380437
2	1	Random	0.8742311770943796	0.6344208122650594	0.46468716861081655	0.6245080161083132	0.4506016464085422
2	1	iMF (full)	0.8742311770943796	0.7995714852322902	0.5682926829268292	0.699617662738204	0.5295725260456949
2	1	Popularity	0.8742311770943796	0.7422537164757715	0.5314952279957582	0.6768826890917394	0.5033113289462701
5	10	Normalized kNN (test)	0.9998939554612937	0.6771407660454534	0.5030752916224814	0.634214513668211	0.4680525030862161
2	1	kNN (test)	0.8742311770943796	0.7968925744269089	0.5640509013785789	0.6962397613036488	0.5260594644629829
5	0	Average Rating	0.8354188759278897	0.8122202720149321	0.567762460233298	0.7122373413346869	0.5329004302965591
2	1	Normalized kNN (test)	0.8742311770943796	0.8160629368486091	0.5755037115588547	0.7093162975248413	0.5374583394266799
5	0	iMF (test)	0.8354188759278897	0.8289000758418715	0.5832449628844114	0.7239021547218412	0.5454375484386961
2	1	kNN (full)	0.8742311770943796	0.7972230426741762	0.5642629904559915	0.6973540926431653	0.5264623118074552
5	0	Normalized kNN (full)	0.8354188759278897	0.7929316625788846	0.5586426299045598	0.7000788215411439	0.5232012212276808
2	0	Average Rating	0.8369034994697774	0.8133026551801829	0.5717921527041357	0.7061480452201289	0.5344464926303985
5	0	Random	0.8354188759278897	0.6837234431815108	0.48303287380699894	0.6558529593904061	0.47164056056384557
2	0	iMF (test)	0.8369034994697774	0.8212392963201074	0.5806998939554613	0.7115146878583788	0.540796547696889
2	0	Normalized kNN (full)	0.8369034994697774	0.782144022755825	0.5521739130434783	0.6829238616533151	0.5148006059114137
2	0	Random	0.8369034994697774	0.6696063168586223	0.48282078472958645	0.6439435835349804	0.4678682397831558
5	0	iMF (full)	0.8354188759278897	0.8027558549831222	0.5672322375397667	0.7090800721883836	0.5311153741331418
5	0	Popularity	0.8354188759278897	0.7549901940625743	0.5358430540827147	0.6937799009551792	0.5115406765433727
5	0	kNN (test)	0.8354188759278897	0.8045990563636303	0.5674443266171793	0.7114965782377599	0.5324965860765815
2	0	iMF (full)	0.8369034994697774	0.7997535289544655	0.5687168610816542	0.699968527398538	0.5300048231057822
2	0	Popularity	0.8369034994697774	0.7426297439044607	0.531813361611877	0.6773371656861948	0.5036856037887627
2	0	kNN (test)	0.8369034994697774	0.7972483820395727	0.5643690349946978	0.6966942378981043	0.5264337393054757
5	0	Normalized kNN (test)	0.8354188759278897	0.8188464192555857	0.5730646871686108	0.7164598876326593	0.5370402021337344
5	0	kNN (full)	0.8354188759278897	0.8065652772805992	0.5675503711558855	0.7109853346571274	0.5323231468653871
2	0	kNN (full)	0.8369034994697774	0.79770115733671	0.5645811240721103	0.6978085692376207	0.5268365866499478
2	2	Average Rating	0.9076352067868505	0.8131751989173839	0.5716861081654295	0.7060302179548996	0.5343348668001814
2	2	iMF (test)	0.9076352067868505	0.8208208511660607	0.5809119830328737	0.7120860880746082	0.5411457227823229
2	2	Normalized kNN (full)	0.9076352067868505	0.7640127958033928	0.5420996818663839	0.6682487935848219	0.5031901454979262
2	2	Random	0.9076352067868505	0.6060792825667641	0.44973488865323435	0.6115488203003064	0.43729056703295477
2	2	iMF (full)	0.9076352067868505	0.7973984199076006	0.5674443266171793	0.6985058770323895	0.528607271945067
2	2	Popularity	0.9076352067868505	0.7352908775433594	0.5277836691410392	0.6718409445749155	0.49911956858025514
2	2	kNN (test)	0.9076352067868505	0.7962716360813378	0.5635206786850477	0.6955361642055661	0.5254597218590149
2	2	Normalized kNN (test)	0.9076352067868505	0.8157859137604019	0.5753976670201485	0.7091648053266896	0.537333581145849
2	2	kNN (full)	0.9076352067868505	0.7965845123312151	0.5637327677624603	0.6967094091776972	0.5258834990466529
2	0	Normalized kNN (test)	0.8369034994697774	0.8162610714218465	0.5757158006362673	0.7096192819211449	0.5377078559883417
