fold	target size	recommender system	Coverage@10	nDCG@10	P@10	Recall@10	FScore@10
4	10681	Average Rating	1.0	0.011534544180431783	0.00819672131147541	0.006356273340503919	0.006229219679568654
3	10681	Average Rating	1.0	0.011693192513747664	0.00819672131147541	0.006212195010009218	0.006214747314650713
4	10681	iMF (test)	1.0	0.037516899664154946	0.02185792349726776	0.05572527629324374	0.025398250382296372
3	10681	iMF (test)	1.0	0.03674744007478327	0.022404371584699455	0.04987718531394198	0.02504132564350729
3	10681	Normalized kNN (full)	1.0	0.09913584517315133	0.05245901639344262	0.1479137511000256	0.06610758951098927
4	10681	Normalized kNN (full)	1.0	0.1250949997473265	0.06612021857923497	0.17516835742711057	0.07934373867687505
4	10681	Random	1.0	0.0	0.0	0.0	0.0
3	10681	Random	1.0	0.0	0.0	0.0	0.0
4	10681	iMF (full)	1.0	0.1764787311469346	0.08415300546448087	0.20613439823707433	0.1006329744635072
4	10681	Popularity	1.0	0.10576770789553008	0.061748633879781425	0.11369773165996093	0.06382989183496154
4	10681	kNN (test)	1.0	0.14744675652988773	0.08907103825136613	0.16543719585880667	0.09249145998612245
4	10681	Normalized kNN (test)	1.0	0.0011279559138529455	0.0016393442622950822	6.025648102150834E-4	8.74493524172783E-4
3	10681	iMF (full)	1.0	0.17488117692622937	0.07868852459016394	0.20016495047031851	0.0946309119113746
3	10681	Popularity	1.0	0.08274030460057195	0.04972677595628415	0.09393965128053844	0.050255815643327505
4	10681	kNN (full)	1.0	0.16160183756973903	0.09562841530054644	0.18481950977607042	0.09988473912985445
3	10681	kNN (test)	1.0	0.14805930897789524	0.08743169398907104	0.16530597283771503	0.08913722342120758
3	10681	Normalized kNN (test)	1.0	0.0020319888381208503	0.0016393442622950822	5.594587561800677E-4	8.173368829106533E-4
3	10681	kNN (full)	1.0	0.15666909042515792	0.0896174863387978	0.17158192749843346	0.09223906361834118
4	2000	Average Rating	1.0	0.015786443687891175	0.012568306010928964	0.009148942139582185	0.009269965435352367
4	2000	iMF (test)	1.0	0.07267519978316211	0.04535519125683061	0.10312514167587418	0.05059405435097702
4	2000	Normalized kNN (full)	1.0	0.19360953126040278	0.10054644808743171	0.24373435685129188	0.1143921341429558
4	2000	Random	1.0	0.004031199460226285	0.00273224043715847	0.004139359225276665	0.002711392696850127
4	2000	iMF (full)	1.0	0.23816337924238948	0.1098360655737705	0.257710272726763	0.12629254396879358
4	2000	Popularity	1.0	0.1407922928700101	0.07923497267759563	0.147423469714401	0.08350216607992023
4	2000	kNN (test)	1.0	0.2044835268143075	0.12295081967213115	0.23815996501303696	0.12942173417573857
4	2000	Normalized kNN (test)	1.0	0.008278860996370868	0.009289617486338799	0.007267273305524672	0.007130828611301951
4	2000	kNN (full)	1.0	0.2189059264919852	0.126775956284153	0.24742884380305466	0.134181922068489
4	500	Average Rating	1.0	0.0309104943715436	0.025136612021857928	0.020241713434678135	0.01871798917766549
4	500	iMF (test)	1.0	0.16642454215319089	0.10218579234972677	0.20254752370337442	0.11136290326268974
4	500	Normalized kNN (full)	1.0	0.29581974239784276	0.15245901639344261	0.3321780180911624	0.16822199551692302
4	500	Random	1.0	0.017877961066594842	0.01366120218579235	0.02041018544407773	0.012100908168913528
4	500	iMF (full)	1.0	0.3232646637198952	0.1557377049180328	0.3560551325245037	0.17799628552766175
4	500	Popularity	1.0	0.2223083246671607	0.126775956284153	0.24628135967662618	0.13324624645090621
4	500	kNN (test)	1.0	0.28617716900322804	0.16502732240437157	0.32986539558935657	0.17633184596285248
4	500	Normalized kNN (test)	1.0	0.08394638399427465	0.06557377049180328	0.08463494267711821	0.0590350800227826
4	500	kNN (full)	1.0	0.3005820022285354	0.16885245901639345	0.3402984266982577	0.18049888478831877
1	100	Average Rating	1.0	0.1116412400029777	0.08579234972677596	0.12482240947798183	0.0790580768778057
1	100	iMF (test)	1.0	0.3596361663823574	0.20928961748633879	0.41125639434888106	0.22499444574407235
1	100	Normalized kNN (full)	1.0	0.4269262790902345	0.2366120218579235	0.42541570394809797	0.24837447581190022
1	100	Random	1.0	0.08354745220450695	0.060109289617486336	0.08748011475110348	0.055416071446564096
5	100	Average Rating	1.0	0.10499336801748489	0.0918032786885246	0.1288315299866343	0.08426313223041347
3	2	Average Rating	0.7612021857923498	0.5820088282063425	0.36775956284153005	0.7472169446771665	0.40970857193721516
5	100	iMF (test)	1.0	0.32735974053193273	0.19562841530054648	0.3971295222029147	0.2100655063311023
5	100	Normalized kNN (full)	1.0	0.42136063635712295	0.22786885245901642	0.42539617142503516	0.2413519247457647
5	100	Random	1.0	0.07339037530579333	0.050273224043715856	0.08243047811999142	0.0459664386478616
3	2	iMF (test)	0.7612021857923498	0.7345130423634549	0.373224043715847	0.7424941794071496	0.41254366112358315
3	10	Average Rating	1.0	0.550020732740488	0.3513661202185792	0.7104359206010604	0.3880293456963353
3	2	Normalized kNN (full)	0.7612021857923498	0.7233566429380136	0.3765027322404372	0.7368441898351895	0.41120891998140074
3	2	Random	0.7612021857923498	0.5981292729526805	0.3344262295081967	0.7062168033045565	0.378879964119196
3	10	iMF (test)	1.0	0.686403577347798	0.3601092896174864	0.7106967896384482	0.3937027198697404
3	10	Normalized kNN (full)	1.0	0.6559265350872193	0.3453551912568306	0.665883628734802	0.3710867204664728
3	10	Random	1.0	0.38622426920216696	0.24480874316939888	0.5252633494878753	0.2701250325289265
1	100	iMF (full)	1.0	0.47437687028564396	0.2355191256830601	0.49159853344620547	0.26294350365542823
1	100	Popularity	1.0	0.3481626341579229	0.2092896174863388	0.4070575777048281	0.225051962651485
1	100	kNN (test)	1.0	0.4518853434262069	0.2530054644808743	0.47823191906071716	0.27005256551236445
1	100	Normalized kNN (test)	1.0	0.27200976063805754	0.1628415300546448	0.2706296386465656	0.15881037888601263
1	100	kNN (full)	1.0	0.46315639598616576	0.2579234972677596	0.48998340488551423	0.2756019649699653
3	500	Average Rating	1.0	0.030035921596223362	0.025136612021857928	0.023112616486933427	0.01997770775253562
3	500	iMF (test)	1.0	0.148633367619613	0.09562841530054644	0.18958277495805623	0.10115824563293283
3	0	Average Rating	0.639344262295082	0.7587522225185298	0.38852459016393437	0.7624220702627966	0.426216771352087
3	500	Normalized kNN (full)	1.0	0.27859338570589637	0.1540983606557377	0.3315745478136992	0.1695419832945838
3	500	Random	1.0	0.019873894715119064	0.013114754098360657	0.02209196389524258	0.012183815562851308
3	5	Average Rating	0.9065573770491804	0.5637264213893997	0.3612021857923497	0.7347528604917708	0.4017485954811589
3	0	iMF (test)	0.639344262295082	0.7685412169643853	0.3896174863387978	0.7590638261580082	0.42784190494121027
3	0	Normalized kNN (full)	0.639344262295082	0.7487717278253013	0.38524590163934425	0.7510669407262143	0.4213486440800783
3	5	iMF (test)	0.9065573770491804	0.6742407277798442	0.36775956284153005	0.7275141062938395	0.4059745891091749
3	0	Random	0.639344262295082	0.700780399228813	0.35464480874316945	0.7365435643858981	0.40106582472094454
3	5	Normalized kNN (full)	0.9065573770491804	0.6928561192289696	0.3584699453551912	0.7060149553174303	0.38970931392521646
3	5	Random	0.9065573770491804	0.5196942843504859	0.31366120218579235	0.6648032265394046	0.34986180931765687
1	200	Average Rating	1.0	0.05970588915926613	0.04918032786885246	0.058845334188164754	0.04294855447948587
1	200	iMF (test)	1.0	0.23697788556966132	0.1377049180327869	0.29167193354756515	0.15156063951572246
1	200	Normalized kNN (full)	1.0	0.35577843650157187	0.19344262295081965	0.36772544084199665	0.20520758791651778
1	200	Random	1.0	0.0478370074775315	0.036065573770491806	0.056769398467923594	0.03413908355048119
4	1000	Average Rating	1.0	0.02160078151370864	0.01912568306010929	0.014894173005170494	0.01359905501328849
1	10681	Average Rating	1.0	0.007120864638748702	0.004371584699453552	0.004754571475882951	0.003280968066173529
4	1000	iMF (test)	1.0	0.1261647500482267	0.07650273224043716	0.15500550008450853	0.08193863920678628
1	10681	iMF (test)	1.0	0.04365839588191538	0.026229508196721315	0.06776237230810686	0.030282915695690565
4	1000	Normalized kNN (full)	1.0	0.23089194282622336	0.12349726775956285	0.2771104703836385	0.13813088910468
4	1000	Random	1.0	0.01347632594213766	0.010382513661202186	0.014597131052383111	0.009187536947022842
1	10681	Normalized kNN (full)	1.0	0.10824305476659941	0.0644808743169399	0.15433371232206983	0.07541680190386776
1	10681	Random	1.0	6.013436237652464E-4	5.46448087431694E-4	4.967709885742673E-4	5.204267499349467E-4
3	200	Average Rating	1.0	0.06508150704572166	0.05519125683060109	0.06090123027442217	0.04856383009781288
3	200	iMF (test)	1.0	0.2588718371146108	0.15136612021857923	0.325592314411424	0.16770117608333351
1	0	Average Rating	0.63224043715847	0.7605380099440501	0.3896174863387978	0.7614304273676624	0.43221225980137934
3	200	Normalized kNN (full)	1.0	0.375994424521858	0.20382513661202184	0.406938674383226	0.21966957194424494
3	200	Random	1.0	0.03992016650095166	0.029508196721311476	0.03801650560530342	0.02448593259411215
1	0	iMF (test)	0.63224043715847	0.7495859794917226	0.39125683060109284	0.7550806165950438	0.4307549239955428
1	0	Normalized kNN (full)	0.63224043715847	0.7418891316181074	0.38415300546448083	0.7460377491710288	0.4224274252323678
1	0	Random	0.63224043715847	0.6625421736890931	0.3562841530054645	0.7186940572994185	0.397761158918698
4	200	Average Rating	1.0	0.0651587895069443	0.05519125683060109	0.05320582791207359	0.04376383182374489
4	200	iMF (test)	1.0	0.23147546167825986	0.13387978142076504	0.2664461361493513	0.14241294295591053
4	200	Normalized kNN (full)	1.0	0.3801631401184531	0.1912568306010929	0.4005501297610065	0.20902326355492096
4	200	Random	1.0	0.04116848810122715	0.03114754098360656	0.04856211035442473	0.0269673627669082
2	100	Average Rating	1.0	0.12289109515551551	0.0994535519125683	0.1406583215530283	0.09177623186043132
2	100	iMF (test)	1.0	0.314008597714022	0.19726775956284154	0.37470615553214587	0.2120542300586731
1	500	Average Rating	1.0	0.027324456410356218	0.02568306010928962	0.0235375848092036	0.020311076570246965
2	100	Normalized kNN (full)	1.0	0.4118364380383857	0.23442622950819672	0.4124330327047754	0.2428188220648511
2	100	Random	1.0	0.0630888772018809	0.056284153005464486	0.06093867735015651	0.045731108902688916
1	50	Average Rating	1.0	0.23052417646980475	0.17540983606557378	0.3644094764549282	0.19090063573898663
1	500	iMF (test)	1.0	0.161155599518559	0.1	0.20595781243777095	0.10634183086657045
1	50	iMF (test)	1.0	0.4793065392938844	0.2612021857923497	0.5181643903312214	0.28459026983233604
1	500	Normalized kNN (full)	1.0	0.2809366976894781	0.15300546448087432	0.304049498220227	0.1629827223776295
1	500	Random	1.0	0.015353241571884375	0.011475409836065575	0.015160730753460772	0.01046143172198991
1	50	Normalized kNN (full)	1.0	0.49901865513657595	0.2721311475409836	0.46510376138029036	0.28160060311413365
1	50	Random	1.0	0.11516311127969481	0.07759562841530056	0.13524616698468642	0.0778458644492578
2	10	Average Rating	0.9994535519125683	0.5379990822162201	0.3584699453551912	0.680806481973801	0.3952360331781818
2	10	iMF (test)	0.9994535519125683	0.6599774758342332	0.36885245901639346	0.6820667840996607	0.40258716889582763
3	1	Average Rating	0.7016393442622951	0.7435624542865353	0.3868852459016393	0.7606746373678229	0.4245522709118539
2	10	Normalized kNN (full)	0.9994535519125683	0.6162301798295037	0.333879781420765	0.6104088129896974	0.355008538111481
2	10	Random	0.9994535519125683	0.3675084689447413	0.246448087431694	0.4925476686277916	0.26945482651157915
3	1	iMF (test)	0.7016393442622951	0.7509915165955461	0.3830601092896175	0.7494800673718225	0.419453436101187
3	1	Normalized kNN (full)	0.7016393442622951	0.7325092670376797	0.37923497267759565	0.7459110257101257	0.4145420066478207
3	1	Random	0.7016393442622951	0.6341016521513811	0.3459016393442623	0.7211173809731347	0.3883691102311712
1	10681	kNN (full)	1.0	0.1811281873927754	0.09344262295081968	0.1969320304594115	0.10027777777150716
5	5	Average Rating	0.9021857923497267	0.5516746863771037	0.3524590163934426	0.7278209809165095	0.38947236136252267
3	50	Average Rating	1.0	0.2038170977269818	0.1546448087431694	0.25136978916591585	0.15055326026639074
3	100	Average Rating	1.0	0.1374654176569299	0.10546448087431694	0.15103891869883512	0.09932804310865138
2	50	Average Rating	1.0	0.2226777821927118	0.1792349726775956	0.28963851404527685	0.1785659770677356
3	50	iMF (test)	1.0	0.4439835592753159	0.2546448087431694	0.4821795032057005	0.27270259925628265
3	100	iMF (test)	1.0	0.3389677384427575	0.2	0.4079511810647297	0.21906750002440165
3	50	Normalized kNN (full)	1.0	0.5189338043483338	0.26994535519125684	0.48504836204249574	0.2798250804468136
3	50	Random	1.0	0.13746587009731134	0.09508196721311477	0.1565786690778655	0.09318005319366968
3	100	Normalized kNN (full)	1.0	0.42863541752096235	0.23825136612021858	0.4371544672721947	0.24760985991799803
3	100	Random	1.0	0.09688796342224226	0.0639344262295082	0.1105374354088594	0.06256719828250941
5	5	iMF (test)	0.9021857923497267	0.6840270962565652	0.35464480874316945	0.7341151543118014	0.3941700764988044
2	5	Average Rating	0.9010928961748634	0.5440920545011221	0.36174863387978146	0.6944676841595934	0.40022535169209045
2	1	Average Rating	0.6912568306010929	0.7299883169705609	0.3846994535519126	0.7192994770914835	0.421916617128484
5	5	Normalized kNN (full)	0.9021857923497267	0.6966068218409575	0.35464480874316945	0.7133294248369659	0.38659575806158497
2	5	iMF (test)	0.9010928961748634	0.6589701008500931	0.3699453551912568	0.6994140164450815	0.40531877347150325
5	5	Random	0.9021857923497267	0.49880358960272303	0.2978142076502732	0.6542105429310916	0.33629530461298995
4	5	Average Rating	0.907103825136612	0.5518839883453505	0.3562841530054645	0.7252294321279873	0.39540078748301805
2	5	Normalized kNN (full)	0.9010928961748634	0.6575540194334955	0.36393442622950817	0.6852710440476855	0.39571212451470333
2	5	Random	0.9010928961748634	0.48537653485557836	0.29508196721311475	0.6106176086833972	0.3330035932017114
5	1000	Average Rating	1.0	0.012178392257771047	0.012021857923497269	0.00653215750891001	0.007565495591020217
1	1	Average Rating	0.6956284153005464	0.7287395379930945	0.38142076502732236	0.7500825615115998	0.42303954791588266
2	20	Average Rating	1.0	0.4173752564414101	0.30327868852459017	0.5794506096738733	0.32923392355222125
1	1000	Average Rating	1.0	0.012797781000756214	0.010382513661202186	0.009486592711379674	0.007956533164432294
2	1	iMF (test)	0.6912568306010929	0.7226333780214367	0.38524590163934425	0.7196982434757969	0.42213986889873917
5	1000	iMF (test)	1.0	0.12355630525889376	0.06502732240437159	0.1681615026334062	0.0781005945327599
3	20	Average Rating	1.0	0.45141381670256336	0.30327868852459017	0.5798521752632168	0.3260362058574797
2	50	iMF (test)	1.0	0.4267215585588679	0.25081967213114753	0.47715243411477143	0.2719744994109529
2	1	Normalized kNN (full)	0.6912568306010929	0.7115313427374623	0.3825136612021858	0.7129361180001267	0.41727091462401394
2	1	Random	0.6912568306010929	0.6365625782330557	0.3573770491803279	0.7007519449920955	0.401777256716748
4	5	iMF (test)	0.907103825136612	0.6910151241430599	0.3699453551912568	0.7480612359368477	0.41139147789647773
4	100	Average Rating	1.0	0.10358890065953157	0.08743169398907104	0.11145446168245268	0.07839586807380891
2	20	iMF (test)	1.0	0.5634978468329594	0.32076502732240436	0.6190358665143788	0.35105500975050197
5	1000	Normalized kNN (full)	1.0	0.21886080505567324	0.11420765027322406	0.264873479559089	0.13102963663375378
5	1000	Random	1.0	0.01245067292295439	0.008743169398907104	0.013090792853238616	0.00905093685535048
1	1000	iMF (test)	1.0	0.13912422011831807	0.07486338797814208	0.17605963374531855	0.08462095617209787
5	200	Average Rating	1.0	0.05742693874786864	0.05081967213114755	0.061779278432589305	0.044138474562598305
2	50	Normalized kNN (full)	1.0	0.4863209355753113	0.26284153005464483	0.4515048454764864	0.2708317562044863
2	50	Random	1.0	0.12644659613713377	0.09617486338797815	0.14420312661250637	0.09162077112940722
4	50	Average Rating	1.0	0.21846994081682405	0.17704918032786884	0.28248803946186	0.17288295565734726
2	20	Normalized kNN (full)	1.0	0.537769586545032	0.29890710382513663	0.5192284442996814	0.31205472208419255
2	20	Random	1.0	0.25671427436844085	0.18142076502732243	0.2979066502098753	0.18441854581612252
2	0	Average Rating	0.6267759562841531	0.7387867104628266	0.3879781420765027	0.7248225059751681	0.42599533422552316
1	1000	Normalized kNN (full)	1.0	0.22702855342335088	0.1273224043715847	0.2693973154364543	0.13979438001933697
1	1000	Random	1.0	0.018076627899805808	0.014207650273224045	0.023390118780614266	0.014533375577452703
1	2	Average Rating	0.7524590163934426	0.5622670089720982	0.3584699453551912	0.7284735180962767	0.4026884692894613
3	20	iMF (test)	1.0	0.6130763802740697	0.3349726775956284	0.6622345638931946	0.36431193276265356
4	5	Normalized kNN (full)	0.907103825136612	0.6998340443693255	0.35464480874316945	0.7088751981131751	0.38982425095509315
4	5	Random	0.907103825136612	0.5059708347844543	0.30546448087431693	0.6563731463286283	0.3473638869762511
1	1	iMF (test)	0.6956284153005464	0.7522316971661775	0.38579234972677595	0.7527082529267426	0.4265162711819028
3	20	Normalized kNN (full)	1.0	0.5903344489165058	0.3098360655737705	0.5490669451148397	0.3220256787958891
3	20	Random	1.0	0.2691806904537374	0.17650273224043714	0.3208845400435725	0.18331717131211764
5	200	iMF (test)	1.0	0.22831709001617836	0.1273224043715847	0.27030856324237357	0.1430597964134936
2	2000	Average Rating	1.0	0.01219049433290433	0.00819672131147541	0.012317062356723913	0.007044910351087602
4	50	iMF (test)	1.0	0.44826688894952693	0.2579234972677596	0.5066252734694441	0.2802466763386791
1	1	Normalized kNN (full)	0.6956284153005464	0.7191609040543697	0.37595628415300547	0.7339348702648714	0.41324293750248087
1	2	iMF (test)	0.7524590163934426	0.7450045897290577	0.3836065573770492	0.7495038491931839	0.4226927665037042
1	1	Random	0.6956284153005464	0.6249733446439231	0.34590163934426227	0.7109616360376633	0.3906910103569395
5	1	Average Rating	0.687431693989071	0.7284124318003427	0.37759562841530053	0.7528770798836553	0.41252004861483804
5	200	Normalized kNN (full)	1.0	0.35562190948715283	0.1830601092896175	0.36838617625437714	0.19993736535419337
5	200	Random	1.0	0.04070187720723942	0.03387978142076503	0.036965806794916074	0.02685422702733445
5	50	Average Rating	1.0	0.18633659302665506	0.15737704918032788	0.25014012855295376	0.15317905714288077
5	500	Average Rating	1.0	0.021468006926010235	0.02185792349726776	0.01636418256676693	0.0157707053328998
4	50	Normalized kNN (full)	1.0	0.521106955644401	0.26284153005464483	0.5058478834709688	0.2786140038846703
4	50	Random	1.0	0.15615084860557793	0.10491803278688525	0.17084663992196755	0.10159932381166263
2	0	iMF (test)	0.6267759562841531	0.7159133931738475	0.3879781420765027	0.7188603656530902	0.4227158289200533
1	2	Normalized kNN (full)	0.7524590163934426	0.709246762317392	0.37486338797814206	0.7349898238435523	0.4128688030861532
3	2000	Average Rating	1.0	0.014298015658866221	0.01092896174863388	0.008704488690827489	0.00872725381504032
1	2	Random	0.7524590163934426	0.6106373820952002	0.33934426229508197	0.7117041900200065	0.38755549359073455
1	5	Average Rating	0.9054644808743169	0.5602551893028264	0.3573770491803279	0.7263267577527951	0.401264949061698
3	1000	Average Rating	1.0	0.01591277676729433	0.013114754098360657	0.009855932875058558	0.01006068055830313
1	2000	Average Rating	1.0	0.011417775683362498	0.008743169398907104	0.008734943834167303	0.0070720048208875565
4	100	iMF (test)	1.0	0.3535167688900798	0.20218579234972678	0.4117923236874067	0.21813073210770734
2	2000	iMF (test)	1.0	0.0806282207633673	0.042622950819672135	0.11175848606531656	0.04840535378682099
2	0	Normalized kNN (full)	0.6267759562841531	0.7318474062658059	0.3879781420765027	0.7184360013447546	0.42265782321407264
2	0	Random	0.6267759562841531	0.6788681438437226	0.36885245901639346	0.7003624090374955	0.40747116103886966
5	1	iMF (test)	0.687431693989071	0.7403700835405828	0.3693989071038251	0.7524141497863702	0.4090460212826338
4	100	Normalized kNN (full)	1.0	0.4346795370922246	0.22950819672131148	0.4348531012693739	0.2416358063452489
4	100	Random	1.0	0.08543250808149573	0.06229508196721312	0.09603402182893815	0.05811007423710511
2	2000	Normalized kNN (full)	1.0	0.18782329784255775	0.09726775956284153	0.21685515954448237	0.10887144248829064
2	2000	Random	1.0	0.0032799089348877347	0.00273224043715847	0.0019653615965091373	0.002207775780534615
5	50	iMF (test)	1.0	0.45671169748619694	0.25136612021857924	0.5059708597073153	0.274176332954234
5	500	iMF (test)	1.0	0.1221038318747231	0.07759562841530056	0.18452567618543878	0.09027449268364388
3	2000	iMF (test)	1.0	0.06438699285493403	0.03879781420765028	0.09029545232735525	0.044119489526338686
5	1	Normalized kNN (full)	0.687431693989071	0.7467713667495122	0.3743169398907104	0.7507010319203657	0.4097081491726272
5	1	Random	0.687431693989071	0.6454845412336522	0.3360655737704918	0.7248039306742633	0.3808499427170146
5	50	Normalized kNN (full)	1.0	0.5117050008952125	0.266120218579235	0.4892888228779916	0.27802796012862435
5	500	Normalized kNN (full)	1.0	0.27836944364501187	0.14754098360655737	0.3140399374479953	0.16323517368294246
5	50	Random	1.0	0.14582050274296063	0.10054644808743171	0.18078784529825967	0.10002850054491833
5	500	Random	1.0	0.02107954638444246	0.015300546448087433	0.02640100545920904	0.013458555241387515
3	1000	iMF (test)	1.0	0.10196065895660955	0.06284153005464481	0.1322063831349431	0.06995904784752163
3	2000	Normalized kNN (full)	1.0	0.17076609854809707	0.09508196721311477	0.22446106520359174	0.10934071416829286
3	2000	Random	1.0	0.002851920767793607	0.0032786885245901644	0.002773628921169905	0.0022423019799171938
1	5	iMF (test)	0.9054644808743169	0.7159403552735234	0.37158469945355194	0.7378573729542732	0.4129345851184016
1	2000	iMF (test)	1.0	0.06899681713283927	0.04480874316939891	0.11156163148915162	0.050954466417375756
3	1000	Normalized kNN (full)	1.0	0.22439899260893484	0.126775956284153	0.2948051952214601	0.14514622391122078
3	1000	Random	1.0	0.00822354068886058	0.006010928961748634	0.007906043413115094	0.005622518816596025
5	2000	Average Rating	1.0	0.008169883723720503	0.006557377049180329	0.0036691667344875907	0.0042681174162381656
1	5	Normalized kNN (full)	0.9054644808743169	0.6737048292020896	0.3622950819672131	0.7086337573235513	0.3980224220455378
1	2000	Normalized kNN (full)	1.0	0.18434303939669852	0.10382513661202186	0.22242889683154574	0.11522992708408168
1	2000	Random	1.0	0.0054174068018957924	0.00546448087431694	0.004368921033671683	0.0039922390812142435
1	5	Random	0.9054644808743169	0.492181315517188	0.2896174863387978	0.6360990254371376	0.3327245831079279
5	2000	iMF (test)	1.0	0.05654404874140114	0.03224043715846995	0.092170044277934	0.038861203142559225
5	2000	Normalized kNN (full)	1.0	0.177845454017088	0.09234972677595629	0.22343923898906795	0.10719533862731398
5	2000	Random	1.0	0.004590915912415968	0.004918032786885246	0.0018292074599986217	0.0022482820939908697
5	0	Average Rating	0.6224043715846995	0.7553026800953181	0.38142076502732236	0.75859013300827	0.4167898181275165
5	0	iMF (test)	0.6224043715846995	0.758125422601604	0.37540983606557377	0.7517474456699615	0.4115151591323039
5	0	Normalized kNN (full)	0.6224043715846995	0.7623649732321733	0.37923497267759565	0.7588124939252702	0.41548064864151807
5	0	Random	0.6224043715846995	0.6892910670463889	0.33879781420765026	0.7245329375702432	0.3843858185781629
3	2	iMF (full)	0.7612021857923498	0.703409046756262	0.3601092896174864	0.7295996733215473	0.4011142605154201
3	2	Popularity	0.7612021857923498	0.71991906690506	0.3704918032786885	0.7409518027896363	0.41081918124898015
3	2	kNN (test)	0.7612021857923498	0.7354084032387826	0.38743169398907107	0.7508000096769785	0.421636710362464
3	2	Normalized kNN (test)	0.7612021857923498	0.6198174394296255	0.3693989071038251	0.7371029830022116	0.4071092955986826
3	2	kNN (full)	0.7612021857923498	0.7403751407983697	0.39125683060109284	0.75382102605182	0.42474254535747274
3	1000	kNN (full)	1.0	0.2442758139008514	0.14426229508196722	0.2782689126087551	0.15084932807598558
3	5	kNN (full)	0.9065573770491804	0.7179200962758648	0.3836065573770492	0.7394405674090663	0.4154791473115786
5	0	kNN (full)	0.6224043715846995	0.776889115197293	0.38524590163934425	0.7592751320121456	0.4187254808718503
1	1	kNN (full)	0.6956284153005464	0.7523047158062558	0.3896174863387978	0.7546276337855037	0.42930426829203705
4	100	kNN (full)	1.0	0.44108183909445914	0.2551912568306011	0.4884084180652296	0.26943953021345685
1	500	kNN (full)	1.0	0.29305859574643145	0.15901639344262297	0.32190150567514536	0.17248616869456218
4	100	Popularity	1.0	0.34901896313483455	0.21147540983606558	0.40649373258358806	0.22385788718476035
4	100	kNN (test)	1.0	0.4267422512911785	0.253551912568306	0.47806698705511874	0.26649136028412146
4	100	Normalized kNN (test)	1.0	0.21590048738681422	0.15737704918032788	0.2311431615874968	0.14917794617086236
1	0	kNN (full)	0.63224043715847	0.7660939096665668	0.39234972677595625	0.7577545311746962	0.4322154624888222
5	200	kNN (full)	1.0	0.3673489069570341	0.19672131147540983	0.39000985520468096	0.20760990701086712
2	1000	Average Rating	1.0	0.016590549815433987	0.014207650273224045	0.015323157376811605	0.010795512587170373
2	1000	iMF (test)	1.0	0.10298816248664705	0.05737704918032787	0.13264552260086246	0.06391469777457595
2	1000	Normalized kNN (full)	1.0	0.22628796552721475	0.11693989071038252	0.2493735293495138	0.12946756616452398
2	1000	Random	1.0	0.007854701962562992	0.007650273224043717	0.007653887268622609	0.0062264023588304955
2	2	Average Rating	0.7513661202185792	0.5635915836291854	0.36775956284153005	0.7035973469536728	0.407325010013221
2	2	iMF (test)	0.7513661202185792	0.7126881824060634	0.380327868852459	0.7129104976132105	0.41680209422351994
2	2	Normalized kNN (full)	0.7513661202185792	0.6977373598002183	0.380327868852459	0.7089035992135096	0.41440387681090196
2	2	Random	0.7513661202185792	0.5840482095433733	0.3448087431693989	0.6789095786344232	0.3869248546231833
3	0	iMF (full)	0.639344262295082	0.7300673714870247	0.37540983606557377	0.7446426108624759	0.4149329452640485
3	0	Popularity	0.639344262295082	0.7324524092214832	0.373224043715847	0.7453344268443916	0.4139850140740019
3	0	kNN (test)	0.639344262295082	0.7548105618683479	0.3939890710382513	0.7592851948015078	0.4288317654653636
3	0	Normalized kNN (test)	0.639344262295082	0.7722611941919657	0.392896174863388	0.7563153816729837	0.4264945767578721
3	0	kNN (full)	0.639344262295082	0.7574780023068091	0.39617486338797814	0.7606149607146071	0.43031965780536624
5	100	iMF (full)	1.0	0.44459425820692305	0.2256830601092896	0.48303651570840916	0.2499934717502308
5	100	Popularity	1.0	0.33484406545905365	0.20546448087431696	0.3897235525053729	0.2151092747206186
5	100	kNN (test)	1.0	0.4139648329452804	0.23989071038251367	0.4542894427756754	0.25158214902286197
3	10	iMF (full)	1.0	0.6503096292858602	0.33879781420765026	0.6551855897801735	0.36891346367201494
3	10	Popularity	1.0	0.6664490322053457	0.3513661202185792	0.7096523027521903	0.3895558394386964
5	100	Normalized kNN (test)	1.0	0.21346042166334392	0.14043715846994534	0.21679785796081416	0.13372610667023457
3	10	kNN (test)	1.0	0.7106495521494055	0.37759562841530053	0.7279601142960994	0.4085723114378782
3	500	iMF (full)	1.0	0.312711498481131	0.15519125683060112	0.3492840387882175	0.1760601498303957
3	500	Popularity	1.0	0.19848027784514818	0.12295081967213115	0.2352550966867103	0.12679230607707118
5	100	kNN (full)	1.0	0.4254887123345723	0.2459016393442623	0.45753780827513885	0.25580295219662325
3	500	kNN (test)	1.0	0.2700336167795731	0.15683060109289618	0.30734309501586904	0.16556818433265297
3	10	Normalized kNN (test)	1.0	0.5920079972379174	0.35464480874316945	0.69955216102516	0.38752580413764653
3	10	kNN (full)	1.0	0.7134890996373568	0.380327868852459	0.7306063233289206	0.41081482256528656
3	500	Normalized kNN (test)	1.0	0.09078421748443333	0.0633879781420765	0.07319885893776926	0.05466516648545248
3	500	kNN (full)	1.0	0.28152684429571895	0.15956284153005465	0.31635756419788885	0.17002606858714275
2	5	kNN (full)	0.9010928961748634	0.7136194574883499	0.3819672131147541	0.708134268641712	0.4146351508497811
2	100	kNN (full)	1.0	0.4355598046664243	0.2655737704918033	0.4768448432115393	0.2785232969151461
5	200	Popularity	1.0	0.30234105154309693	0.1830601092896175	0.3645775073237079	0.19563837007471896
5	200	kNN (test)	1.0	0.3536358212672999	0.19071038251366118	0.3712608598163413	0.2007928682685194
5	200	Normalized kNN (test)	1.0	0.12267210885485208	0.09071038251366122	0.1362443274447482	0.08461486308059676
3	1	kNN (full)	0.7016393442622951	0.7498236075832038	0.3939890710382513	0.7579282576180679	0.42793653697962253
2	1000	kNN (full)	1.0	0.25609560343474735	0.15245901639344264	0.2823561518492744	0.15944092180863645
2	100	Popularity	1.0	0.34439518638347866	0.21256830601092896	0.3818626450226659	0.22264866480425927
2	100	kNN (test)	1.0	0.4305338172763463	0.25901639344262295	0.4791813712723555	0.2742777635804104
5	10681	Average Rating	1.0	0.006890168604825953	0.004918032786885246	0.0029318955054130832	0.003323587961373714
2	100	Normalized kNN (test)	1.0	0.2752376806639152	0.17049180327868851	0.272664226992863	0.16743558723375881
2	10	kNN (full)	0.9994535519125683	0.7093232124298624	0.3797814207650273	0.696749933486885	0.41110953257006444
5	10681	Random	1.0	0.0	0.0	0.0	0.0
1	1	Popularity	0.6956284153005464	0.7213648542611769	0.37103825136612023	0.7440791863751565	0.4164045794807892
1	1	kNN (test)	0.6956284153005464	0.751826246917645	0.39016393442622954	0.7558723210957649	0.4299678123982041
5	10681	iMF (test)	1.0	0.03624896033835902	0.020218579234972677	0.049106714975727196	0.024176341656167062
5	10681	Normalized kNN (full)	1.0	0.11631483407068577	0.0644808743169399	0.16337303953838134	0.07591258315708677
1	1	Normalized kNN (test)	0.6956284153005464	0.7220490860711949	0.3907103825136612	0.7569624786309717	0.42991680067994975
5	10681	kNN (full)	1.0	0.16966524587727957	0.09672131147540983	0.1993626061467094	0.10313835310640906
5	10681	Popularity	1.0	0.09596148723984553	0.05792349726775956	0.10903855910013106	0.05937731892036536
2	0	kNN (full)	0.6267759562841531	0.7438516771313468	0.3950819672131147	0.7266519174631216	0.42955306637504914
5	0	Popularity	0.6224043715846995	0.7402035759176947	0.366120218579235	0.7430311578881678	0.4034859282064729
5	10681	kNN (test)	1.0	0.1582833369991668	0.09071038251366122	0.18831547553559028	0.0962830092645657
5	0	kNN (test)	0.6224043715846995	0.7738073976323837	0.3819672131147541	0.7555129788647466	0.4156648540331068
5	10681	Normalized kNN (test)	1.0	0.0011382167530619221	0.001092896174863388	5.299604296212549E-4	7.005744710662745E-4
5	0	Normalized kNN (test)	0.6224043715846995	0.781165168204968	0.3896174863387978	0.7631235689612206	0.42267057303696415
1	2000	kNN (full)	1.0	0.2356062071401948	0.1273224043715847	0.266210251210398	0.13797803557258878
4	50	kNN (full)	1.0	0.5682664143600739	0.29125683060109286	0.5646449261141158	0.3120142650702871
4	1000	kNN (full)	1.0	0.2433104675644307	0.14153005464480875	0.2698803630104974	0.14788053091464085
5	2000	kNN (full)	1.0	0.21952596281658374	0.12459016393442623	0.2519042970563446	0.1322966637013776
3	1	Popularity	0.7016393442622951	0.7273555048228401	0.3721311475409836	0.7426021864072331	0.41246126459943283
3	1	kNN (test)	0.7016393442622951	0.7463201068409723	0.3907103825136612	0.7550933938883955	0.4252094422191252
4	1000	iMF (full)	1.0	0.28183922331426664	0.13879781420765028	0.32008539021577154	0.15925772048763123
4	1000	Popularity	1.0	0.15128073003931333	0.08688524590163935	0.16580357412566626	0.09134459264241918
4	1000	kNN (test)	1.0	0.23265571284628866	0.14153005464480875	0.26916420504673766	0.14828826081085267
3	1	Normalized kNN (test)	0.7016393442622951	0.7242252596494614	0.3836065573770492	0.7478777977472127	0.41812609944154067
3	5	Popularity	0.9065573770491804	0.6695186413252493	0.35355191256830604	0.7145703355390756	0.3925743145883191
3	5	kNN (test)	0.9065573770491804	0.7156242209616507	0.38142076502732236	0.7386158520010175	0.4140773255494497
4	1000	Normalized kNN (test)	1.0	0.03768332808659375	0.030601092896174867	0.03869993956074267	0.027020102575219675
3	5	Normalized kNN (test)	0.9065573770491804	0.599270142467458	0.3584699453551912	0.7153991555606791	0.39335931488919007
1	200	kNN (full)	1.0	0.3781937668136403	0.1989071038251366	0.39537950331612687	0.21431366588142542
3	5	iMF (full)	0.9065573770491804	0.6744921749153087	0.3502732240437158	0.7126421591730174	0.38931699463676284
1	50	kNN (full)	1.0	0.5830836427461152	0.30710382513661205	0.5789315447399977	0.3295799863878888
5	5	kNN (full)	0.9021857923497267	0.7373232187825122	0.3737704918032787	0.742989146722709	0.4057864462593615
1	50	Popularity	1.0	0.47024862026538583	0.2459016393442623	0.4937438546373637	0.2690359741200079
1	50	kNN (test)	1.0	0.5782910846925049	0.30601092896174864	0.5795222436266415	0.32880187097139346
1	50	Normalized kNN (test)	1.0	0.3906623468935082	0.22786885245901642	0.41635100526912683	0.2367891754832987
3	1000	Popularity	1.0	0.1522703316276589	0.09890710382513662	0.18763749276486338	0.10231049595137325
3	1000	kNN (test)	1.0	0.2334170727057872	0.14153005464480875	0.27149278153778317	0.14744490331859902
1	10681	iMF (full)	1.0	0.1853414847614571	0.08688524590163935	0.21127129889384444	0.10170546968787737
1	10681	Popularity	1.0	0.09225918376795196	0.05300546448087432	0.10733614883807688	0.05791841924315788
1	10681	kNN (test)	1.0	0.17081152901680616	0.08907103825136613	0.18673790991693032	0.09544240017490768
3	1000	Normalized kNN (test)	1.0	0.025638580503624383	0.0273224043715847	0.027406016724563814	0.02334923086882372
3	50	kNN (full)	1.0	0.5514158934204808	0.29398907103825134	0.5457110991292122	0.30908269284591633
1	1000	kNN (full)	1.0	0.25547757987140435	0.14043715846994534	0.28268548250743963	0.15016360720317698
2	10681	Average Rating	1.0	0.008516513076853293	0.004918032786885246	0.009844615595541032	0.004890569869221718
1	10681	Normalized kNN (test)	1.0	0.0014286514986068314	0.0016393442622950822	8.224319699729537E-4	9.86422392932253E-4
2	10681	iMF (test)	1.0	0.03866551098067671	0.018032786885245903	0.057472349099687556	0.02188609783789179
2	10681	Normalized kNN (full)	1.0	0.1264105046704447	0.061202185792349734	0.15108151555100074	0.07226955092302607
2	10681	Random	1.0	3.620449369092297E-4	5.46448087431694E-4	2.73224043715847E-4	3.6429872495446266E-4
1	200	iMF (full)	1.0	0.408559759560606	0.1994535519125683	0.41948645194121204	0.22079777952346066
1	200	Popularity	1.0	0.2978086692942405	0.1830601092896175	0.3551262579471718	0.19674867887473682
1	200	kNN (test)	1.0	0.36988223891510463	0.19726775956284154	0.39327583372803454	0.21318744790525926
1	200	Normalized kNN (test)	1.0	0.15239966875406305	0.1098360655737705	0.17029859545733253	0.10409777909159483
1	0	Popularity	0.63224043715847	0.7323362151285709	0.3737704918032787	0.7472060837643489	0.41931577367757444
1	0	kNN (test)	0.63224043715847	0.7645018734343518	0.392896174863388	0.7589992184849573	0.43287900659498935
1	0	Normalized kNN (test)	0.63224043715847	0.7638898256609467	0.4	0.7670530789251679	0.4389484580019232
5	50	kNN (full)	1.0	0.5634841654183422	0.29508196721311475	0.5590787980977348	0.3124264484161271
2	5	Popularity	0.9010928961748634	0.6690377479401489	0.3601092896174864	0.690126725846603	0.39693710966412726
2	5	kNN (test)	0.9010928961748634	0.7125086114204761	0.3825136612021858	0.7104021665340594	0.4160708800853385
2	5	Normalized kNN (test)	0.9010928961748634	0.6238113384511281	0.36775956284153005	0.695585383007796	0.4033596749772076
2	1	kNN (full)	0.6912568306010929	0.7409507340726562	0.39344262295081966	0.7241929010696789	0.42761013984195867
2	1000	Popularity	1.0	0.1764114464672251	0.10218579234972677	0.18520928603983838	0.10585876597789302
2	1000	kNN (test)	1.0	0.23938200327767942	0.14371584699453552	0.2557976810887692	0.1487186775750329
2	1000	Normalized kNN (test)	1.0	0.04549590736040203	0.03333333333333333	0.04556118561728615	0.02950576381028818
5	5	Popularity	0.9021857923497267	0.682154843096899	0.3502732240437158	0.725232199903705	0.3879104809487434
5	5	kNN (test)	0.9021857923497267	0.7325118924563719	0.3699453551912568	0.7395912923002644	0.40233700058917615
5	5	Normalized kNN (test)	0.9021857923497267	0.6247708966392189	0.35464480874316945	0.7277883016872686	0.390435997699995
3	200	iMF (full)	1.0	0.39386414853510604	0.1912568306010929	0.4181148110375047	0.21604526702354593
3	200	Popularity	1.0	0.2844964999502983	0.17814207650273226	0.34343888044346094	0.18697902201055916
3	2000	kNN (full)	1.0	0.21382471067822081	0.126775956284153	0.24393930555735444	0.1313553944177848
2	2	kNN (full)	0.7513661202185792	0.7287309822371666	0.38907103825136613	0.7175659366558292	0.42243578748189853
5	1000	kNN (full)	1.0	0.2462337442535885	0.14371584699453552	0.2749409146742741	0.14989155449739922
2	2000	kNN (full)	1.0	0.22367680344662708	0.1284153005464481	0.23179766454534487	0.1323973091636173
2	2	Popularity	0.7513661202185792	0.7073841612571574	0.3726775956284153	0.7041591692090534	0.4092119452657405
2	0	Popularity	0.6267759562841531	0.7251585874774255	0.3808743169398907	0.7168408257431689	0.4188536471269013
3	200	kNN (test)	1.0	0.35801172669955106	0.20109289617486337	0.37175382662565243	0.20719247438387123
2	2	kNN (test)	0.7513661202185792	0.726663566209774	0.38743169398907107	0.717129076539658	0.4216701200689362
2	0	kNN (test)	0.6267759562841531	0.7453005623638211	0.3950819672131147	0.7274664471229302	0.4302003575881602
2	0	Normalized kNN (test)	0.6267759562841531	0.7504231821289263	0.39726775956284155	0.7297217193607329	0.4319997385070747
2	2	Normalized kNN (test)	0.7513661202185792	0.6399891515691803	0.37540983606557377	0.7083121826198416	0.412772638705504
3	200	Normalized kNN (test)	1.0	0.14464257268523767	0.1016393442622951	0.13230753765027312	0.09175582823933162
2	50	kNN (full)	1.0	0.5476109285469282	0.292896174863388	0.5319617626054723	0.31044553065162106
3	2000	Popularity	1.0	0.12517987988504056	0.07540983606557378	0.14346058108112109	0.07821383712152881
3	200	kNN (full)	1.0	0.3684203626220257	0.20765027322404372	0.38634740548152635	0.21609677683146333
3	2000	kNN (test)	1.0	0.19243869821650758	0.11311475409836065	0.21252258930457257	0.11619604744229338
3	2000	Normalized kNN (test)	1.0	0.011206152091664342	0.012021857923497269	0.00936109615232084	0.008979232212531186
2	2000	Popularity	1.0	0.16112211663153556	0.0896174863387978	0.16263155680863622	0.09332102596501154
2	2000	kNN (test)	1.0	0.2107947838062923	0.12076502732240438	0.2155880286482612	0.12418842687018757
2	2000	Normalized kNN (test)	1.0	0.010769779423549333	0.009836065573770493	0.009963303381534987	0.008236657073458787
4	50	Popularity	1.0	0.45745829405180455	0.23825136612021858	0.4794256628087513	0.25668854825732257
4	50	kNN (test)	1.0	0.5541135285010393	0.2863387978142076	0.5531683625409172	0.30614261194170206
4	50	Normalized kNN (test)	1.0	0.3426423389314797	0.20765027322404372	0.33618481437046394	0.2056739597699475
5	2000	Popularity	1.0	0.1408678662585322	0.08469945355191257	0.15342177490180384	0.08511596629833322
5	2000	kNN (test)	1.0	0.20653251191463082	0.119672131147541	0.2436163420867397	0.12722493479420013
5	2000	Normalized kNN (test)	1.0	0.007499443818291026	0.006557377049180329	0.008707619997159653	0.004851797276595859
1	1000	Popularity	1.0	0.1541327407316836	0.09234972677595629	0.1926227711639869	0.10012805697576556
1	1000	kNN (test)	1.0	0.2476696715657859	0.14098360655737704	0.28443210564750543	0.1508656050636448
5	50	Popularity	1.0	0.46420061112178773	0.24153005464480876	0.47471778214333715	0.2555721341182582
1	1000	Normalized kNN (test)	1.0	0.021688762875737348	0.02185792349726776	0.02301779937462093	0.01862218061850023
1	5	kNN (full)	0.9054644808743169	0.7382245889390118	0.3819672131147541	0.7424796118014161	0.42025933854975156
5	50	kNN (test)	1.0	0.5567000195724291	0.2885245901639344	0.5526937111211515	0.3068616615080712
2	10681	kNN (full)	1.0	0.17287328930044277	0.08961748633879782	0.1682129574623086	0.09282040660205355
2	50	Popularity	1.0	0.4486473304743305	0.23442622950819672	0.435014830825125	0.24776692344506923
2	50	kNN (test)	1.0	0.5424433329574566	0.2885245901639344	0.5258142712422667	0.3063602099881151
5	50	Normalized kNN (test)	1.0	0.3374069903293492	0.22131147540983606	0.3958863454997765	0.2265387702730545
1	5	Popularity	0.9054644808743169	0.7046275285133151	0.36284153005464487	0.7312522440400174	0.4069092804356754
1	5	kNN (test)	0.9054644808743169	0.7351851173735752	0.3825136612021858	0.7430629234503016	0.4207531666053722
2	50	Normalized kNN (test)	1.0	0.3675145296880569	0.22240437158469947	0.38578197255235164	0.2290985252612887
1	5	Normalized kNN (test)	0.9054644808743169	0.6349430202165699	0.36830601092896176	0.733410049973083	0.4095019260457874
2	10681	Popularity	1.0	0.11718003147936677	0.06721311475409837	0.13053193019759443	0.07047069291216732
2	10681	kNN (test)	1.0	0.16772053284066704	0.08852459016393442	0.1720560729069764	0.09366952347635196
4	200	iMF (full)	1.0	0.3921453124968661	0.1918032786885246	0.41592487162550906	0.2149577561428921
4	200	Popularity	1.0	0.3123782484818602	0.1825136612021858	0.3656599345054617	0.1960990940544331
4	200	kNN (test)	1.0	0.3628347980284628	0.19672131147540983	0.39906132397870714	0.21130426290693685
2	10681	Normalized kNN (test)	1.0	0.0020187730535430005	0.0016393442622950822	0.0022055182023452777	0.0015296266525072547
1	0	iMF (full)	0.63224043715847	0.7450802735494074	0.3765027322404372	0.7417772077474867	0.41762208147780683
4	200	Normalized kNN (test)	1.0	0.13407799094608225	0.11038251366120218	0.1497261259802655	0.10068762294407849
4	200	kNN (full)	1.0	0.3781465666620293	0.20109289617486342	0.410541803421047	0.21728884805919665
2	50	iMF (full)	1.0	0.5244219115680703	0.27103825136612025	0.5134352878614709	0.29411498029624217
3	20	kNN (full)	1.0	0.6483075484234191	0.3475409836065574	0.6630513210523657	0.3722891667229012
3	100	iMF (full)	1.0	0.44653608419366014	0.22786885245901642	0.46308409596701144	0.250318821985737
3	100	Popularity	1.0	0.308619578364868	0.19508196721311477	0.37829882165586115	0.20482380870285355
3	100	kNN (test)	1.0	0.40229255441997963	0.24371584699453552	0.43769494789946417	0.25120249204518574
3	100	Normalized kNN (test)	1.0	0.25522140265903803	0.16612021857923495	0.2495433869260613	0.15920135074254874
1	50	iMF (full)	1.0	0.5417806535728135	0.2721311475409836	0.5591385965242196	0.30364687436919885
3	100	kNN (full)	1.0	0.41423604039327216	0.24972677595628417	0.45149433915787174	0.2574976094677698
5	500	kNN (full)	1.0	0.2839765374129138	0.15901639344262297	0.31562297308150794	0.16886331345322325
1	2000	Popularity	1.0	0.1420773389803467	0.08306010928961749	0.1826023574550486	0.09165449156615961
1	2000	kNN (test)	1.0	0.22049577287766803	0.12131147540983606	0.2492047321980043	0.1292144034023381
1	2000	Normalized kNN (test)	1.0	0.007176217756867297	0.006010928961748634	0.0035489578220623003	0.00355081632284336
5	500	iMF (full)	1.0	0.3086176732851797	0.16010928961748636	0.34877109723032423	0.17780080165059084
5	500	Popularity	1.0	0.2139728741295971	0.13005464480874318	0.25671478181369317	0.1354957980599325
5	500	kNN (test)	1.0	0.27112290244334425	0.15355191256830603	0.304180114885724	0.16277867851603084
3	1	iMF (full)	0.7016393442622951	0.716740258967872	0.3721311475409836	0.7377898787433502	0.4106619953473194
1	2000	iMF (full)	1.0	0.23440921529096068	0.11530054644808745	0.2688035733618206	0.1325528902215191
5	500	Normalized kNN (test)	1.0	0.06944885459210162	0.048087431693989074	0.05621162559771868	0.04071203060192921
3	50	iMF (full)	1.0	0.522442957381107	0.26010928961748636	0.5338866508385955	0.28766468289423863
3	50	Popularity	1.0	0.44587842956539975	0.23770491803278687	0.48264074031793414	0.2575282633435405
3	50	kNN (test)	1.0	0.5462559317621376	0.29125683060109286	0.5423346837068309	0.30661345241530913
1	500	iMF (full)	1.0	0.33217230780631396	0.15956284153005465	0.35475845782814286	0.18175785031154718
1	500	Popularity	1.0	0.21516823129383486	0.1273224043715847	0.2616822985354175	0.13782235035831514
1	5	iMF (full)	0.9054644808743169	0.6976922799082743	0.3584699453551912	0.7206395902228734	0.3995848937120225
1	500	kNN (test)	1.0	0.2862354483894211	0.15737704918032788	0.3205995568969239	0.17104555199245752
2	20	iMF (full)	1.0	0.6019542062277295	0.3333333333333333	0.6114089401028285	0.36202439720097657
2	20	Popularity	1.0	0.5332632083864859	0.2983606557377049	0.5832726697232021	0.3291746714379963
2	20	kNN (test)	1.0	0.6092664848777585	0.33770491803278685	0.6357624625246049	0.36685630873667224
5	5	iMF (full)	0.9021857923497267	0.6794010055823952	0.3448087431693989	0.7121447093067211	0.382387862018092
3	50	Normalized kNN (test)	1.0	0.3729691148504171	0.2366120218579235	0.3938345806306269	0.23645961750234237
1	500	Normalized kNN (test)	1.0	0.08790768388049452	0.06502732240437159	0.09049872674317241	0.059875649476870435
5	1	kNN (full)	0.687431693989071	0.7652310966641248	0.3830601092896175	0.7554746471935416	0.4161819905444674
2	20	Normalized kNN (test)	1.0	0.5056633750787788	0.31420765027322406	0.5939984208964674	0.33891156254226357
2	20	kNN (full)	1.0	0.6169376579565977	0.3437158469945355	0.6461215952679669	0.37301001919962046
3	1000	iMF (full)	1.0	0.27511812598900487	0.13387978142076504	0.30437424554147474	0.15541680523045448
2	2000	iMF (full)	1.0	0.22678090024087239	0.11311475409836065	0.24955500269580663	0.130516012758579
4	5	iMF (full)	0.907103825136612	0.6799566500233246	0.3524590163934426	0.7342921814697422	0.39790852781457403
4	5	Popularity	0.907103825136612	0.6809214290677488	0.35464480874316945	0.7307102695266483	0.39669247148418085
4	5	kNN (test)	0.907103825136612	0.718479728721725	0.3721311475409836	0.7408627282799863	0.40857369009038524
2	5	iMF (full)	0.9010928961748634	0.6752438968823287	0.3655737704918033	0.6929491289833386	0.4006428619181166
2	10	iMF (full)	0.9994535519125683	0.662383727704538	0.3551912568306011	0.6533725728478625	0.38688929904730246
2	10	Popularity	0.9994535519125683	0.6657925071035299	0.35792349726775957	0.6828407513475137	0.3936243932366567
2	10	kNN (test)	0.9994535519125683	0.7093916954798953	0.380327868852459	0.7031161920349701	0.41275816365786805
4	5	Normalized kNN (test)	0.907103825136612	0.6191950041391988	0.359016393442623	0.7287668403894754	0.3970677326076785
4	5	kNN (full)	0.907103825136612	0.7231722108773452	0.3721311475409836	0.7393909504108157	0.408235396135862
2	10	Normalized kNN (test)	0.9994535519125683	0.6214259692903487	0.366120218579235	0.6898476780897633	0.4007855642063755
2	1	iMF (full)	0.6912568306010929	0.7101084116441921	0.37868852459016394	0.7119117943628033	0.41575603956330204
2	1	Popularity	0.6912568306010929	0.7186786037565621	0.37759562841530053	0.7113177968594844	0.4147749300298621
2	1	kNN (test)	0.6912568306010929	0.7419754044363887	0.39344262295081966	0.7250074307294876	0.42825743105506975
2	100	iMF (full)	1.0	0.4650204844560967	0.24316939890710382	0.4598163557444487	0.2653230914237412
2	1	Normalized kNN (test)	0.6912568306010929	0.7396436346009678	0.3939890710382513	0.7239840144427	0.4278710196242574
1	1	iMF (full)	0.6956284153005464	0.7337082528285486	0.373224043715847	0.7429886349643342	0.4161081769957948
1	2	kNN (full)	0.7524590163934426	0.740011071476683	0.3825136612021858	0.7438457320199954	0.421039978674654
4	50	iMF (full)	1.0	0.5208211465971326	0.26284153005464483	0.5399039997367839	0.2921274189543871
5	1	Popularity	0.687431693989071	0.732361007713868	0.36393442622950817	0.7397459640292033	0.4008697633434421
5	1	kNN (test)	0.687431693989071	0.7649805990829163	0.380327868852459	0.7535339876709148	0.4139620530710035
1	2	Popularity	0.7524590163934426	0.7091635046082064	0.3650273224043716	0.735766946095703	0.4097199381161499
1	2	kNN (test)	0.7524590163934426	0.7369114400866779	0.3830601092896175	0.7444290436688809	0.4215338067302747
5	200	iMF (full)	1.0	0.3880474333591896	0.1912568306010929	0.41947738080970903	0.21417159241767944
5	1000	iMF (full)	1.0	0.25613668730834555	0.13169398907103827	0.30342822888058907	0.1498593002413484
5	1000	Popularity	1.0	0.15567206067577913	0.09781420765027324	0.1802027254031473	0.09818043845779897
5	1000	kNN (test)	1.0	0.22797459688745786	0.13224043715846995	0.2590363577861107	0.13791662302223245
5	1	Normalized kNN (test)	0.687431693989071	0.7255734570206172	0.37814207650273224	0.7530081483194841	0.41243429741207555
1	1000	iMF (full)	1.0	0.26539290267177984	0.126775956284153	0.29090662848174353	0.1439650103533041
1	2	Normalized kNN (test)	0.7524590163934426	0.6414690926810621	0.37103825136612023	0.7391477548911157	0.41311889195783524
5	1000	Normalized kNN (test)	1.0	0.026658454116193955	0.025136612021857928	0.02609027884546698	0.01982083928498249
5	1	iMF (full)	0.687431693989071	0.7138246293204741	0.3530054644808743	0.7346863546821341	0.393891017325302
3	2000	iMF (full)	1.0	0.2262770214211935	0.1092896174863388	0.2604518701919055	0.12717698671209973
3	20	iMF (full)	1.0	0.6018894872985174	0.3109289617486339	0.613805537266643	0.3406591787214777
3	20	Popularity	1.0	0.5437970254881868	0.3081967213114754	0.6309715186892944	0.3420388347975908
3	20	kNN (test)	1.0	0.6450668621999468	0.346448087431694	0.6673569488894143	0.3719412030638108
3	20	Normalized kNN (test)	1.0	0.49380348736370006	0.3087431693989071	0.5940595336304112	0.3293166380907566
1	2	iMF (full)	0.7524590163934426	0.7214257772890049	0.373224043715847	0.7375250057903666	0.4134627412822199
2	0	iMF (full)	0.6267759562841531	0.717610734056685	0.3808743169398907	0.7151386803986038	0.41784074532854065
5	2000	iMF (full)	1.0	0.22375656330144425	0.10874316939890712	0.27207888804773483	0.12892449464465586
5	50	iMF (full)	1.0	0.5155396943611863	0.2568306010928962	0.535462977620233	0.2828634500148972
4	100	iMF (full)	1.0	0.4578525631861195	0.23114754098360657	0.48643183184818684	0.2572928923327258
5	0	iMF (full)	0.6224043715846995	0.7251411936676796	0.3601092896174864	0.7387612187272692	0.39857778506071206
2	1000	iMF (full)	1.0	0.27385792385726027	0.14153005464480875	0.3014378712722056	0.16080545794341408
2	2	iMF (full)	0.7513661202185792	0.7076487397574021	0.3770491803278688	0.711965235962073	0.4155089320388486
5	10681	iMF (full)	1.0	0.14783502900774334	0.073224043715847	0.19710805473895965	0.08899205746667806
2	10681	iMF (full)	1.0	0.1594312945506393	0.07103825136612021	0.1823950583424653	0.08457224750115376
2	500	Random	1.0	0.01680003880714821	0.01584699453551913	0.016624881539922937	0.013539544810513211
2	500	Average Rating	1.0	0.03324902483569935	0.029508196721311476	0.03241567601000769	0.024182226840984287
2	500	iMF (test)	1.0	0.15653237607271825	0.09508196721311477	0.18109631719014194	0.0990350068948252
2	500	kNN (full)	1.0	0.2844845602259953	0.16612021857923498	0.3127840091481224	0.17638325792888965
2	500	Popularity	1.0	0.22795006895975942	0.13278688524590165	0.2449549541374156	0.13825889914469744
2	500	Normalized kNN (full)	1.0	0.27167261847771174	0.14808743169398908	0.290251090378406	0.15922533994803265
2	500	kNN (test)	1.0	0.2745658909115707	0.16174863387978142	0.3040658204694152	0.1709867476953587
2	500	Normalized kNN (test)	1.0	0.08525581658079467	0.05792349726775956	0.08039894116137139	0.053821704362977965
1	20	Average Rating	1.0	0.43015998412219725	0.3016393442622951	0.5954728885210138	0.330048417450049
1	20	iMF (test)	1.0	0.5794836565037812	0.32404371584699454	0.6372379301348832	0.35570351545324874
1	20	Normalized kNN (full)	1.0	0.5442537620602116	0.29890710382513663	0.5407634208781537	0.3168109266127561
1	20	Random	1.0	0.25223409009020703	0.1628415300546448	0.30322628199551854	0.16729550223980905
2	200	Average Rating	1.0	0.0613051321042983	0.048087431693989074	0.05955919048656956	0.04171005358018854
2	200	iMF (test)	1.0	0.21737927614573832	0.12513661202185794	0.2708852703246787	0.13997015899730253
2	200	Normalized kNN (full)	1.0	0.34965682760645783	0.19398907103825136	0.35761201226377215	0.20420570079690625
2	200	Random	1.0	0.03280521414960435	0.02841530054644809	0.030272737749889245	0.023354670411090562
2	500	iMF (full)	1.0	0.31681386629031155	0.1562841530054645	0.3280762728803376	0.17770565715203646
1	20	kNN (full)	1.0	0.6267131779218905	0.33770491803278685	0.6525150522751878	0.36858263386513407
1	20	iMF (full)	1.0	0.617019584480083	0.31803278688524594	0.6239814820353312	0.3495998375395874
1	20	Popularity	1.0	0.5342752532629443	0.2972677595628415	0.6108987118914444	0.3334316651144402
1	20	kNN (test)	1.0	0.6194279905314838	0.3366120218579235	0.6512636624992079	0.3678171758865613
1	20	Normalized kNN (test)	1.0	0.5173427300277789	0.30710382513661205	0.5978942850345342	0.3330992467269073
2	200	kNN (full)	1.0	0.37239197270760355	0.21092896174863388	0.38556868279460094	0.22266984179805682
2	200	Popularity	1.0	0.3091141243098525	0.18524590163934426	0.3395822594520609	0.19502021719057874
2	200	kNN (test)	1.0	0.36413900478473477	0.20437158469945355	0.37734767120411544	0.2164984513364051
2	200	Normalized kNN (test)	1.0	0.14593257969714749	0.1098360655737705	0.14842050130169826	0.10297790209173527
2	200	iMF (full)	1.0	0.39745648452741844	0.20273224043715848	0.3972518394600808	0.22248415377310315
4	1	Average Rating	0.7071038251366121	0.7378308803797772	0.3879781420765027	0.7665994350430213	0.42770942194184025
4	1	iMF (test)	0.7071038251366121	0.7434256981845595	0.3819672131147541	0.7626438322934295	0.42304944173498904
4	1	Normalized kNN (full)	0.7071038251366121	0.7449348153617602	0.380327868852459	0.7557077483512981	0.42054319921641503
4	1	Random	0.7071038251366121	0.6271936313109131	0.34207650273224044	0.7326101177743373	0.3925685085807101
4	0	Average Rating	0.6442622950819672	0.7721333160753358	0.3945355191256831	0.776729610207709	0.43508531085257335
4	0	iMF (test)	0.6442622950819672	0.754713940380769	0.38633879781420766	0.7641684581410993	0.4260583295546697
4	0	Normalized kNN (full)	0.6442622950819672	0.759207626630072	0.3846994535519126	0.761583652482544	0.42546232006768353
4	0	Random	0.6442622950819672	0.6926386826269479	0.3584699453551912	0.7508284668630769	0.40712748138673704
4	1	kNN (full)	0.7071038251366121	0.753006918944497	0.3879781420765027	0.7636443831172758	0.4264515920699671
4	1	iMF (full)	0.7071038251366121	0.7204503588325931	0.37103825136612023	0.75797905882328	0.41669573672033877
4	1	Popularity	0.7071038251366121	0.7334717678767917	0.3743169398907104	0.758963957637211	0.4180308187329374
4	1	kNN (test)	0.7071038251366121	0.7476197169139097	0.3868852459016393	0.7629607268637992	0.4253885000458825
4	1	Normalized kNN (test)	0.7071038251366121	0.7166404872004877	0.38633879781420766	0.7644653745182866	0.4249740625290645
1	10	Average Rating	0.9994535519125683	0.5278902582120468	0.33934426229508197	0.6909481867184862	0.37846202118340094
1	10	iMF (test)	0.9994535519125683	0.6528299085698921	0.35464480874316945	0.6985671057145477	0.39003204315795503
1	10	Normalized kNN (full)	0.9994535519125683	0.6219700405344288	0.3360655737704918	0.655346159733997	0.36521210530627607
1	10	Random	0.9994535519125683	0.3699883972826433	0.23989071038251367	0.4930921685423924	0.2648039934667595
4	0	iMF (full)	0.6442622950819672	0.7233515557123004	0.37103825136612023	0.7562901625024917	0.415681688329243
4	0	Popularity	0.6442622950819672	0.7383868992683673	0.3765027322404372	0.7619889381212078	0.42056662358311064
4	0	kNN (test)	0.6442622950819672	0.7605794376511538	0.3907103825136612	0.7678830965402674	0.42968188646381844
4	0	Normalized kNN (test)	0.6442622950819672	0.7688150569519445	0.39836065573770496	0.7800627698801849	0.43732549462373177
4	0	kNN (full)	0.6442622950819672	0.7628063347107559	0.39234972677595625	0.7694774996061301	0.4314280385971926
1	10	kNN (full)	0.9994535519125683	0.6846076142174866	0.36284153005464487	0.7079938713713736	0.39920961987748793
1	10	Popularity	0.9994535519125683	0.6013757732626324	0.3360655737704918	0.6935668073744907	0.3797340085890827
1	10	kNN (test)	0.9994535519125683	0.6776359591313673	0.3601092896174864	0.7082172211848874	0.3966504601318591
1	10	Normalized kNN (test)	0.9994535519125683	0.6008096213079331	0.3469945355191257	0.6888967638347078	0.3824418457488904
1	10	iMF (full)	0.9994535519125683	0.6590563735861619	0.34262295081967215	0.6810075292774478	0.3802844566228554
4	2	Average Rating	0.7633879781420765	0.5688107977727166	0.3655737704918033	0.7424777522210518	0.40704496642870774
4	2	iMF (test)	0.7633879781420765	0.735156712597624	0.3770491803278688	0.7618450516026805	0.41901506130237276
4	2	Normalized kNN (full)	0.7633879781420765	0.7174502934128044	0.36885245901639346	0.740369705755985	0.40816528323567597
4	2	Random	0.7633879781420765	0.5934203628288351	0.3448087431693989	0.7325638920268174	0.3916858460136553
4	2	kNN (full)	0.7633879781420765	0.7384913067592543	0.3808743169398907	0.7525899851776321	0.41833380664399195
4	10	Average Rating	1.0	0.5364643123055678	0.34918032786885245	0.7063748046668024	0.3861358731972948
4	10	iMF (test)	1.0	0.6596390936195615	0.3513661202185792	0.7075213442841483	0.38824424584144457
4	2	Popularity	0.7633879781420765	0.7204059895693158	0.36885245901639346	0.7500040802347107	0.41171341312718684
4	2	kNN (test)	0.7633879781420765	0.7337365614229087	0.380327868852459	0.7525893890334452	0.4178778791614982
4	10	Normalized kNN (full)	1.0	0.6419799057706566	0.33114754098360655	0.6505238202431959	0.35903771414539587
4	10	Random	1.0	0.3748922834634507	0.24098360655737705	0.5240322739951674	0.26824587506130065
4	2	Normalized kNN (test)	0.7633879781420765	0.6333635471772643	0.3672131147540984	0.742473579915887	0.40711503021524614
4	10	kNN (full)	1.0	0.6795507729388226	0.359016393442623	0.7128690302719337	0.39357634942419895
4	10	Popularity	1.0	0.5986925876420578	0.3366120218579235	0.6964496654416882	0.3767181977524641
4	10	kNN (test)	1.0	0.6733217527280032	0.3584699453551912	0.7188127326949961	0.3936906961166216
4	10	Normalized kNN (test)	1.0	0.5963395358500162	0.3453551912568306	0.6963355800893626	0.3787871331249779
4	20	Average Rating	1.0	0.41231412222666075	0.29617486338797816	0.5898425896124353	0.32118873712050483
4	20	Random	1.0	0.25846765611619327	0.16885245901639345	0.3276009338375271	0.17881070653884718
4	20	kNN (full)	1.0	0.6283702997583105	0.33060109289617484	0.657076474004367	0.35957815921706743
4	20	iMF (test)	1.0	0.5992878320725673	0.33005464480874314	0.6661971448292593	0.3623539016370218
4	20	Normalized kNN (full)	1.0	0.5664258690736108	0.292896174863388	0.5491648821960463	0.30965501035259746
4	20	Popularity	1.0	0.5399972066871009	0.29890710382513663	0.63145241599345	0.3334157957131692
4	20	kNN (test)	1.0	0.6179345265473513	0.32786885245901637	0.6509619641779858	0.3570995697926881
5	20	Average Rating	1.0	0.4680336944583269	0.30327868852459017	0.598271220607474	0.32475821048794395
4	20	Normalized kNN (test)	1.0	0.49305788299003006	0.3016393442622951	0.6091789504247498	0.32875847586268325
5	20	iMF (test)	1.0	0.6040871558069858	0.31311475409836065	0.6486248805988918	0.3455077372399806
5	20	Normalized kNN (full)	1.0	0.5909890220804641	0.3043715846994536	0.5555230611538059	0.31720675285372285
5	20	Random	1.0	0.24189294776583253	0.16393442622950818	0.3102209666198367	0.16929091521338732
5	20	kNN (full)	1.0	0.6678368985541137	0.3475409836065574	0.6670528104013798	0.37232634339313075
5	20	Popularity	1.0	0.5578991382361546	0.30218579234972676	0.6263614263179403	0.3312298862748262
5	20	kNN (test)	1.0	0.6632056760728162	0.3437158469945355	0.6691081318842528	0.3697810356205213
5	20	Normalized kNN (test)	1.0	0.5419465759844457	0.312568306010929	0.6171747430616585	0.3366904975925551
5	2	Average Rating	0.7491803278688525	0.5651530100830651	0.35956284153005463	0.7385129804135133	0.39778981182741435
5	2	iMF (test)	0.7491803278688525	0.7182042230403202	0.3693989071038251	0.7489465050896094	0.4078996833200907
5	2	Normalized kNN (full)	0.7491803278688525	0.7337298129065659	0.3704918032786885	0.7440064133008396	0.4055688788313864
5	2	Random	0.7491803278688525	0.6033682783897962	0.326775956284153	0.7097231322716442	0.3721188783162662
4	2	iMF (full)	0.7633879781420765	0.7006947641307926	0.3622950819672131	0.7499584026329494	0.4087079782336636
5	2	kNN (full)	0.7491803278688525	0.7500297195376158	0.3797814207650273	0.7514042791887474	0.41264019649006106
5	2	Popularity	0.7491803278688525	0.71864535522055	0.36065573770491804	0.7364091321332689	0.3976889504115236
5	2	kNN (test)	0.7491803278688525	0.7463465040145684	0.37540983606557377	0.7470956779539167	0.40850769071058624
5	2	Normalized kNN (test)	0.7491803278688525	0.6376415993875514	0.36065573770491804	0.7367540219989769	0.39746756040358905
5	10	Popularity	0.9994535519125683	0.5998483763036643	0.3295081967213115	0.6864303135870002	0.36500068702501953
5	10	Random	0.9994535519125683	0.385726512912835	0.23442622950819672	0.5099395826408868	0.2613830416387363
5	10	kNN (full)	0.9994535519125683	0.6939459317358491	0.3612021857923497	0.7239354541692694	0.3927900493004239
5	10	Average Rating	0.9994535519125683	0.5166897753386511	0.333879781420765	0.6869730214749349	0.36622236533427094
5	10	kNN (test)	0.9994535519125683	0.6852484432089624	0.3562841530054645	0.7153038808194322	0.3877773457449862
5	10	Normalized kNN (full)	0.9994535519125683	0.6329592571423166	0.3273224043715847	0.6385831704434234	0.3496826709853787
5	10	Normalized kNN (test)	0.9994535519125683	0.5763119165508301	0.3327868852459016	0.6893189012713905	0.3664730342458728
5	10	iMF (test)	0.9994535519125683	0.6505815290461552	0.3442622950819672	0.7047987437276363	0.381336697773067
4	10	iMF (full)	1.0	0.6480525619065766	0.333879781420765	0.6779594785438445	0.37259399968526796
5	20	iMF (full)	1.0	0.6023551363709508	0.30218579234972676	0.6149009978260356	0.3332251782410077
4	20	iMF (full)	1.0	0.6200996866194173	0.3202185792349727	0.663770120950888	0.3572463453395393
5	2	iMF (full)	0.7491803278688525	0.710973545692312	0.3502732240437158	0.7307089559483951	0.39098188497038017
5	10	iMF (full)	0.9994535519125683	0.6294607581965617	0.31803278688524594	0.6652506255181908	0.35325657622793954
