fold	target size	recommender system	Coverage@10	nDCG@10	P@10	Recall@10	FScore@10
2	100	Average Rating	1.0	0.17958077021739932	0.1630965005302227	0.13527343503808426	0.1241379287636826
2	100	iMF (test)	1.0	0.39616393413437756	0.29756097560975614	0.34931468511451363	0.264569068655458
2	100	Normalized kNN (full)	0.8833510074231177	0.417360544694337	0.30180275715800636	0.3593199640646841	0.27104247952617655
2	100	Random	1.0	0.12055491748507263	0.10837751855779428	0.09644533097841422	0.08381741209593639
2	100	iMF (full)	1.0	0.5494190603071983	0.3928950159066808	0.4572502323904243	0.34931556242021705
2	100	Popularity	1.0	0.3038292323403822	0.2388123011664899	0.24506149637012045	0.1998006692410769
2	100	kNN (test)	1.0	0.5040278178949571	0.355355249204666	0.4221695837964513	0.31851236419037765
2	100	Normalized kNN (test)	1.0	0.21717432286044167	0.1968186638388123	0.1618277924338048	0.1504640881913063
2	100	kNN (full)	1.0	0.5056090718580375	0.3555673382820785	0.4233605798676491	0.31902218944615807
2	200	Average Rating	1.0	0.1265468446292157	0.11580063626723223	0.09900525216429179	0.08858781054833742
2	200	iMF (test)	1.0	0.2503318286842912	0.19575821845174973	0.21537767614081763	0.16833684682503594
2	200	Normalized kNN (full)	0.9490986214209968	0.33516989886179516	0.247507953340403	0.304515630835723	0.22437187896566224
2	200	Random	1.0	0.08189108124183048	0.0711558854718982	0.057454387481060826	0.0527642892223192
2	200	iMF (full)	1.0	0.4675512215889225	0.340084835630965	0.38777294042034927	0.29868205386135044
2	200	Popularity	1.0	0.23021682502616836	0.18589607635206787	0.18674093803038394	0.1539725810368832
2	200	kNN (test)	1.0	0.42709821184991076	0.3056203605514316	0.3547580035742745	0.2693992924994943
2	200	Normalized kNN (test)	1.0	0.15724795386974968	0.1383881230116649	0.11270100284396208	0.105141534089999
2	200	kNN (full)	1.0	0.43073226211082594	0.3080593849416755	0.3594135909798969	0.2724671129024986
2	50	Average Rating	1.0	0.2642193654626946	0.23987274655355248	0.22258672978579078	0.19426344135363174
2	50	iMF (test)	1.0	0.5225789183475077	0.37857900318133614	0.4656066155658568	0.3461247403155341
2	50	Normalized kNN (full)	0.833934252386002	0.5006749171046047	0.3611876988335101	0.4111732403890398	0.3203879929037874
2	50	Random	1.0	0.18589754530318112	0.16129374337221633	0.1532438654040607	0.12919596804021644
2	50	iMF (full)	1.0	0.6267545908124639	0.4501590668080594	0.5339948058085385	0.4067854943371209
2	50	Popularity	1.0	0.3860506943119484	0.3012725344644751	0.31946561921388555	0.2567579101031227
2	50	kNN (test)	0.9992576882290561	0.595283709232928	0.4246023329798515	0.505265628263254	0.3835069793424663
2	50	Normalized kNN (test)	1.0	0.27603269870190683	0.24125132555673381	0.21547162658089558	0.19183218583971168
2	50	kNN (full)	0.9986214209968187	0.5962996605251175	0.42407211028632025	0.504963262436824	0.38302711528905853
2	1000	Average Rating	1.0	0.0333149936208946	0.03913043478260869	0.027878805767031403	0.027370765151468676
2	1000	iMF (test)	1.0	0.1363886109691873	0.11007423117709438	0.1154813706607177	0.09215747902176824
2	1000	Normalized kNN (full)	0.9992576882290561	0.19821600968259057	0.15312831389183457	0.19133488644304	0.13859678810588213
2	1000	Random	1.0	0.015186623096127358	0.014316012725344645	0.01013844874273805	0.010217379604224669
2	1000	iMF (full)	1.0	0.36304643908197043	0.2635206786850477	0.28529854748767647	0.22559323320797803
2	1000	Popularity	1.0	0.1686725357829988	0.1327677624602333	0.1341618959562793	0.10940121451682151
2	1000	kNN (test)	1.0	0.3315404054033011	0.23806998939554613	0.2602525495395117	0.2033168549401317
2	1000	Normalized kNN (test)	1.0	0.058059998679472556	0.06002120890774125	0.04720392741903234	0.04413050010129826
2	1000	kNN (full)	1.0	0.33116660737591536	0.2388123011664899	0.2588482059254864	0.2037221480922144
2	1682	Average Rating	1.0	0.02163031588287297	0.025980911983032873	0.01908233082132865	0.01883300253671554
2	1682	iMF (test)	1.0	0.130032721321377	0.10657476139978792	0.10279338194081633	0.08685301830817574
2	1682	Normalized kNN (full)	0.9994697773064687	0.18863420635721004	0.14750795334040295	0.17925119413398155	0.13228535362478436
2	1682	Random	1.0	0.007362052925280454	0.006998939554612938	0.005325650185350445	0.0049910146345528575
2	1682	iMF (full)	1.0	0.3604248509360958	0.2597030752916225	0.2841705830045303	0.22266138888629317
2	1682	Popularity	1.0	0.16599244579065928	0.1310710498409332	0.13162110613489597	0.10764130518842448
2	1682	kNN (test)	1.0	0.3269718420341126	0.23520678685047722	0.2550343126678942	0.20014884970280206
2	1682	Normalized kNN (test)	1.0	0.04582690819599938	0.05153764581124072	0.03926629531572492	0.03724969241058931
2	1682	kNN (full)	1.0	0.3259793608694976	0.23584305408271475	0.25214759535881254	0.20030014645052938
2	500	Average Rating	1.0	0.06595000847927562	0.07401908801696712	0.05176031693551849	0.05229259363922615
2	500	iMF (test)	1.0	0.18162472929828313	0.14655355249204668	0.14835026326575107	0.12006498970501506
2	500	Normalized kNN (full)	0.9976670201484623	0.22790852111459683	0.17550371155885472	0.21970997968005454	0.1591304497077701
2	500	Random	1.0	0.03172788517312169	0.02831389183457052	0.021197216522431943	0.020210960030121707
2	500	iMF (full)	1.0	0.3919468793736171	0.2841993637327678	0.31458330077268903	0.24552291529076423
2	500	Popularity	1.0	0.18151495720278998	0.14559915164369036	0.14514265050724312	0.11934517651763815
2	500	kNN (test)	1.0	0.3476754906112746	0.25196182396606576	0.2744602213835618	0.21534203238441105
2	500	Normalized kNN (test)	1.0	0.10199256236539453	0.09310710498409332	0.07540530482217603	0.06987396124579599
2	500	kNN (full)	1.0	0.3491279023797011	0.25376458112407213	0.27744113016556304	0.2172867340160259
2	5	Average Rating	0.9763520678685048	0.6950318559502849	0.5180275715800636	0.6338976757506152	0.4773628725206913
2	5	iMF (test)	0.9763520678685048	0.7860900056731505	0.5598091198303287	0.6881239447327501	0.5204582446099576
2	5	Normalized kNN (full)	0.6847295864262991	0.6438628256859892	0.45323435843054083	0.48020653987696243	0.39312718902760174
2	5	Random	0.9763520678685048	0.5324985992071956	0.4118769883351007	0.5570262885808384	0.3951555821809081
2	5	iMF (full)	0.9763520678685048	0.7774593614692742	0.5509013785790032	0.6801657448279905	0.5129727601393138
2	5	Popularity	0.9763520678685048	0.6625000533610261	0.48197242841993637	0.609276089013368	0.45077176543038233
2	5	kNN (test)	0.9002120890774125	0.7647852460700715	0.5398727465535526	0.6672747892478931	0.5020594799981523
2	5	Normalized kNN (test)	0.9761399787910923	0.691141484161406	0.5208907741251325	0.6366598050110807	0.47960009226965394
2	5	kNN (full)	0.8927889713679745	0.764167893970874	0.5393425238600212	0.6647861279145904	0.5012064790285661
2	20	Average Rating	1.0	0.5313237348601632	0.41378579003181337	0.45001383998175376	0.3590523014576852
2	20	iMF (test)	1.0	0.6820331223240509	0.491728525980912	0.5971540802468455	0.4510733546536152
2	20	Normalized kNN (full)	0.7655355249204666	0.5920634572748059	0.4251325556733828	0.46062725566188695	0.3713639933380312
2	20	Random	1.0	0.3229245441089144	0.26150583244962883	0.2928988266987212	0.2294039495275618
2	20	iMF (full)	1.0	0.6975382954933718	0.5027571580063627	0.6060831700989812	0.4600921222121473
2	20	Popularity	1.0	0.4582992831418264	0.34337221633085896	0.37519276868769946	0.29776988770834434
2	20	kNN (test)	0.9830328738069989	0.6693403066835084	0.48016967126193	0.5831331959675765	0.4398629553423147
2	20	Normalized kNN (test)	1.0	0.4904503905492269	0.3954400848356309	0.42745659591429913	0.3419067122533986
2	20	kNN (full)	0.9776246023329799	0.6720443286065756	0.4809119830328738	0.584115096935003	0.4408326517822647
2	10	Average Rating	1.0	0.6114917322208986	0.46415694591728524	0.5437111723981498	0.4175546840077046
2	10	iMF (test)	1.0	0.7518833876472635	0.5332979851537646	0.6567070650721903	0.49458390782045286
2	10	Normalized kNN (full)	0.7081654294803817	0.6250751095932575	0.44146341463414634	0.4721460778265012	0.3840570803885836
2	10	Random	1.0	0.417292167930516	0.3364793213149523	0.42782416049268585	0.31282358139117794
2	10	iMF (full)	1.0	0.7545961835673507	0.5364793213149522	0.6575737415609233	0.4965665446194678
2	10	Popularity	1.0	0.5799598140126364	0.4306468716861082	0.5204110368468957	0.3910059744049449
2	10	kNN (test)	0.9416755037115588	0.7328391509903834	0.5196182396606575	0.6429327064864274	0.4817098978258994
2	10	Normalized kNN (test)	1.0	0.5680965850394858	0.452492046659597	0.5282613988787871	0.40612110567460363
2	10	kNN (full)	0.9330858960763521	0.7307006788105	0.5167550371155886	0.637543332415266	0.4786798350539376
2	1	Average Rating	0.8742311770943796	0.7950072406421541	0.5638388123011665	0.6964164003479749	0.5258904618787047
2	1	iMF (test)	0.8742311770943796	0.8136230640085529	0.5755037115588547	0.7069589895403421	0.5364944368781753
2	1	Normalized kNN (full)	0.6693531283138919	0.6546041455598206	0.46171792152704133	0.48563773063983384	0.39943355637110717
2	1	Random	0.8742311770943796	0.6376067016227701	0.46892895015906677	0.6307989817698536	0.4550852709951015
2	1	iMF (full)	0.8742311770943796	0.799424291310555	0.5646871686108166	0.695389876489021	0.5257973827437048
2	1	Popularity	0.8742311770943796	0.7345114049074197	0.5270413573700954	0.6705091404064198	0.49824896640679966
2	1	kNN (test)	0.8465535524920466	0.7912290197463077	0.5600212089077413	0.6876649733015013	0.5210546231973786
2	1	Normalized kNN (test)	0.8734888653234358	0.7909771440213085	0.5659597030752916	0.6968272117106354	0.5269875231991732
2	1	kNN (full)	0.8430540827147401	0.7899795110059074	0.5591728525980911	0.6855946402421434	0.5199263948643844
2	2	Average Rating	0.907847295864263	0.7874093012653872	0.5591728525980911	0.6890269475714597	0.5204545349326938
2	2	iMF (test)	0.907847295864263	0.812689682874809	0.5728525980911984	0.7046325144931326	0.5339335597841107
2	2	Normalized kNN (full)	0.6699893955461294	0.6536074919741077	0.46055143160127254	0.48497515258759116	0.3986556980351956
2	2	Random	0.907847295864263	0.6144552539483847	0.4553552492046659	0.6124142375719475	0.4411214602155437
2	2	iMF (full)	0.907847295864263	0.7971100839326536	0.5640509013785789	0.6953157711028722	0.5255377466899015
2	2	Popularity	0.907847295864263	0.730191294888836	0.5244962884411453	0.6665337326399198	0.49520721123890077
2	2	kNN (test)	0.8591728525980913	0.7902438751943072	0.5591728525980911	0.686541406165209	0.5200942215486724
2	2	Normalized kNN (test)	0.9071049840933192	0.7814851980280211	0.5616118769883351	0.6907224204255684	0.5220903191217788
2	2	kNN (full)	0.8550371155885471	0.7890163070214473	0.5583244962884412	0.6845299867384657	0.5189869230588439
2	0	Average Rating	0.836797454931071	0.8133026551801829	0.5717921527041357	0.7061480452201289	0.5344464926303985
2	0	iMF (test)	0.8369034994697774	0.8170167903053059	0.5792152704135738	0.7107847782564667	0.5394183744406348
2	0	Normalized kNN (full)	0.6685047720042417	0.6569641326285043	0.46415694591728524	0.48704183481953855	0.40112233464017716
2	0	Random	0.8369034994697774	0.6816889065421416	0.48525980911983035	0.6477497082414128	0.470429312831864
2	0	iMF (full)	0.8369034994697774	0.7991081990216243	0.5654294803817604	0.6984041147998418	0.52786850015232
2	0	Popularity	0.836797454931071	0.7426297439044607	0.531813361611877	0.6773371656861948	0.5036856037887627
2	0	kNN (test)	0.8317073170731707	0.7937961849533413	0.5619300106044538	0.6898947630710578	0.5230420064879427
2	0	Normalized kNN (test)	0.8358430540827148	0.8155158764309423	0.5749734888653235	0.708361896676485	0.5367778869699814
2	0	kNN (full)	0.8299045599151644	0.792325294422744	0.5608695652173913	0.6875954702122206	0.5216728406793277
1	100	Average Rating	1.0	0.19946394268579018	0.16150583244962885	0.13434554021760758	0.1238283664916047
1	100	iMF (test)	1.0	0.42478830842840204	0.30286320254506893	0.37704808005236823	0.2730868703309202
1	100	Normalized kNN (full)	0.8864262990455991	0.4088043054400251	0.295864262990456	0.35202012250601183	0.2656472172505282
1	100	Random	1.0	0.12151589424590184	0.1102863202545069	0.0880456390390735	0.08241513922866557
1	100	iMF (full)	1.0	0.5484259558280519	0.3906680805938494	0.46331334053824696	0.34918038178191696
1	100	Popularity	1.0	0.3182185921719596	0.24570519618239658	0.2599953250594622	0.20662526197234288
1	100	kNN (test)	1.0	0.5051229288272373	0.35365853658536583	0.4338240066469971	0.31825833773234796
1	100	Normalized kNN (test)	1.0	0.22201390377702734	0.18918345705196182	0.15672954892156282	0.14463964365793724
1	100	kNN (full)	1.0	0.507691663201171	0.3555673382820785	0.4347445887637959	0.32015682753946795
1	200	Average Rating	1.0	0.13474531475980014	0.1102863202545069	0.08872884976579871	0.08275003210283155
1	200	iMF (test)	1.0	0.2841616464457136	0.2138918345705196	0.2507175563256592	0.18735486292609235
1	200	Normalized kNN (full)	0.9436903499469778	0.3284274949451803	0.24103923647932132	0.29464800416063286	0.21793012543934723
1	200	Random	1.0	0.06844789321135726	0.061399787910922585	0.04518117427570592	0.044417380444711496
1	200	iMF (full)	1.0	0.47743319699726955	0.34316012725344647	0.39737998740060165	0.30232041970358847
1	200	Popularity	1.0	0.24871017780063362	0.19968186638388125	0.20686755259166584	0.1652430461794156
1	200	kNN (test)	1.0	0.4355285465733578	0.3056203605514316	0.36804970113799845	0.2710906548517526
1	200	Normalized kNN (test)	1.0	0.1441666155758562	0.1247083775185578	0.10086046313998216	0.09421751931433374
1	200	kNN (full)	1.0	0.43866800379174586	0.30774125132555674	0.37124112002533255	0.2732483065831
1	50	Average Rating	1.0	0.2660243611661915	0.2261930010604454	0.20227589260547313	0.18019592139406893
1	50	iMF (test)	1.0	0.5379229336476666	0.37985153764581125	0.4723126403626632	0.3469269387574537
1	50	Normalized kNN (full)	0.8371155885471898	0.49496511407564286	0.35461293743372213	0.40755141787837607	0.31586278137336155
1	50	Random	1.0	0.20185264039285014	0.167762460233298	0.16611828713262372	0.1367202853608906
1	50	iMF (full)	1.0	0.6261990958199362	0.44443266171792156	0.5379696938816722	0.4024578074509171
1	50	Popularity	1.0	0.3946927734855696	0.30010604453870626	0.3202589694734238	0.25635163943181777
1	50	kNN (test)	0.9994697773064687	0.5964931733284674	0.41707317073170735	0.5133532830449913	0.3801246351417031
1	50	Normalized kNN (test)	1.0	0.29437492290161665	0.24729586426299044	0.22559055078519197	0.197769634758354
1	50	kNN (full)	0.9988335100742312	0.5966226125267242	0.4180275715800636	0.5134810624327727	0.3809216054452122
1	1000	Average Rating	1.0	0.03291339658555149	0.035737009544008484	0.02259141776491831	0.024136515816178202
1	1000	iMF (test)	1.0	0.15243653516864253	0.11558854718981973	0.1320458216216284	0.09967865685423087
1	1000	Normalized kNN (full)	0.999575821845175	0.1979311266110655	0.15005302226935313	0.1895763848164894	0.1363664708408042
1	1000	Random	1.0	0.016768037657803672	0.014103923647932132	0.013904773616290854	0.010929686024827221
1	1000	iMF (full)	1.0	0.37255438718773093	0.2675503711558855	0.30089663054457316	0.23072230152790785
1	1000	Popularity	1.0	0.17791412476310414	0.1395546129374337	0.14568120763595513	0.11538853158884287
1	1000	kNN (test)	1.0	0.3354418447836519	0.24040296924708376	0.27060697380994575	0.20544456690412188
1	1000	Normalized kNN (test)	1.0	0.0576862931193289	0.05567338282078473	0.042914263712167944	0.041037134447668065
1	1000	kNN (full)	1.0	0.3364897729498214	0.24241781548250266	0.27230905289076146	0.20708668246945686
1	1682	Average Rating	1.0	0.01876229692439704	0.022163308589607637	0.015718491772926283	0.015972156087149584
1	1682	iMF (test)	1.0	0.1356967528190443	0.10869565217391304	0.12129313203143223	0.09266816078583764
1	1682	Normalized kNN (full)	0.9998939554612937	0.19064809201095007	0.14549310710498412	0.18203813326297166	0.13142391383554702
1	1682	Random	1.0	0.009228779601142835	0.007635206786850477	0.005609731954537596	0.005608040436856426
1	1682	iMF (full)	1.0	0.3689220044369876	0.2638388123011665	0.29595827997846713	0.2280000532514267
1	1682	Popularity	1.0	0.17379069834055935	0.13584305408271474	0.1414834072128964	0.11216075264519923
1	1682	kNN (test)	1.0	0.32901311809268197	0.23679745493107107	0.2627868663624222	0.20100456825645951
1	1682	Normalized kNN (test)	1.0	0.04248042986338403	0.04581124072110287	0.034331917685873764	0.0335729962333301
1	1682	kNN (full)	1.0	0.32999764131133874	0.2388123011664899	0.26479221800404884	0.2030879902947577
1	500	Average Rating	1.0	0.07288747218579172	0.0689289501590668	0.05118728896269502	0.048925468577233705
1	500	iMF (test)	1.0	0.19005828737003075	0.1460233297985154	0.16707546559903752	0.12485490231458493
1	500	Normalized kNN (full)	0.996712619300106	0.230718223342986	0.17168610816542948	0.21762327069759524	0.1566636344675584
1	500	Random	1.0	0.029821068625755617	0.026511134676564158	0.02382411685940115	0.020621547928081418
1	500	iMF (full)	1.0	0.40042035807617804	0.28515376458112407	0.3204843257023918	0.24722402105000213
1	500	Popularity	1.0	0.1979915552759159	0.15927889713679746	0.16488976211091408	0.13128639501927988
1	500	kNN (test)	1.0	0.36274648540209914	0.25896076352067865	0.2973574079672219	0.22379564808112182
1	500	Normalized kNN (test)	1.0	0.09821703770965504	0.08780487804878048	0.06621734257230921	0.06418563609841181
1	500	kNN (full)	1.0	0.3639721587294479	0.2606574761399788	0.29756980340611694	0.2248622190674163
1	5	Average Rating	0.9728525980911983	0.6967747750585261	0.5195121951219512	0.6574732660861318	0.48466899607483666
1	5	iMF (test)	0.9728525980911983	0.79259029156765	0.5534464475079534	0.6962819002812575	0.5177727142912936
1	5	Normalized kNN (full)	0.6837751855779427	0.6349127312922975	0.4451749734888653	0.477103122943001	0.38812526108854156
1	5	Random	0.9728525980911983	0.5406580457063204	0.40986214209968186	0.5686906947102818	0.39880919982233964
1	5	iMF (full)	0.9728525980911983	0.78781018449248	0.5539766702014846	0.6972069261751842	0.5177134028646241
1	5	Popularity	0.9728525980911983	0.6746560364076916	0.48282078472958645	0.6237017896928855	0.4537328778227495
1	5	kNN (test)	0.9075291622481442	0.7745441572236546	0.5381760339342524	0.6804576199617459	0.5039827827812061
1	5	Normalized kNN (test)	0.9726405090137858	0.6958940308083235	0.5216330858960764	0.6585254013358115	0.4854999665420535
1	5	kNN (full)	0.9020148462354189	0.7738330038737034	0.5378579003181336	0.6796504124286045	0.5036457990682548
1	20	Average Rating	1.0	0.49552499569508324	0.3868504772004242	0.40557611122488835	0.3309142767160806
1	20	iMF (test)	1.0	0.6927470385994053	0.49427359490986217	0.6216158624386012	0.45878336553158544
1	20	Normalized kNN (full)	0.73966065747614	0.5926698203124874	0.41823966065747614	0.45604482655202316	0.36605671104234083
1	20	Random	1.0	0.3252941368007696	0.26097560975609757	0.2940027636841272	0.22932518751801306
1	20	iMF (full)	1.0	0.718272903823811	0.5075291622481443	0.6340403892108355	0.46963923469744717
1	20	Popularity	1.0	0.503744998502225	0.3712619300106045	0.42663555738058234	0.32918643003751125
1	20	kNN (test)	0.9778366914103924	0.6917197399230597	0.484305408271474	0.6101497142151076	0.44932391446334113
1	20	Normalized kNN (test)	1.0	0.47238708297675974	0.3790031813361612	0.4103795077518636	0.3276086276523359
1	20	kNN (full)	0.9721102863202545	0.6933028249554952	0.48589607635206783	0.6124335015674242	0.45107029326132186
1	10	Average Rating	0.9998939554612937	0.6072004550130778	0.46214209968186637	0.5500378059125176	0.41714434753544616
1	10	iMF (test)	0.9998939554612937	0.7618860361948913	0.5342523860021209	0.6714879723921181	0.4984346873882671
1	10	Normalized kNN (full)	0.7000000000000001	0.6182268043869513	0.43541887592788975	0.46956524483140205	0.3801587438944001
1	10	Random	0.9998939554612937	0.4329054869637705	0.3460233297985154	0.44121625713446094	0.3208583368965534
1	10	iMF (full)	0.9998939554612937	0.7608104841534881	0.5342523860021209	0.6695594937038977	0.4975577092368266
1	10	Popularity	0.9998939554612937	0.6013765907106622	0.44146341463414634	0.5457967093493757	0.40619678234151035
1	10	kNN (test)	0.9446447507953339	0.7412415486966802	0.5172852598091199	0.6554851845021791	0.4831222380016079
1	10	Normalized kNN (test)	0.9998939554612937	0.6008048948561827	0.46468716861081655	0.5507957990941176	0.41866322983839865
1	10	kNN (full)	0.9353128313891834	0.7415133841460867	0.5182396606574762	0.6557666519286529	0.48394122758003755
1	1	Average Rating	0.8696712619300107	0.7967528875446762	0.5597030752916224	0.7059138673778634	0.5253685544692591
1	1	iMF (test)	0.8696712619300107	0.8269953645582612	0.5757158006362673	0.720298453643456	0.5387771043665539
1	1	Normalized kNN (full)	0.6638388123011665	0.6496488527765245	0.4564156945917285	0.48486814064555384	0.3965830554109533
1	1	Random	0.8696712619300107	0.6489035999575911	0.46935312831389187	0.6425896099498118	0.45767913649527997
1	1	iMF (full)	0.8696712619300107	0.8101408331631464	0.5662778366914104	0.7121826663095766	0.5304610440991518
1	1	Popularity	0.8696712619300107	0.7464849373898483	0.5279957582184517	0.6876148780134005	0.5032096747472301
1	1	kNN (test)	0.8395546129374337	0.8033704189916056	0.5605514316012725	0.7051402690780255	0.5257472974970614
1	1	Normalized kNN (test)	0.8688229056203605	0.7881429192786517	0.5659597030752916	0.7113626036792686	0.5305656218947344
1	1	kNN (full)	0.8369034994697774	0.801563953559839	0.5592788971367975	0.7023835102158698	0.5242797192182022
1	2	Average Rating	0.9041357370095441	0.7884970140920076	0.5542948038176034	0.6984239965794031	0.5192272892625341
1	2	iMF (test)	0.9041357370095441	0.825487258087215	0.573170731707317	0.7189996129470869	0.5368901217586256
1	2	Normalized kNN (full)	0.664475079533404	0.6489367867835468	0.45567338282078473	0.4841262536676242	0.39592427206004055
1	2	Random	0.9041357370095441	0.6166961923414757	0.45450689289501595	0.6303320009795268	0.44460368212264567
1	2	iMF (full)	0.9041357370095441	0.8069450470978009	0.5640509013785789	0.7112799056284347	0.5292463168940102
1	2	Popularity	0.9041357370095441	0.7403212808953685	0.5232237539766702	0.6807329888409493	0.49764756973312646
1	2	kNN (test)	0.8514316012725345	0.802191626602384	0.5597030752916224	0.703791567702813	0.5247191686216531
1	2	Normalized kNN (test)	0.9034994697773064	0.7766219347567259	0.5595970307529162	0.7031425746214877	0.5235722810055565
1	2	kNN (full)	0.8481442205726405	0.8003546027123133	0.5584305408271474	0.7009994606610884	0.5232427532979016
1	0	Average Rating	0.8291622481442206	0.8171579743163204	0.5679745493107106	0.7163974541339847	0.5343187238298305
1	0	iMF (test)	0.8291622481442206	0.8290364558955591	0.5784729586426299	0.7223412197688303	0.5415469500766787
1	0	Normalized kNN (full)	0.6629904559915165	0.6518342740182981	0.45874867444326617	0.48615178087351085	0.39816656537494705
1	0	Random	0.8291622481442206	0.6817536961525995	0.4847295864262991	0.658874822275883	0.47298566178817614
1	0	iMF (full)	0.8291622481442206	0.8078874696675803	0.5667020148462354	0.7128319698335341	0.5310530407733987
1	0	Popularity	0.8291622481442206	0.7538816393682164	0.5320254506892895	0.6930823927067901	0.5077706872279952
1	0	kNN (test)	0.823966065747614	0.8053083959982826	0.5621420996818665	0.7071727894032288	0.5275014043973982
1	0	Normalized kNN (test)	0.828101802757158	0.8199389688915525	0.5737009544008483	0.7200778642820067	0.5384605044590197
1	0	kNN (full)	0.8223753976670202	0.8034246306100192	0.5609756097560976	0.7042962723273499	0.5260245466392515
5	100	Average Rating	1.0	0.20088369542871734	0.17465535524920464	0.14839942695651995	0.13460951682607208
5	100	iMF (test)	1.0	0.3917863681333945	0.2890774125132556	0.3563336269392009	0.2626246688140389
5	100	Normalized kNN (full)	0.8973488865323437	0.41261207937479893	0.2956521739130435	0.36373919825868534	0.2685384591200039
5	100	Random	1.0	0.13041340387036976	0.1142099681866384	0.09815237468151296	0.08836524678355633
5	100	iMF (full)	1.0	0.5502358702907135	0.3938494167550371	0.46351194252755396	0.35137468812539635
5	100	Popularity	1.0	0.2954586925377984	0.22969247083775185	0.24766529125288217	0.19650437500279452
5	100	kNN (test)	1.0	0.5050182835258216	0.355779427359491	0.43280168319123274	0.32015007551873575
5	100	Normalized kNN (test)	1.0	0.21494186520666192	0.18812301166489925	0.156995170923747	0.1445875852670369
5	100	kNN (full)	1.0	0.5090773079356476	0.3584305408271474	0.43671655222083816	0.3229168481221042
5	200	Average Rating	1.0	0.13922421852298658	0.11431601272534464	0.0905518290069274	0.08591636169896953
5	200	iMF (test)	1.0	0.2775267772259702	0.21696712619300104	0.24603709390720788	0.18961415074363625
5	200	Normalized kNN (full)	0.9462354188759279	0.33219794194199925	0.24316012725344646	0.3069637233901902	0.22175280091341829
5	200	Random	1.0	0.06855829957571698	0.061399787910922585	0.050047663922257464	0.04568912069733288
5	200	iMF (full)	1.0	0.48142323433479256	0.344644750795334	0.4022055306729314	0.304392276893575
5	200	Popularity	1.0	0.23577613904421998	0.18494167550371157	0.1931501791483729	0.15540312900442163
5	200	kNN (test)	1.0	0.4347174770605843	0.30593849416755037	0.3659371682223873	0.27155339207366397
5	200	Normalized kNN (test)	1.0	0.14213958984902553	0.1320254506892895	0.1070451671411957	0.10010421046845601
5	200	kNN (full)	1.0	0.4349914128302472	0.3047720042417815	0.363816039193288	0.2703640840537579
5	50	Average Rating	1.0	0.2689894442894759	0.23870625662778366	0.21002327216259795	0.189742388942948
5	50	iMF (test)	1.0	0.5135329097231398	0.3706256627783669	0.4593394828652693	0.33965522684692445
5	50	Normalized kNN (full)	0.8379639448568399	0.5031323476982554	0.3586426299045599	0.4216327887611166	0.32194152998743
5	50	Random	1.0	0.20156236199215374	0.1728525980911983	0.16663531303324003	0.1410679829905702
5	50	iMF (full)	1.0	0.6215194021951529	0.4432661717921527	0.5344101075287571	0.4014515207066412
5	50	Popularity	1.0	0.3945830590585675	0.29278897136797455	0.3145668608532375	0.2524089906640712
5	50	kNN (test)	1.0	0.5944340299289377	0.41983032873806997	0.5167984513513684	0.3830759077318051
5	50	Normalized kNN (test)	1.0	0.28632620050377383	0.24994697773064686	0.2232955074261734	0.19898995505831485
5	50	kNN (full)	0.9997879109225875	0.6007199604605099	0.4230116648992577	0.5222076145682345	0.3862671044024366
5	1000	Average Rating	1.0	0.032813813014336515	0.03828207847295864	0.025998812623884277	0.026977724407895604
5	1000	iMF (test)	1.0	0.12997106922160057	0.10774125132555674	0.12051498494018568	0.09378638189689911
5	1000	Normalized kNN (full)	0.99915164369035	0.1879933407016332	0.14665959703075293	0.18252946533558212	0.1329671465494015
5	1000	Random	1.0	0.014645783532408668	0.013255567338282079	0.011010995864983376	0.009828588075283641
5	1000	iMF (full)	1.0	0.37460618054232947	0.2687168610816543	0.29774401653662147	0.23191686955665855
5	1000	Popularity	1.0	0.17722613481598534	0.13287380699893955	0.14102226253127537	0.11228138226639647
5	1000	kNN (test)	1.0	0.3273955510194293	0.23637327677624603	0.2581464942695804	0.20157761212262543
5	1000	Normalized kNN (test)	1.0	0.040583901758901725	0.04538706256627784	0.033830838769756164	0.03328821691806189
5	1000	kNN (full)	1.0	0.3277232677097734	0.2371155885471898	0.258907004581226	0.2024752392052761
5	1682	Average Rating	1.0	0.011611721169427916	0.013255567338282079	0.009569775187376546	0.009739631921311602
5	1682	iMF (test)	1.0	0.11323711481427404	0.09724284199363734	0.09641416615212721	0.07940377717736796
5	1682	Normalized kNN (full)	0.9997879109225875	0.17985171031106917	0.14146341463414636	0.17343489161899128	0.12743441657117668
5	1682	Random	1.0	0.007994351517785008	0.0072110286320254515	0.005677525037544558	0.00505267854529343
5	1682	iMF (full)	1.0	0.3679502668266782	0.26638388123011664	0.29609596088547396	0.22962441602671171
5	1682	Popularity	1.0	0.17371348870942735	0.13054082714740192	0.1385301453424197	0.1102719554426886
5	1682	kNN (test)	1.0	0.3239229516096007	0.2342523860021209	0.2537276098666027	0.19910170920967526
5	1682	Normalized kNN (test)	1.0	0.030226946138844284	0.035206786850477206	0.028096260124748924	0.02663018868660194
5	1682	kNN (full)	1.0	0.3233412367881674	0.23457051961823966	0.2522660462700662	0.19936536549599093
5	500	Average Rating	1.0	0.08269485874540156	0.07179215270413573	0.052396844280867196	0.05200287859135928
5	500	iMF (test)	1.0	0.1740273212858338	0.14093319194061507	0.14693052699290815	0.11914519968487071
5	500	Normalized kNN (full)	0.9970307529162249	0.22545404488038548	0.172322375397667	0.22122242457820282	0.15811843152112062
5	500	Random	1.0	0.03335991042499551	0.03064687168610817	0.023818188591456554	0.021852950531839842
5	500	iMF (full)	1.0	0.4019714771448339	0.28950159066808057	0.32350051943886166	0.2508048388855762
5	500	Popularity	1.0	0.2046720586846385	0.15493107104984094	0.16211480921024882	0.13042192963169094
5	500	kNN (test)	1.0	0.36194812865661774	0.25705196182396606	0.28827832281888205	0.22212204903540805
5	500	Normalized kNN (test)	1.0	0.0853242855901231	0.08515376458112407	0.06432716707872896	0.06250654139298106
5	500	kNN (full)	1.0	0.3620184410566606	0.25694591728525984	0.2869695868698011	0.22200933880899498
5	5	Average Rating	0.9785790031813361	0.6876926573483376	0.5114528101802758	0.6391301063524425	0.474287418662029
5	5	iMF (test)	0.9785790031813361	0.7903705793213484	0.5567338282078473	0.6965813081048268	0.5209574814531474
5	5	Normalized kNN (full)	0.6890774125132555	0.6491759330473318	0.45874867444326617	0.4967808075703876	0.4008108886328646
5	5	Random	0.9785790031813361	0.5364006002170916	0.4088016967126193	0.5644567225217951	0.39631945788957573
5	5	iMF (full)	0.9785790031813361	0.78762713552566	0.5540827147401909	0.6942966933142644	0.517864972050842
5	5	Popularity	0.9785790031813361	0.675941446090302	0.4863202545068929	0.625866745930802	0.4583518449820491
5	5	kNN (test)	0.9061505832449629	0.7720862131013071	0.5414634146341464	0.6807303106199127	0.5066399018148697
5	5	Normalized kNN (test)	0.9779427359490986	0.695272993196387	0.5177094379639449	0.6425959460589896	0.4786015194940215
5	5	kNN (full)	0.895864262990456	0.7731538643250903	0.5415694591728526	0.6784307619740754	0.5058941359901263
5	20	Average Rating	1.0	0.440271492633327	0.37932131495227994	0.41040282690584323	0.32861495733959023
5	20	iMF (test)	1.0	0.6526952376408829	0.4696712619300106	0.5899319450133466	0.4363065422245322
5	20	Normalized kNN (full)	0.747932131495228	0.5976897930286524	0.42598091198303284	0.47445741595582747	0.3758258640944741
5	20	Random	1.0	0.3324487129479502	0.26617179215270415	0.31760879863297165	0.23688732281987598
5	20	iMF (full)	1.0	0.7183808953081949	0.5053022269353128	0.6263889052323068	0.46739530013104086
5	20	Popularity	1.0	0.5131511493696841	0.36850477200424175	0.422671255380124	0.3274746039423925
5	20	kNN (test)	0.986744432661718	0.6970664788098488	0.4876988335100742	0.6099669970783608	0.4517772635329861
5	20	Normalized kNN (test)	1.0	0.4237677446169443	0.3739130434782609	0.4143595855808776	0.32732628382457885
5	20	kNN (full)	0.9788971367974549	0.70082345665194	0.48960763520678685	0.6107250297865915	0.45314131186136736
5	10	Average Rating	1.0	0.6202135438285742	0.4709437963944857	0.5532781871994201	0.425350136952489
5	10	iMF (test)	1.0	0.7552116397648598	0.5343584305408271	0.6672855797508132	0.497997350243448
5	10	Normalized kNN (full)	0.710710498409332	0.633453549572463	0.44750795334040294	0.48904604242766925	0.39215758534381817
5	10	Random	1.0	0.4310165985275946	0.34019088016967125	0.43368883112925694	0.3168796675065124
5	10	iMF (full)	1.0	0.7630270432157692	0.536797454931071	0.6699838084258055	0.49966849401353114
5	10	Popularity	1.0	0.5927168885989376	0.43499469777306465	0.5307630514162358	0.3985677150082922
5	10	kNN (test)	0.9530222693531284	0.7401731834265084	0.5209968186638388	0.6576394078995423	0.4866218782144462
5	10	Normalized kNN (test)	1.0	0.6152003736764466	0.4777306468716861	0.5624267093073864	0.431443487423903
5	10	kNN (full)	0.9425238600212089	0.7439148160123872	0.5226935312831389	0.6566839296406524	0.48742391465239376
5	1	Average Rating	0.8733828207847296	0.7913628149153119	0.5613997879109226	0.7037946116830496	0.5259885337504684
5	1	iMF (test)	0.8734888653234358	0.8240377403721639	0.5793213149522799	0.7191293534565693	0.541068544206113
5	1	Normalized kNN (full)	0.6744432661717922	0.6649242690063597	0.47041357370095443	0.5051464194510258	0.41012714148440194
5	1	Random	0.8734888653234358	0.640127537271266	0.4658536585365854	0.6372567244719357	0.455320744268318
5	1	iMF (full)	0.8734888653234358	0.8064698113247806	0.5672322375397667	0.7084725560715923	0.5304711812382571
5	1	Popularity	0.8733828207847296	0.7474212313898495	0.5317073170731708	0.6877010278429021	0.5067545975367866
5	1	kNN (test)	0.8443266171792153	0.7983818461113124	0.5626723223753977	0.7022881670542693	0.5265198702642839
5	1	Normalized kNN (test)	0.8717921527041358	0.7957818850066368	0.5646871686108166	0.7045873163486351	0.5277718383525881
5	1	kNN (full)	0.8413573700954401	0.7985632684253786	0.5618239660657476	0.6992768431368649	0.5250225251957796
5	2	Average Rating	0.9080593849416755	0.7842923472251676	0.557051961823966	0.6967309201018606	0.5208161542822524
5	2	iMF (test)	0.9081654294803817	0.8181033494236474	0.5746553552492046	0.7157030942155556	0.5375820263105812
5	2	Normalized kNN (full)	0.6757158006362672	0.6637463894261028	0.4692470837751856	0.5044721286103468	0.409322725162943
5	2	Random	0.9081654294803817	0.6039809924745728	0.4462354188759279	0.6186192280146433	0.43736656488773107
5	2	iMF (full)	0.9081654294803817	0.8031710890132031	0.5650053022269352	0.7063503889216838	0.5286636862645185
5	2	Popularity	0.9080593849416755	0.7423418453033839	0.5289501590668081	0.6828761734819925	0.5034367566468404
5	2	kNN (test)	0.8602332979851538	0.7972730674839714	0.5621420996818665	0.7015580588215098	0.5259083449337931
5	2	Normalized kNN (test)	0.9064687168610817	0.7839738640541787	0.5597030752916224	0.6973085900084031	0.5220744786027361
5	2	kNN (full)	0.855355249204666	0.7978323957122412	0.5613997879109226	0.6986982271022575	0.5245357581461196
5	0	Average Rating	0.8353128313891836	0.8120430074815638	0.5676564156945917	0.7118838595389994	0.5327372848523957
5	0	iMF (test)	0.8354188759278897	0.8300151362441862	0.5832449628844114	0.7232535654310569	0.5451498622802488
5	0	Normalized kNN (full)	0.6733828207847296	0.6664600696992371	0.47221633085896075	0.5061377002140204	0.4113547033140291
5	0	Random	0.8354188759278897	0.6799025743409332	0.48250265111346763	0.6547645261895861	0.47089018200504595
5	0	iMF (full)	0.8354188759278897	0.8057247766819063	0.5661717921527041	0.7091657325898595	0.5304859713796407
5	0	Popularity	0.8353128313891836	0.7548129295292062	0.5357370095440085	0.6934264191594917	0.5113775310992091
5	0	kNN (test)	0.8302226935312831	0.8006322626384327	0.564475079533404	0.7045291995577619	0.5284621885124603
5	0	Normalized kNN (test)	0.8334040296924708	0.8172236405593478	0.5721102863202545	0.7137986746851261	0.5356553395175075
5	0	kNN (full)	0.828525980911983	0.8008354972487326	0.563626723223754	0.7013491684196886	0.5269143460445721
4	100	Average Rating	1.0	0.19668262717637197	0.15821845174973487	0.12486899432367553	0.11806005699278284
4	100	iMF (test)	1.0	0.39240426321619043	0.28748674443266176	0.3488693440250879	0.2572944776340388
4	100	Normalized kNN (full)	0.88016967126193	0.39845873672223686	0.29204665959703074	0.3454346427288613	0.2590280314376324
4	100	Random	1.0	0.12793273461122642	0.11325556733828207	0.09706278633553715	0.08601420005884881
4	100	iMF (full)	1.0	0.5402746696072699	0.3936373276776246	0.4681241709156789	0.3498419116043487
4	100	Popularity	1.0	0.27080242926505504	0.21548250265111346	0.21975744805211914	0.1774248995503474
4	100	kNN (test)	1.0	0.49105749115632863	0.3486744432661718	0.42442429408984533	0.3107130369307202
4	100	Normalized kNN (test)	1.0	0.21368543534809847	0.18822905620360553	0.14947689880959064	0.14178655576455884
4	100	kNN (full)	1.0	0.49396746919601353	0.351643690349947	0.4309941981095248	0.3147628556175256
4	200	Average Rating	1.0	0.14549538828491063	0.11230116648992577	0.09031678909549123	0.08463016102063396
4	200	iMF (test)	1.0	0.26197831092863455	0.2012725344644751	0.225326952470185	0.1739538546692182
4	200	Normalized kNN (full)	0.93966065747614	0.31360269937989643	0.23435843054082714	0.2889263708882699	0.20999042064515341
4	200	Random	1.0	0.07059421517603626	0.06277836691410393	0.046911324761845556	0.0438823694754088
4	200	iMF (full)	1.0	0.4689975821398551	0.3406150583244963	0.3950670698468272	0.2964142394170299
4	200	Popularity	1.0	0.21599773183550985	0.1735949098621421	0.17232788482398903	0.1410759855992193
4	200	kNN (test)	1.0	0.41600838477164065	0.29936373276776246	0.3576803154920829	0.2626134329364924
4	200	Normalized kNN (test)	1.0	0.13495289768476063	0.1247083775185578	0.09497906889215066	0.0922889524798019
4	200	kNN (full)	1.0	0.4160152296113298	0.29915164369034997	0.3563583458519067	0.2628356470830073
4	50	Average Rating	1.0	0.3048454522352828	0.25927889713679747	0.23703492918685606	0.20860049056184787
4	50	iMF (test)	1.0	0.5239200331272476	0.3818663838812301	0.46866664411408004	0.3452840034637079
4	50	Normalized kNN (full)	0.8200424178154825	0.4975507130795037	0.3616118769883351	0.40444933635133107	0.31518442727282053
4	50	Random	1.0	0.18854796120324274	0.16638388123011666	0.15884115811409277	0.1322446327095625
4	50	iMF (full)	1.0	0.6288581749026376	0.45365853658536587	0.5453235260519155	0.407685051937071
4	50	Popularity	1.0	0.37855722804179026	0.2983032873806999	0.3162725985364135	0.2526660617023324
4	50	kNN (test)	0.9996818663838812	0.6006622924908341	0.42608695652173917	0.5162078339158369	0.3829981886463603
4	50	Normalized kNN (test)	1.0	0.2888520139764798	0.2510074231177094	0.21906452508451144	0.19761652078825825
4	50	kNN (full)	0.9988335100742312	0.6039970949232693	0.4286320254506893	0.5202272859323435	0.3856528970733029
4	1000	Average Rating	1.0	0.04462846090900291	0.03913043478260869	0.02634336691960362	0.02758442522104623
4	1000	iMF (test)	1.0	0.1368012076530288	0.11049840933191941	0.11813162778354931	0.0929109834379085
4	1000	Normalized kNN (full)	0.9988335100742312	0.1949338758957232	0.14750795334040295	0.18523918995874247	0.132527901266381
4	1000	Random	1.0	0.01569904774753113	0.01389183457051962	0.009432328759311992	0.009443547390000159
4	1000	iMF (full)	1.0	0.36155691956972497	0.2655355249204666	0.2876718676151889	0.2244967824170713
4	1000	Popularity	1.0	0.1663023574225992	0.13170731707317074	0.1307492797937243	0.10629072179760579
4	1000	kNN (test)	1.0	0.32187931914303475	0.23213149522799575	0.2552803429625756	0.19625177598080865
4	1000	Normalized kNN (test)	1.0	0.050516619162771594	0.053022269353128315	0.037850508209298944	0.03881431795521032
4	1000	kNN (full)	1.0	0.3208658442448271	0.23138918345705198	0.25487099512618083	0.1955231884696621
4	1682	Average Rating	1.0	0.02593385557694477	0.03064687168610817	0.022124469947950316	0.02245933635644806
4	1682	iMF (test)	1.0	0.12461748694820182	0.10180275715800637	0.09957217408566833	0.08192793652908216
4	1682	Normalized kNN (full)	0.9994697773064687	0.1867657488414853	0.1423117709437964	0.17595003880927906	0.1272314327212492
4	1682	Random	1.0	0.009717852688985366	0.008377518557794275	0.00706245420721708	0.006014896950454203
4	1682	iMF (full)	1.0	0.35339687902131534	0.259915164369035	0.28282860396479687	0.22022459563333288
4	1682	Popularity	1.0	0.16152981543802306	0.12767762460233298	0.12458786267262455	0.1021973931150986
4	1682	kNN (test)	1.0	0.3165220021774868	0.22873806998939555	0.2501880509981915	0.19269551813046965
4	1682	Normalized kNN (test)	1.0	0.041971139813518035	0.043584305408271476	0.03211497371509342	0.03224244558201242
4	1682	kNN (full)	1.0	0.31575076596496154	0.22831389183457054	0.25081621707538915	0.19245687874850056
4	500	Average Rating	1.0	0.08260833516834123	0.07083775185577942	0.05064003136176004	0.05111019011869366
4	500	iMF (test)	1.0	0.171094317093345	0.14103923647932132	0.14459980338826878	0.11659900786325242
4	500	Normalized kNN (full)	0.9951219512195122	0.21855885783698203	0.1653234358430541	0.20751916449198002	0.14866616276914343
4	500	Random	1.0	0.030895419747971907	0.02767762460233298	0.021574798522834015	0.01961523600644527
4	500	iMF (full)	1.0	0.38495264800367585	0.2841993637327678	0.3136849854765163	0.2412742718851137
4	500	Popularity	1.0	0.1818570273544425	0.14655355249204666	0.14566598129523164	0.11824277749623731
4	500	kNN (test)	1.0	0.34228098192999024	0.24846235418875928	0.27721533849883984	0.21133038118938643
4	500	Normalized kNN (test)	1.0	0.09517110882966924	0.08536585365853659	0.062126336386100836	0.06232060006321508
4	500	kNN (full)	1.0	0.3386994499777086	0.24506892895015905	0.2718651258792807	0.20822734079258576
4	5	Average Rating	0.9683987274655356	0.7057889935725777	0.5220572640509014	0.6466964580743914	0.47999266977369415
4	5	iMF (test)	0.9683987274655356	0.7929342215812429	0.5609756097560976	0.6910568780479276	0.5178020042343856
4	5	Normalized kNN (full)	0.6707317073170732	0.6395856870996469	0.4535524920466596	0.4728071343484722	0.3876354487279311
4	5	Random	0.9683987274655356	0.5253539776822144	0.40328738069989395	0.5474331487412258	0.38380119626912756
4	5	iMF (full)	0.9683987274655356	0.7869987970538609	0.5564156945917286	0.6885478897835992	0.5148644595425408
4	5	Popularity	0.9683987274655356	0.6867831088977766	0.4919406150583245	0.6263233093493531	0.4575605829878832
4	5	kNN (test)	0.9009544008483563	0.7826559373596612	0.5478260869565218	0.6779914150135851	0.5063671124584609
4	5	Normalized kNN (test)	0.968186638388123	0.7036949033677793	0.5253446447507953	0.6492990843813303	0.4824949191765281
4	5	kNN (full)	0.8952279957582185	0.7829275705110863	0.5478260869565218	0.6779269588050505	0.5061996245602943
4	20	Average Rating	1.0	0.4841129639572558	0.3763520678685047	0.38401429869572923	0.3163051508740077
4	20	iMF (test)	1.0	0.6718729063738216	0.48589607635206783	0.5998524484487741	0.4448527521328281
4	20	Normalized kNN (full)	0.7410392364793212	0.5876822146237503	0.4236479321314952	0.4509962387857301	0.36385099618983474
4	20	Random	1.0	0.3222869316117848	0.2675503711558855	0.29323876236697266	0.23220304915684603
4	20	iMF (full)	1.0	0.7114378899002004	0.5084835630965006	0.6215518604584459	0.46388053320741574
4	20	Popularity	1.0	0.4936778566500862	0.3709437963944857	0.4192295246386431	0.3237498366552518
4	20	kNN (test)	0.9776246023329799	0.6869440976514597	0.4869565217391304	0.5986941214998915	0.4436653949257363
4	20	Normalized kNN (test)	1.0	0.4640069144943653	0.3753976670201485	0.3983048229459337	0.3204738886402686
4	20	kNN (full)	0.9722163308589608	0.6910842655308583	0.4907741251325557	0.6024614475874057	0.4470952244621137
4	10	Average Rating	1.0	0.6421480743685836	0.47518557794273597	0.5654692975246514	0.4251707056689487
4	10	iMF (test)	1.0	0.7758097948162986	0.5460233297985153	0.6744586169700759	0.5039074198599639
4	10	Normalized kNN (full)	0.684305408271474	0.6280269003790334	0.4459172852598091	0.46755712134011906	0.38170741738597147
4	10	Random	1.0	0.4314449133240681	0.3419936373276776	0.43458615729143407	0.3146397327110643
4	10	iMF (full)	1.0	0.7742725921440259	0.5448568398727465	0.6719729952276003	0.5018434239930827
4	10	Popularity	1.0	0.6382766557604502	0.45429480381760334	0.5572120704220189	0.4128208547095374
4	10	kNN (test)	0.9320254506892894	0.7636814206059401	0.5310710498409332	0.6569347934855606	0.4889035365044127
4	10	Normalized kNN (test)	0.9997879109225875	0.6486944024056682	0.48791092258748675	0.5823223584881233	0.43798554389991706
4	10	kNN (full)	0.9233297985153766	0.7654803540637819	0.5327677624602333	0.6586970739424122	0.4903578056132651
4	1	Average Rating	0.8655355249204666	0.7862534457393981	0.5580063626723224	0.6928651491496871	0.5175749303237177
4	1	iMF (test)	0.8655355249204666	0.8220184544992023	0.5798515376458112	0.7123454912495134	0.5366111077454793
4	1	Normalized kNN (full)	0.6567338282078472	0.6505113919888258	0.4601272534464475	0.47697605949746846	0.39257354300165276
4	1	Random	0.8655355249204666	0.6311551767547319	0.4582184517497349	0.62468763354273	0.4440155822040308
4	1	iMF (full)	0.8655355249204666	0.8074538874965435	0.5691410392364794	0.7030385469011531	0.5275535980633353
4	1	Popularity	0.8655355249204666	0.7432845833524486	0.5284199363732768	0.6745203529806181	0.4967313887525306
4	1	kNN (test)	0.8383881230116649	0.804094722779576	0.5621420996818665	0.693716862205951	0.5204470957716649
4	1	Normalized kNN (test)	0.8643690349946977	0.7944650318900026	0.562778366914104	0.6967158817282417	0.5216533603955975
4	1	kNN (full)	0.835524920466596	0.8029011746681808	0.5618239660657476	0.6929161032900765	0.5198854759056247
4	2	Average Rating	0.8997879109225875	0.7796766077598375	0.5537645811240721	0.6864806593611676	0.512634642965041
4	2	iMF (test)	0.8997879109225875	0.8217574209048387	0.5786850477200425	0.7099822379205827	0.5350191479189268
4	2	Normalized kNN (full)	0.6575821845174974	0.6494968468094349	0.4592788971367975	0.47647042684189805	0.3919530828471648
4	2	Random	0.8997879109225875	0.6197400585839715	0.456203605514316	0.6187001066155169	0.4395815105675657
4	2	iMF (full)	0.8997879109225875	0.8070707223769724	0.5690349946977731	0.7024458525696886	0.5271648502295951
4	2	Popularity	0.8997879109225875	0.7376195817531622	0.5239660657476141	0.6681039771448362	0.49164148142449327
4	2	kNN (test)	0.8519618239660657	0.8026815310093094	0.5608695652173913	0.6918813464786008	0.5189802034738175
4	2	Normalized kNN (test)	0.8986214209968186	0.7798447033766182	0.5574761399787911	0.6892748334779801	0.5156656644631085
4	2	kNN (full)	0.8469777306468718	0.80141775287957	0.56033934252386	0.6908486555969661	0.5181910531744935
4	0	Average Rating	0.8275715800636267	0.8162578274393606	0.5693531283138918	0.705553435277715	0.5291666400461444
4	0	iMF (test)	0.8275715800636267	0.8288977333598779	0.5837751855779427	0.716164747864509	0.5403444644642798
4	0	Normalized kNN (full)	0.6552492046659597	0.6526027481753371	0.4624602332979852	0.4784937738077652	0.39432226177130725
4	0	Random	0.8275715800636267	0.684781801473262	0.48324496288441143	0.6474300146525018	0.4656481938543295
4	0	iMF (full)	0.8275715800636267	0.8097397338120895	0.5700954400848357	0.7049926098557053	0.528962023692756
4	0	Popularity	0.8275715800636267	0.7511068058981487	0.5326617179215271	0.680529803939698	0.501556979455516
4	0	kNN (test)	0.8227995758218452	0.8061551417405847	0.5642629904559915	0.6961878417978214	0.5226675201940887
4	0	Normalized kNN (test)	0.8259809119830328	0.8208186012990203	0.5715800636267232	0.7064848280737056	0.5305163940490344
4	0	kNN (full)	0.8213149522799575	0.8047241923381132	0.563626723223754	0.6950601122209359	0.5217856243980166
3	100	Average Rating	1.0	0.17477368911182975	0.13944856839872746	0.10783219312016198	0.10395381518510384
3	100	iMF (test)	1.0	0.41060737546069254	0.2931071049840933	0.36357103689976256	0.2667117569026473
3	100	Normalized kNN (full)	0.888441145281018	0.4183671473446449	0.2966065747613998	0.36129459854217044	0.2679828727159246
3	100	Random	1.0	0.12840731295736402	0.11187698833510074	0.09909260578097487	0.08696487414995875
3	100	iMF (full)	1.0	0.5623136801328604	0.3961823966065748	0.48428820133182515	0.35858022856759125
3	100	Popularity	1.0	0.3236600934039756	0.24072110286320256	0.26143143225127263	0.20492620630050526
3	100	kNN (test)	1.0	0.5140245990839136	0.3579003181336161	0.43896594448637377	0.3224263257075203
3	100	Normalized kNN (test)	1.0	0.20677721482932232	0.18822905620360553	0.163073417518367	0.14702934909361856
3	100	kNN (full)	1.0	0.5144148829207236	0.3576882290562036	0.4406448041621511	0.32266814451876463
3	200	Average Rating	1.0	0.11676999724982999	0.09809119830328739	0.07693752929917509	0.0733948476492992
3	200	iMF (test)	1.0	0.2578396869175164	0.19872746553552492	0.23136988116362062	0.17407442012467253
3	200	Normalized kNN (full)	0.9450689289501591	0.3349385487250967	0.24093319194061508	0.30484865351377477	0.2198483110414333
3	200	Random	1.0	0.07180762026505186	0.0647932131495228	0.05283705470311082	0.047742629292115125
3	200	iMF (full)	1.0	0.4861056956132529	0.3428419936373277	0.4075141587142664	0.3050726739159572
3	200	Popularity	1.0	0.24260238507896736	0.18918345705196182	0.20349085553808982	0.1595732398572643
3	200	kNN (test)	1.0	0.43273419851571676	0.30053022269353125	0.36325316106643174	0.2662759494714965
3	200	Normalized kNN (test)	1.0	0.13532450153288716	0.12089077412513255	0.09967241198582423	0.09208088148170693
3	200	kNN (full)	1.0	0.43441819286637273	0.3015906680805938	0.3632307593711057	0.2671026286332762
3	50	Average Rating	1.0	0.2567107152807094	0.2176033934252386	0.21058236657282878	0.1782487690757649
3	50	iMF (test)	1.0	0.5413210287261465	0.379745493107105	0.4786070139266872	0.34959314001950054
3	50	Normalized kNN (full)	0.8174973488865324	0.513782179831184	0.3621420996818664	0.4228795968685006	0.3243250584762565
3	50	Random	1.0	0.18801581903747172	0.16002120890774127	0.15362109560399623	0.1302990481756157
3	50	iMF (full)	1.0	0.6526026062596352	0.4550371155885472	0.559679856636144	0.4164869344868843
3	50	Popularity	1.0	0.4281245049216107	0.2984093319194061	0.32326967147706065	0.25575800586641434
3	50	kNN (test)	0.9997879109225875	0.6275328523620646	0.43287380699893957	0.5336479677648586	0.394422054625241
3	50	Normalized kNN (test)	1.0	0.2713770446746798	0.23902439024390246	0.22261124577227126	0.1933228416373113
3	50	kNN (full)	0.9987274655355248	0.624723377549426	0.4301166489925769	0.5306412576414777	0.39167759589543794
3	1000	Average Rating	1.0	0.031067580529885543	0.036055143160127257	0.023609649240118054	0.02477377416980129
3	1000	iMF (test)	1.0	0.14070602799868798	0.10943796394485684	0.13169456260842033	0.09662932254417672
3	1000	Normalized kNN (full)	0.9996818663838812	0.2051712751157119	0.14888653234358432	0.1958038183911266	0.13635298402607973
3	1000	Random	1.0	0.016072584280377306	0.014209968186638389	0.012350322673082621	0.01072309675879365
3	1000	iMF (full)	1.0	0.38599356597262513	0.27126193001060445	0.30607378671605895	0.23540484767342507
3	1000	Popularity	1.0	0.18187984707582017	0.13488865323435845	0.14783162684815115	0.11417344607781472
3	1000	kNN (test)	1.0	0.33966249691024947	0.23520678685047722	0.2682409747882704	0.20138539097648187
3	1000	Normalized kNN (test)	1.0	0.062254006380484055	0.0630965005302227	0.04437959100095441	0.04568173047954866
3	1000	kNN (full)	1.0	0.33699357472601094	0.23446447507953339	0.263489580381565	0.20036295644649185
3	1682	Average Rating	1.0	0.01701051026981118	0.021314952279957583	0.013041783501137895	0.014355184213034647
3	1682	iMF (test)	1.0	0.13159918747393934	0.1033934252386002	0.12051520769006803	0.08934084927409744
3	1682	Normalized kNN (full)	0.9997879109225875	0.19761906632411003	0.14390243902439026	0.18993776831362802	0.13173918329840192
3	1682	Random	1.0	0.00884055323874024	0.0072110286320254515	0.006824819865198387	0.005547579307467283
3	1682	iMF (full)	1.0	0.37946868635855685	0.2655355249204666	0.3027094912571639	0.23102283373021235
3	1682	Popularity	1.0	0.17881642762932237	0.13244962884411454	0.1455672358958094	0.11205525713275273
3	1682	kNN (test)	1.0	0.3351133003688357	0.23213149522799575	0.26060763127444536	0.19752828142883527
3	1682	Normalized kNN (test)	1.0	0.0424768305211536	0.04432661717921527	0.03227630471627933	0.032375724094369264
3	1682	kNN (full)	1.0	0.3335049879040717	0.2325556733828208	0.2596415278599834	0.19814090456138791
3	500	Average Rating	1.0	0.07611702984764177	0.06224814422057264	0.04426445670363213	0.04436316451808914
3	500	iMF (test)	1.0	0.1899039767214938	0.14347826086956522	0.16898722900373553	0.1263111914761064
3	500	Normalized kNN (full)	0.9979851537645812	0.2427291833705073	0.17507953340402968	0.2279141249544001	0.1601317551346707
3	500	Random	1.0	0.03160496859521277	0.027253446447507955	0.025390363885498334	0.020952566435959545
3	500	iMF (full)	1.0	0.4093388640757539	0.2900318133616119	0.3301446713642558	0.2523141233383295
3	500	Popularity	1.0	0.20619497100391132	0.15450689289501593	0.1662388087331684	0.13016492305241373
3	500	kNN (test)	1.0	0.37069296192947526	0.2539766702014846	0.29269492386870555	0.21931393389107598
3	500	Normalized kNN (test)	1.0	0.09065073574750475	0.0831389183457052	0.06252771281195248	0.06217238357709439
3	500	kNN (full)	1.0	0.3704518149654721	0.25556733828207845	0.2928758743745668	0.22082669851195316
3	5	Average Rating	0.9758218451749735	0.7050890983451777	0.5142099681866383	0.6451788882560305	0.47674563531079206
3	5	iMF (test)	0.9758218451749735	0.7988853444671714	0.5524920466595971	0.6981151392623429	0.5178516256059417
3	5	Normalized kNN (full)	0.6841993637327678	0.648108931581172	0.4555673382820785	0.4938405846569902	0.39761667155045605
3	5	Random	0.9758218451749735	0.523837384858324	0.4034994697773065	0.5595232559424863	0.3908140397547729
3	5	iMF (full)	0.9758218451749735	0.7899527623315589	0.5492046659597031	0.6903741276940994	0.5126741886288724
3	5	Popularity	0.9758218451749735	0.6842227299065347	0.487592788971368	0.6330715951070673	0.45875472063582834
3	5	kNN (test)	0.8943796394485684	0.7817891599663039	0.5387062566277837	0.6782997589923527	0.5027836203772974
3	5	Normalized kNN (test)	0.9749734888653234	0.7044541383197374	0.5149522799575822	0.644919166506608	0.4766276371304565
3	5	kNN (full)	0.8866383881230117	0.7808185138809113	0.5387062566277837	0.6766150224730942	0.502509430327139
3	20	Average Rating	1.0	0.4581318069629078	0.3747613997879109	0.4041312863510416	0.32293299323613883
3	20	iMF (test)	1.0	0.6992667472136432	0.48950159066808063	0.6149850598628005	0.453622426330841
3	20	Normalized kNN (full)	0.7486744432661718	0.6010363491368133	0.42820784729586425	0.47389412760795624	0.37619227375022957
3	20	Random	1.0	0.32150236393777387	0.2613997879109226	0.30026554070866796	0.22948784166509184
3	20	iMF (full)	1.0	0.7178351764638896	0.5039236479321315	0.6269156605442181	0.46569665738086274
3	20	Popularity	1.0	0.503427207665118	0.3722163308589608	0.4223974747039189	0.32710757632617343
3	20	kNN (test)	0.9868504772004242	0.6951614350951101	0.4847295864262991	0.6063893879275242	0.4472839992113248
3	20	Normalized kNN (test)	1.0	0.45690148382662926	0.38239660657476143	0.4201479597504249	0.33310056988334813
3	20	kNN (full)	0.9822905620360551	0.6950340863284448	0.48398727465535524	0.6064299662261673	0.446940647427009
3	10	Average Rating	1.0	0.5646211430845516	0.4492046659597031	0.5398463830299256	0.40821532932440413
3	10	iMF (test)	1.0	0.7597184145931432	0.5326617179215271	0.6720185968540054	0.49762134405544306
3	1	Average Rating	0.8711558854718982	0.7970582861186022	0.5587486744432661	0.7041040247926634	0.5234169030555925
3	10	Normalized kNN (full)	0.6994697773064688	0.6405201684079144	0.4505832449628844	0.4904517914085554	0.3938065898093645
3	10	Random	1.0	0.4238988026085767	0.3331919406150583	0.4257142832877453	0.3076926952313901
3	1	iMF (test)	0.8711558854718982	0.8321324468649799	0.578048780487805	0.7214972142091892	0.5400300583631962
3	1	Normalized kNN (full)	0.6691410392364793	0.6637341676251195	0.46638388123011665	0.5011636458582994	0.40595711475523427
3	1	Random	0.8711558854718982	0.6485844786600362	0.46320254506892894	0.6367313038442124	0.4516502223019209
3	10	iMF (full)	1.0	0.778715085343631	0.5423117709437963	0.6782484745769386	0.5048516660940771
3	10	Popularity	1.0	0.6414514981936924	0.45365853658536587	0.5618948938178869	0.41657006554091014
3	10	kNN (test)	0.936373276776246	0.7674946701873927	0.5287380699893955	0.661635247016413	0.4909532780101251
3	1	iMF (full)	0.8711558854718982	0.8121778843933072	0.563626723223754	0.7079099693805239	0.5272644853593731
3	1	Popularity	0.8711558854718982	0.7503665806521214	0.5267232237539766	0.6839868325219775	0.5002589027216061
3	1	kNN (test)	0.8424178154825026	0.8076272488986478	0.5589607635206787	0.6977245140491454	0.5210901066748588
3	10	Normalized kNN (test)	1.0	0.5746298128414562	0.4592788971367975	0.5584218991903294	0.41964342379119746
3	10	kNN (full)	0.9283138918345705	0.7668007963178886	0.5289501590668081	0.6624259317206264	0.4914669778396327
3	1	Normalized kNN (test)	0.8688229056203605	0.8094295022176442	0.5624602332979851	0.7059249587765629	0.526052605357729
3	1	kNN (full)	0.8397667020148462	0.805739161630321	0.5577942735949099	0.6965291688239255	0.5203800189864234
3	2	Average Rating	0.9053022269353129	0.7914398388397271	0.5559915164369035	0.700054133362072	0.52021484893755
3	2	iMF (test)	0.9053022269353129	0.825825532073549	0.5713679745493107	0.7162623433746427	0.5348078118086124
3	2	Normalized kNN (full)	0.6702014846235419	0.6631677037526075	0.4658536585365854	0.5008231327129082	0.40555363382672216
3	2	Random	0.9053022269353129	0.6016685803083885	0.44262990455991513	0.6146513971738367	0.4322527085299463
3	2	iMF (full)	0.9053022269353129	0.8102944943703551	0.5622481442205727	0.7066672381985991	0.5261482181590814
3	2	Popularity	0.9053022269353129	0.7447108292143165	0.523117709437964	0.6781960432476251	0.4959195624185573
3	2	kNN (test)	0.8542948038176034	0.8064551239653781	0.5579003181336162	0.6964174347728189	0.5199295967042801
3	2	Normalized kNN (test)	0.9034994697773064	0.7979542335868391	0.5582184517497348	0.7001645028219519	0.521308115445193
3	2	kNN (full)	0.8501590668080594	0.8048509464041692	0.5569459172852599	0.6954606897596882	0.5194433808197801
3	0	Average Rating	0.8319194061505832	0.81835410669867	0.5663838812301166	0.7137242505672559	0.5315108591943709
3	0	iMF (test)	0.8319194061505832	0.8321513243056663	0.5773064687168611	0.7216466413449657	0.5399196431582878
3	0	Normalized kNN (full)	0.6680805938494168	0.6649539330938026	0.467762460233298	0.5020054850690718	0.406963514308123
3	0	Random	0.8319194061505832	0.6734019511070435	0.4748674443266172	0.6530345971779782	0.4646111314720356
3	0	iMF (full)	0.8319194061505832	0.8116730338063081	0.5648992576882291	0.7098436351774489	0.5287990509068916
3	0	Popularity	0.8319194061505832	0.7582954216579859	0.5305408271474019	0.6893030570275851	0.5045425997253612
3	0	kNN (test)	0.8258748674443266	0.8093797124689283	0.5604453870625663	0.6992755610932995	0.5225628813346487
3	0	Normalized kNN (test)	0.8293743372216331	0.824718197330316	0.5682926829268292	0.713463617566539	0.5322867663293318
3	0	kNN (full)	0.8252386002120892	0.8070124722538438	0.5587486744432661	0.6975397754733352	0.5213325138054892
