fold	target size	recommender system	Coverage@10	nDCG@10	P@10	Recall@10	FScore@10
3	2	Average Rating	0.8480769230769231	0.7450369579842071	0.49807692307692314	0.7334116014478393	0.4940757165916481
3	500	Average Rating	1.0	0.08173889774723189	0.055769230769230765	0.032273984314579354	0.03621549816928848
3	2	iMF (test)	0.8634615384615384	0.8003438336010903	0.5192307692307693	0.7631910729678604	0.5165920259605332
3	2	Normalized kNN (full)	0.575	0.6015389785485569	0.3923076923076923	0.48858157461871826	0.35553281602417897
3	2	Random	0.8634615384615384	0.681476104228204	0.4730769230769231	0.7262183511722348	0.47913133828715126
3	1	Average Rating	0.8076923076923077	0.7880136650565177	0.5134615384615384	0.7502331826444206	0.5093538520950426
3	200	Average Rating	1.0	0.1320098741791091	0.10576923076923077	0.0829901969023915	0.07858135205702564
3	500	iMF (test)	1.0	0.3061145480060206	0.20961538461538462	0.27380558377107717	0.1875599738191201
3	500	Normalized kNN (full)	0.9634615384615385	0.24934985860684578	0.18076923076923077	0.265172801626977	0.16863953731111142
3	500	Random	1.0	0.016528501285253037	0.01730769230769231	0.01912042677031365	0.01312011743046226
3	200	iMF (test)	1.0	0.4187480061269729	0.2980769230769231	0.406116477922687	0.2768694253406849
3	200	Normalized kNN (full)	0.8346153846153845	0.34958031530586936	0.23653846153846156	0.3296408728565948	0.2178633032789092
3	200	Random	1.0	0.05745992146534258	0.04807692307692308	0.04403315522191701	0.030045991864333262
3	1	iMF (test)	0.8173076923076923	0.7910690563607766	0.5230769230769231	0.7691515722405078	0.5211498352401154
3	1	Normalized kNN (full)	0.573076923076923	0.6079273140437566	0.4	0.49408371137085505	0.36171863227191464
3	1	Random	0.8173076923076923	0.7282662155538928	0.49038461538461536	0.7328247362906897	0.49134820313518446
3	1042	Average Rating	1.0	0.06091624658392702	0.04230769230769231	0.027452405951886936	0.02974034938644739
3	1042	iMF (test)	1.0	0.22684137385750042	0.14423076923076922	0.19060764847032965	0.12770405782437588
3	1042	Normalized kNN (full)	1.0	0.16201690158600096	0.13076923076923078	0.18679182004107212	0.11705865133533667
3	1042	Random	1.0	0.006069556296198809	0.007692307692307693	0.0033740203989072767	0.004323454323454323
3	500	iMF (full)	1.0	0.2759162456383063	0.22115384615384615	0.24747955421307807	0.18332002279935283
3	500	Popularity	1.0	0.22555437674902495	0.13846153846153847	0.20015900391839117	0.12803472079069306
3	500	kNN (test)	1.0	0.3058807487462119	0.2	0.25566146765508013	0.17219737859119363
3	500	Normalized kNN (test)	1.0	0.06781347717792384	0.06923076923076923	0.05156745333450726	0.04917569507783926
3	500	kNN (full)	1.0	0.30310767800145555	0.2076923076923077	0.26210124498301535	0.17988423196770217
3	2	iMF (full)	0.8634615384615384	0.7631287611722252	0.5	0.7423575431658131	0.49772608313814765
3	2	Popularity	0.8480769230769231	0.7751247766059541	0.5038461538461538	0.7428564102553571	0.5019493735369231
3	2	kNN (test)	0.8461538461538461	0.7808411698054445	0.5076923076923078	0.742736857656381	0.5023519378652168
3	2	Normalized kNN (test)	0.7576923076923077	0.7318108041225623	0.4846153846153846	0.7037316292424571	0.4788861470079699
3	2	kNN (full)	0.7961538461538461	0.776906674301576	0.49807692307692303	0.7278712898250708	0.49324048065938586
5	500	Average Rating	1.0	0.09498786948802085	0.07115384615384615	0.057106696302331644	0.049734872316679626
3	200	iMF (full)	1.0	0.4170550644506077	0.3019230769230769	0.39163424249131074	0.2735073337949844
3	200	Popularity	1.0	0.3394635716298731	0.2173076923076923	0.2981212608485007	0.20114483609137507
3	200	kNN (test)	1.0	0.4184188772937192	0.28076923076923077	0.37204302441846665	0.25350628519460794
5	500	iMF (test)	1.0	0.30354033563923166	0.20192307692307693	0.23152066357872994	0.16624388107849303
3	200	Normalized kNN (test)	1.0	0.1616748607428199	0.1423076923076923	0.1386054758437459	0.1143437001174065
3	200	kNN (full)	1.0	0.4307222514203994	0.29423076923076924	0.39196621805489557	0.26793866942912076
5	500	Normalized kNN (full)	0.9807692307692307	0.25557987383350567	0.18846153846153849	0.23418920114723724	0.16158881279282136
5	500	Random	1.0	0.033976405601015995	0.03461538461538462	0.021561407145772468	0.022326829812044615
5	2	Average Rating	0.875	0.7132168605896498	0.5019230769230769	0.6762925473624256	0.48858648436805263
3	1	iMF (full)	0.8173076923076923	0.7725153911566724	0.5115384615384616	0.7520769538720662	0.5079919414983798
3	1	Popularity	0.8076923076923077	0.7907815966546898	0.5192307692307693	0.7590227504688841	0.5164287534183691
3	1	kNN (test)	0.8057692307692308	0.7847441091451677	0.5134615384615384	0.7498027084722317	0.5086789441922233
3	1	Normalized kNN (test)	0.7423076923076923	0.7550644975759389	0.5019230769230769	0.7190628258236538	0.49457488723231385
3	1	kNN (full)	0.7807692307692308	0.77678211665461	0.5057692307692307	0.7362726107263917	0.5012032780958674
5	2	iMF (test)	0.9019230769230769	0.7880041630210807	0.5326923076923077	0.7117842627134758	0.513508392612746
5	2	Normalized kNN (full)	0.5788461538461539	0.6063648826191146	0.4115384615384615	0.45275425666586994	0.3545462915362896
5	2	Random	0.9019230769230769	0.6625118239041563	0.4653846153846154	0.6674941479777258	0.46590815658738866
5	200	Average Rating	1.0	0.14724917132274656	0.11538461538461539	0.09321952424952491	0.0835379902757915
5	200	iMF (test)	1.0	0.4337298142502472	0.3057692307692308	0.3777583804311829	0.27281042857576937
5	200	Normalized kNN (full)	0.8461538461538461	0.3562599694762785	0.25384615384615383	0.2998981203900271	0.21479569644952845
5	200	Random	1.0	0.06899895579807988	0.057692307692307696	0.0557006081580385	0.04339757480049537
5	1	Average Rating	0.8326923076923076	0.7433941263752154	0.5115384615384616	0.6870289526640482	0.49778372678897925
5	1	iMF (test)	0.8653846153846154	0.7907717705770599	0.5423076923076923	0.723524250844129	0.5222939330452918
5	1	Normalized kNN (full)	0.5788461538461539	0.6075439897202688	0.4115384615384615	0.45275425666586994	0.3545462915362896
5	1	Random	0.8653846153846154	0.6888082181836951	0.49038461538461536	0.6883471345768594	0.4843637100586393
3	1042	iMF (full)	1.0	0.17822869425615415	0.15384615384615385	0.14571674347660982	0.11907261934146415
3	1042	Popularity	1.0	0.17002303815721784	0.10192307692307692	0.16146011476945135	0.09543058142175544
3	1042	kNN (test)	1.0	0.2265826602998488	0.14615384615384613	0.18024368869842625	0.12155721704449439
3	1042	Normalized kNN (test)	1.0	0.029095337160160908	0.032692307692307694	0.01865505764988061	0.01935149715409383
3	1042	kNN (full)	1.0	0.2180655188005128	0.15	0.17474166030086036	0.1226040334759262
5	1042	Average Rating	1.0	0.062039178573366535	0.04423076923076923	0.03268818717987516	0.029343396695373426
5	1042	iMF (test)	1.0	0.21732808182800348	0.1346153846153846	0.1668313497647863	0.11337229838586318
5	1042	Normalized kNN (full)	1.0	0.1645205054602173	0.12884615384615386	0.1678312999667657	0.1099490848702136
5	1042	Random	1.0	0.016017080557796385	0.013461538461538462	0.012122926093514329	0.010736439486439486
2	200	Average Rating	1.0	0.12283889236482842	0.10192307692307692	0.08386483351976774	0.0752202098944603
2	200	iMF (test)	1.0	0.4124271503680919	0.2692307692307692	0.374921972462973	0.25174294944283865
2	200	Normalized kNN (full)	0.9115384615384615	0.32627135024903536	0.22115384615384615	0.326509853898748	0.20669742178470735
2	200	Random	1.0	0.062346777692873605	0.051923076923076926	0.027981349534676805	0.031519938284269654
5	500	iMF (full)	1.0	0.30359508521739575	0.23653846153846156	0.2639626035187349	0.19725302789639426
5	500	Popularity	1.0	0.2300423242176873	0.15192307692307694	0.18312982200155775	0.1288361997555011
5	500	kNN (test)	1.0	0.3374479202169921	0.2173076923076923	0.2515226197552217	0.17563604253067105
5	500	Normalized kNN (test)	1.0	0.07550963671217338	0.08269230769230769	0.055262952994393974	0.055242911653422024
5	500	kNN (full)	1.0	0.3482298465613835	0.23846153846153847	0.2804578661537034	0.19834990890442977
5	200	iMF (full)	1.0	0.4275556178550943	0.3173076923076923	0.3613166125987502	0.27278019166368
5	200	Popularity	1.0	0.31344399314257765	0.21923076923076923	0.24193014620435876	0.18329045783353207
5	200	kNN (test)	1.0	0.43515357515810926	0.29038461538461535	0.3335128937371837	0.2437873578869043
5	2	iMF (full)	0.9019230769230769	0.7668428800962975	0.5346153846153846	0.7143231548156505	0.5143190192395692
5	2	Popularity	0.875	0.754759037431585	0.5096153846153846	0.6802756880837713	0.4933915128292305
5	2	kNN (test)	0.875	0.7821645394558021	0.5192307692307693	0.6811725544096152	0.49642640971135893
5	200	Normalized kNN (test)	1.0	0.16405862843306085	0.16153846153846155	0.1451973976720746	0.12047023788460987
5	200	kNN (full)	1.0	0.4711282596709072	0.3211538461538461	0.3926817208020937	0.2814973471863963
5	2	Normalized kNN (test)	0.801923076923077	0.7121831132414767	0.5038461538461538	0.6531493275305531	0.4776471786248694
5	2	kNN (full)	0.8269230769230769	0.7779343340425585	0.5153846153846154	0.6656715477081611	0.48883039758471136
4	500	Average Rating	1.0	0.10395130297047195	0.07115384615384615	0.07080758468420459	0.04912231507329557
4	200	Average Rating	1.0	0.17005885677565802	0.12115384615384615	0.14657327611449383	0.09505194558039737
4	500	iMF (test)	1.0	0.37235125498900656	0.22692307692307695	0.3054686209552174	0.20037139644775065
5	1	iMF (full)	0.8653846153846154	0.7811539991330247	0.5403846153846155	0.7219086249011206	0.5206556650498994
4	2	Average Rating	0.8653846153846154	0.7576331718190306	0.49230769230769234	0.7368739706987644	0.48437836213365154
5	1	Popularity	0.8326923076923076	0.7510487062789731	0.5096153846153846	0.682519277827361	0.49430594926998267
4	500	Normalized kNN (full)	0.9980769230769231	0.3059401338776879	0.19615384615384615	0.27832672739036357	0.18044012899152145
4	500	Random	1.0	0.02705342690737323	0.021153846153846155	0.020110354078190125	0.014582033599686427
5	1	kNN (test)	0.8288461538461539	0.7859806575953848	0.5230769230769231	0.6881169988540597	0.5016087273936766
5	1	Normalized kNN (test)	0.7749999999999999	0.7339323834794391	0.5057692307692307	0.6577077320889576	0.48025671051071706
4	200	iMF (test)	1.0	0.4825932900554314	0.29615384615384616	0.4216836438334393	0.27542893592462386
5	1	kNN (full)	0.7980769230769231	0.7795179764523537	0.5192307692307693	0.669197188733802	0.49250172625604005
4	200	Normalized kNN (full)	0.8653846153846154	0.41751277896848804	0.25	0.3483150368017499	0.2333452763113845
4	200	Random	1.0	0.08719519040253079	0.06538461538461539	0.06595029779382537	0.050567078533579515
4	2	iMF (test)	0.8884615384615385	0.8213310463682478	0.5076923076923077	0.7513885877946809	0.4949307976004078
4	2	Normalized kNN (full)	0.5634615384615385	0.6198066945726323	0.38461538461538464	0.45604173843445356	0.33736207391899126
4	2	Random	0.8884615384615385	0.6391494436384714	0.43846153846153846	0.686206437014704	0.43766533898879534
4	1	Average Rating	0.8269230769230769	0.7748372197023623	0.49038461538461536	0.737837648418295	0.4832028468277014
4	1	iMF (test)	0.8500000000000001	0.8341440783602073	0.525	0.7660479297246524	0.509895585319559
4	1	Normalized kNN (full)	0.551923076923077	0.6226861049136722	0.38461538461538464	0.45604173843445356	0.33736207391899126
4	1	Random	0.8500000000000001	0.7208717290262764	0.4846153846153846	0.7382824192240351	0.4807035157259162
5	1042	iMF (full)	1.0	0.21819435352514485	0.17884615384615385	0.1835501226586837	0.1404218000406306
5	1042	Popularity	1.0	0.17430474595863774	0.10576923076923077	0.1400526419346247	0.09474646075122665
5	1042	kNN (test)	1.0	0.25606884802992647	0.15961538461538463	0.17721325394043794	0.12599311332379276
5	1042	Normalized kNN (test)	1.0	0.02680350781129935	0.032692307692307694	0.021178339456792143	0.020523746399386398
5	1042	kNN (full)	1.0	0.2660036640489844	0.18076923076923077	0.20296865465713898	0.14328377852634086
4	1042	Average Rating	1.0	0.07434731392964453	0.051923076923076926	0.05105402264340851	0.031945559080750106
4	1042	iMF (test)	1.0	0.2693712145521028	0.16923076923076924	0.22208107058518664	0.1450070168129394
4	1042	Normalized kNN (full)	1.0	0.19934658510707906	0.12692307692307694	0.1783520261727038	0.11315566784772556
4	1042	Random	1.0	0.026524104081709292	0.01153846153846154	0.021212121212121213	0.009516765285996055
2	200	iMF (full)	1.0	0.44901312003148325	0.2865384615384615	0.3995941261098769	0.262324429602713
2	200	Popularity	1.0	0.28028918936584596	0.18076923076923077	0.22844895207724925	0.164889707070353
2	200	kNN (test)	1.0	0.36825223388653244	0.25	0.3051687917909256	0.21603705143713708
2	200	Normalized kNN (test)	1.0	0.12824625759687566	0.12307692307692308	0.1026429135570574	0.09172200573530288
2	200	kNN (full)	1.0	0.41335268268185277	0.2730769230769231	0.36540886692461777	0.2439890546168731
1	200	Average Rating	1.0	0.1378047954787836	0.10384615384615385	0.07445990758083329	0.07099175719878117
1	200	iMF (test)	1.0	0.36855613939243886	0.2826923076923077	0.3604676911910689	0.25968984240685566
1	200	Normalized kNN (full)	0.8865384615384616	0.312180777869545	0.22692307692307695	0.29539180046155	0.21208808027890994
1	200	Random	1.0	0.06489862954479458	0.05	0.04210749192688335	0.03614708854366966
4	2	iMF (full)	0.8884615384615385	0.8194548416121066	0.5173076923076922	0.7544909359002167	0.5005085585090273
4	2	Popularity	0.8653846153846154	0.8340835377293285	0.5230769230769231	0.7589183677091539	0.5068332692104283
4	2	kNN (test)	0.8653846153846154	0.8502823659276516	0.5269230769230769	0.7608504736327419	0.5085884437961471
4	2	Normalized kNN (test)	0.7846153846153846	0.7730026595506677	0.48846153846153845	0.7065101980375286	0.4720732036253284
4	2	kNN (full)	0.823076923076923	0.8416058334288663	0.5192307692307693	0.7442143319966003	0.49836028186519876
2	2	Average Rating	0.8711538461538461	0.681567172609786	0.4653846153846154	0.7038842033475655	0.4677453025145736
4	500	iMF (full)	1.0	0.33596115278622257	0.2326923076923077	0.26233739906870407	0.18764811206280532
4	500	Popularity	1.0	0.2582476438263611	0.15384615384615385	0.19827254898807112	0.13772021755593195
4	500	kNN (test)	1.0	0.4051569618382692	0.23653846153846156	0.313367240751032	0.20378489241184436
2	2	iMF (test)	0.8884615384615385	0.7425311505923362	0.4942307692307692	0.7502856096754424	0.49336286410126473
4	200	iMF (full)	1.0	0.4680146566573364	0.3153846153846154	0.39959057927756986	0.27532001544467327
4	500	Normalized kNN (test)	1.0	0.11325620647051109	0.09038461538461538	0.09988066177973903	0.06343043495745339
4	200	Popularity	1.0	0.3848219027747127	0.24807692307692308	0.300224327139016	0.21710413380458327
4	500	kNN (full)	1.0	0.4133730398973319	0.24423076923076922	0.308944663722072	0.20753100664617005
4	200	kNN (test)	1.0	0.5018002210787622	0.3076923076923077	0.4130423018080044	0.2757024512006562
2	2	Normalized kNN (full)	0.6230769230769231	0.5768225282519874	0.3807692307692308	0.5019465435436461	0.3586522552338626
2	2	Random	0.8884615384615385	0.6031498809279404	0.43076923076923074	0.6956628329097158	0.4432517921894713
4	200	Normalized kNN (test)	1.0	0.24011943167833244	0.18269230769230768	0.23212631950517307	0.15247125212647886
2	500	Average Rating	1.0	0.09145790724565907	0.07115384615384615	0.057770879844462386	0.05115778274417236
4	200	kNN (full)	1.0	0.5262536588003361	0.31923076923076926	0.4577515787404866	0.2932386331571403
2	500	iMF (test)	1.0	0.2826029269400169	0.2	0.26538058589561647	0.18164304242544357
2	500	Normalized kNN (full)	0.9961538461538461	0.21284296449982495	0.1576923076923077	0.19240381680947127	0.13500831122756754
2	500	Random	1.0	0.021979287890968226	0.019230769230769232	0.02048009280295511	0.014567316997283041
1	200	kNN (full)	1.0	0.37908701598116007	0.2865384615384615	0.31898030623666046	0.2492776402700489
1	200	Popularity	1.0	0.2519654163744088	0.1846153846153846	0.19660983207725705	0.152728795059982
1	200	kNN (test)	1.0	0.3636578762031287	0.27884615384615385	0.3025007911696841	0.23700193520588228
1	200	Normalized kNN (test)	1.0	0.1602107045727352	0.14038461538461539	0.12045175458313882	0.10735124845189117
4	1	iMF (full)	0.8500000000000001	0.8337813696310057	0.5288461538461539	0.7673960863053669	0.5125605673876615
4	1	Popularity	0.8269230769230769	0.847864139139124	0.5288461538461539	0.7629247779655641	0.5112951961723552
4	1	kNN (test)	0.8269230769230769	0.8596055386982007	0.5288461538461539	0.7620092507530575	0.5100858594239974
4	1	Normalized kNN (test)	0.7519230769230769	0.7857187174166209	0.49230769230769234	0.7083100007988699	0.4745321577147172
4	1	kNN (full)	0.7903846153846155	0.8532568170326609	0.5211538461538462	0.7453731091169158	0.4998576974930492
2	1	Average Rating	0.8326923076923076	0.6936299392205927	0.46923076923076923	0.7101876221509844	0.47219030926221195
2	1	iMF (test)	0.8480769230769231	0.752225325313764	0.5038461538461538	0.7588774807673135	0.5021213822347829
2	1	Normalized kNN (full)	0.6173076923076923	0.5787668318661522	0.3807692307692308	0.5019465435436461	0.3586522552338626
2	1	Random	0.8480769230769231	0.6542581404370998	0.4461538461538461	0.7240278895415327	0.4632663909126863
4	1042	iMF (full)	1.0	0.26038137948193457	0.1846153846153846	0.20951244303491362	0.14748067438286466
4	1042	Popularity	1.0	0.18026313175227832	0.10961538461538461	0.15017563456689878	0.10127124096422385
4	1042	kNN (test)	1.0	0.31054931409104847	0.18846153846153849	0.25426547044624126	0.16022123638381564
4	1042	Normalized kNN (test)	1.0	0.05890102186296929	0.044230769230769226	0.04666919659139727	0.026620443121692615
4	1042	kNN (full)	1.0	0.3253199607933705	0.1903846153846154	0.25973384466461547	0.16370783393149915
2	1042	Average Rating	1.0	0.05576243767371905	0.04615384615384616	0.03157247161869685	0.03287814313356109
2	1042	iMF (test)	1.0	0.22093002489728078	0.13653846153846155	0.19597582078424877	0.12994710552469602
2	1042	Normalized kNN (full)	1.0	0.142804027051428	0.10384615384615385	0.1270132443573006	0.08967146272613108
2	1042	Random	1.0	0.020420428688251016	0.013461538461538462	0.008266802794160104	0.008788178196072933
2	2	iMF (full)	0.8884615384615385	0.7612754830023754	0.4942307692307692	0.7452906177700732	0.4894806352190359
2	2	Popularity	0.8711538461538461	0.722521633227893	0.49038461538461536	0.7248346696985325	0.4889129201911047
2	2	kNN (test)	0.8692307692307693	0.7335284018948988	0.49807692307692303	0.723504098189436	0.48928805070205866
2	2	Normalized kNN (test)	0.7884615384615384	0.6845467211728977	0.4538461538461539	0.6669319807335783	0.44680674187236324
2	2	kNN (full)	0.823076923076923	0.7388487425895498	0.49615384615384617	0.7185005369358748	0.486667323081331
2	500	iMF (full)	1.0	0.3038722739305241	0.2057692307692308	0.2615552999814282	0.17829144908307384
2	500	Popularity	1.0	0.20583444025376185	0.12307692307692308	0.1649337177019185	0.11204834514335048
2	500	kNN (test)	1.0	0.27729998607771816	0.1903846153846154	0.2316308338319933	0.1642235054679166
2	500	Normalized kNN (test)	1.0	0.05879613588365527	0.06346153846153847	0.04206012458131852	0.04193999856820882
2	500	kNN (full)	1.0	0.29386045333755234	0.20192307692307693	0.27599098279164164	0.1811792176032846
1	2	Average Rating	0.8807692307692307	0.7055397765767643	0.49807692307692303	0.7082183684290473	0.49950931457035735
1	2	iMF (test)	0.9019230769230769	0.7918366689168596	0.5384615384615384	0.7627075358909039	0.5411127028434026
1	2	Normalized kNN (full)	0.5942307692307692	0.5830731562579301	0.3942307692307692	0.46840934788153576	0.36589310415893145
1	2	Random	0.9019230769230769	0.6591396767406899	0.48846153846153845	0.7212781492942614	0.5006516193385254
1	500	Average Rating	1.0	0.08637130475101061	0.06346153846153847	0.04219380850479658	0.04037029381463026
1	500	iMF (test)	1.0	0.2574187533307107	0.175	0.20260240822684333	0.1468621148852537
1	500	Normalized kNN (full)	0.9961538461538461	0.20719967391346247	0.14615384615384616	0.19215696531755821	0.13254238666693166
1	500	Random	1.0	0.025704686515149587	0.02692307692307692	0.019383390244476384	0.018681237107985107
2	1	iMF (full)	0.8480769230769231	0.7714718114147534	0.5	0.7533034382828938	0.4961579856463863
2	1	Popularity	0.8326923076923076	0.7331118486466071	0.48846153846153845	0.7226979175617804	0.486888628693129
2	1	kNN (test)	0.8307692307692308	0.7397606513609929	0.49807692307692303	0.7230233289586667	0.4890743754883834
2	1	Normalized kNN (test)	0.7615384615384616	0.6852684107849469	0.4538461538461539	0.6687634825650801	0.44760802392364535
2	1	kNN (full)	0.7942307692307692	0.7407686819477597	0.49615384615384617	0.7185005369358748	0.486667323081331
1	1	Average Rating	0.8423076923076922	0.7593906568089934	0.5269230769230769	0.7429281031387821	0.5301543897394263
1	1	iMF (test)	0.8673076923076923	0.7936167349753309	0.5461538461538461	0.7695574443765654	0.5476162528792354
1	1	Normalized kNN (full)	0.5865384615384616	0.5875561305063566	0.39807692307692305	0.4725614457836337	0.36999130214257836
1	1	Random	0.8673076923076923	0.6948116970336813	0.48846153846153845	0.7229478718971813	0.5037662382454626
2	1042	iMF (full)	1.0	0.23197789622788684	0.16153846153846155	0.208965268159544	0.1369888591259703
2	1042	Popularity	1.0	0.15644735382379998	0.07884615384615386	0.11633336552870405	0.07146904888554687
2	1042	kNN (test)	1.0	0.2187792350998817	0.14423076923076922	0.18043657399411644	0.12427700857393699
2	1042	Normalized kNN (test)	1.0	0.02437875644205585	0.026923076923076925	0.014171207637686962	0.01613987033067229
2	1042	kNN (full)	1.0	0.23553539174236454	0.16346153846153846	0.20304671370375552	0.141779507403163
1	1042	Average Rating	1.0	0.06857844435069661	0.05384615384615385	0.035313287154166526	0.033903082164491775
1	1042	iMF (test)	1.0	0.1610913188989984	0.11346153846153847	0.12960223955322794	0.09777315222041329
1	1042	Normalized kNN (full)	1.0	0.15155538797340165	0.1076923076923077	0.14291462498744412	0.10040660340033034
1	1042	Random	1.0	0.012124348618756066	0.01346153846153846	0.004497967151714291	0.006524725274725275
1	2	iMF (full)	0.9019230769230769	0.8201703533016537	0.551923076923077	0.7659392175495814	0.5464940746814964
1	2	Popularity	0.8807692307692307	0.764686746946474	0.5211538461538462	0.7328428168706314	0.5216053913059316
1	2	kNN (test)	0.8807692307692307	0.8001319131785478	0.5442307692307693	0.7476257113103786	0.5373511933278243
1	2	Normalized kNN (test)	0.7865384615384615	0.7442791915797909	0.5	0.6858088393493502	0.492752359753792
1	2	kNN (full)	0.8153846153846154	0.79984022463787	0.5346153846153846	0.731360899733067	0.5255113089260205
3	10	Average Rating	0.9980769230769231	0.5787153995704597	0.41923076923076924	0.5883231482343863	0.40295874056477976
3	10	iMF (test)	0.9980769230769231	0.7645539097997346	0.49615384615384617	0.7264332495176068	0.48869667311404263
3	10	Normalized kNN (full)	0.6096153846153846	0.5842672322565339	0.38269230769230766	0.48033903671286765	0.3470600533424913
3	10	Random	0.9980769230769231	0.4765910986940978	0.3288461538461539	0.5012975040030984	0.32117435774417935
1	500	iMF (full)	1.0	0.3209227808975574	0.24807692307692308	0.26806558359689914	0.2085511188025772
1	500	Popularity	1.0	0.1676418677603799	0.11346153846153847	0.12010239826675898	0.09276776319704388
1	500	kNN (test)	1.0	0.2739481858055838	0.1980769230769231	0.19826600875530745	0.15765124762175345
1	500	Normalized kNN (test)	1.0	0.09469537042426295	0.08653846153846154	0.05669098113166845	0.05598004505908276
1	500	kNN (full)	1.0	0.3014467132820877	0.21346153846153845	0.22476201216832767	0.1729346854753794
1	1	iMF (full)	0.8673076923076923	0.8059126200404969	0.5480769230769231	0.7637330903434543	0.5436570424326994
1	1	Popularity	0.8423076923076922	0.7754548867508506	0.525	0.738673791451606	0.5265924063548661
1	1	kNN (test)	0.8423076923076922	0.8048357377083687	0.5538461538461539	0.7610116309462982	0.5488741560891772
1	1	Normalized kNN (test)	0.7711538461538462	0.7602952210494458	0.5096153846153846	0.6975921948827057	0.5032697920978497
1	1	kNN (full)	0.801923076923077	0.8029396111281082	0.5384615384615384	0.7371918743140415	0.530498323974955
3	20	Average Rating	1.0	0.45156765501200274	0.31923076923076926	0.3906155741233594	0.28363972428517764
3	20	iMF (test)	1.0	0.7127605229216764	0.46923076923076923	0.6871624067573686	0.4630649532690043
3	20	Normalized kNN (full)	0.6288461538461539	0.5582084299454236	0.36538461538461536	0.46054077125283754	0.3301884631736875
3	20	Random	1.0	0.34545327656161534	0.2692307692307692	0.34026041443907745	0.24409290561232527
3	0	Average Rating	0.7576923076923077	0.8273415156344447	0.5230769230769231	0.7578682559044938	0.5172328054608113
3	0	iMF (test)	0.7692307692307693	0.8106806313750037	0.5269230769230769	0.7717996292666341	0.524520304578467
3	0	Normalized kNN (full)	0.5692307692307692	0.609719140236738	0.4	0.49408371137085505	0.36171863227191464
3	0	Random	0.7692307692307693	0.7874461713111762	0.5173076923076922	0.771036676720986	0.5228438172567933
1	1042	iMF (full)	1.0	0.24818704433405936	0.18846153846153849	0.18524007177921975	0.14883337701916502
1	1042	Popularity	1.0	0.12429556777047292	0.08269230769230769	0.10155906064252097	0.07216759878313457
1	1042	kNN (test)	1.0	0.20795486206148023	0.14807692307692308	0.14313889134208996	0.11371513562925896
1	1042	Normalized kNN (test)	1.0	0.03877237889752456	0.03653846153846154	0.03000100965786239	0.026030192728850706
1	1042	kNN (full)	1.0	0.22585997448320702	0.1576923076923077	0.15957881160844212	0.12317312546516253
2	20	Average Rating	1.0	0.4026051689779247	0.31153846153846154	0.38681005409256525	0.2869555702049182
2	20	iMF (test)	1.0	0.6666560920384309	0.4326923076923077	0.6354617358060637	0.42169925344027376
2	20	Normalized kNN (full)	0.6846153846153846	0.5439813314725047	0.36346153846153845	0.4835933689404715	0.3419124998218811
2	20	Random	1.0	0.2880560725072071	0.23653846153846156	0.2774900073076449	0.21336672752745317
3	100	Average Rating	1.0	0.20961061733428923	0.16538461538461538	0.17876017549388168	0.13770384266258695
3	100	iMF (test)	1.0	0.5152454500992654	0.36538461538461536	0.515232088301674	0.34445236723981254
3	100	Normalized kNN (full)	0.7769230769230769	0.43584194362056194	0.2980769230769231	0.40104775993421327	0.27165082499824555
3	100	Random	1.0	0.12635755165430487	0.1	0.11685379829270554	0.08119196279498199
3	10	iMF (full)	0.9980769230769231	0.7080550181451298	0.4826923076923077	0.7088410596493298	0.47564926603870605
3	10	Popularity	0.9980769230769231	0.7258985880025802	0.4807692307692308	0.704145568789643	0.4749614082064953
3	10	kNN (test)	0.9980769230769231	0.7238875290025837	0.4788461538461538	0.6947878703691583	0.46853636095009243
3	10	Normalized kNN (test)	0.9019230769230769	0.6393425481932257	0.4423076923076923	0.6502889259011736	0.4341124231618479
3	10	kNN (full)	0.9384615384615385	0.7256438631219313	0.4730769230769231	0.6876680290335747	0.46401927473539356
5	10	Average Rating	1.0	0.5739813576107482	0.41346153846153844	0.5689735574801701	0.39992816563389677
5	10	iMF (test)	1.0	0.7332629158606923	0.49038461538461536	0.6377184604187734	0.4620969885226864
5	10	Normalized kNN (full)	0.6173076923076923	0.5846216724326907	0.3961538461538462	0.44258297370046934	0.3430910841569696
5	10	Random	1.0	0.45421646658311116	0.3403846153846154	0.4722360629485579	0.32656306993984124
3	20	iMF (full)	1.0	0.6372197323649841	0.4403846153846154	0.6301135251065778	0.42853502175846986
3	20	Popularity	1.0	0.6451929175172443	0.44423076923076926	0.6445923497544543	0.4335205619911133
3	20	kNN (test)	1.0	0.6654496856722681	0.4403846153846154	0.6331986425661064	0.4279783766246573
3	20	Normalized kNN (test)	1.0	0.5296351019692731	0.39807692307692305	0.5396157467411524	0.37735874369334926
3	20	kNN (full)	0.9923076923076923	0.6813363519731446	0.44423076923076926	0.645595220483784	0.4345604894061629
5	20	Average Rating	1.0	0.4211276301838497	0.31923076923076926	0.3982849598347142	0.2906341553556036
3	0	iMF (full)	0.7692307692307693	0.7841288193541835	0.5192307692307693	0.7642564410515533	0.5169746254810638
3	0	Popularity	0.7576923076923077	0.8057824506800298	0.5230769230769231	0.7623735663197	0.5200085069981227
3	0	kNN (test)	0.7576923076923077	0.8019014002718154	0.5211538461538462	0.7589227550922785	0.5167458772591563
3	0	Normalized kNN (test)	0.7134615384615385	0.7731002645722985	0.5038461538461538	0.7206653899262179	0.4963231389805656
3	0	kNN (full)	0.7480769230769231	0.7904495720243936	0.5115384615384616	0.7415465035002845	0.5067061085986979
5	20	iMF (test)	1.0	0.6654681876577373	0.46153846153846156	0.5939828310066566	0.43111286097889223
5	20	Normalized kNN (full)	0.6653846153846155	0.5542300763623383	0.38461538461538464	0.4353881518384648	0.33508500147634035
5	20	Random	1.0	0.3307763863901043	0.26153846153846155	0.3255861240844078	0.2309328999587206
5	0	Average Rating	0.7903846153846155	0.7608284022534735	0.5192307692307693	0.6940219596570553	0.5044799451972539
5	0	iMF (test)	0.8211538461538462	0.8044686828844603	0.5384615384615384	0.724738465373561	0.5224998856158669
5	0	Normalized kNN (full)	0.5692307692307692	0.6076633207657839	0.4115384615384615	0.45275425666586994	0.3545462915362896
5	0	Random	0.8211538461538462	0.739563022544048	0.49807692307692303	0.7079140121667715	0.5009458413238713
2	20	iMF (full)	1.0	0.640421345679182	0.4269230769230769	0.6140177239971795	0.4075214833227733
2	20	Popularity	1.0	0.5666971492558998	0.3961538461538462	0.5290229902432361	0.37584438597609454
2	20	kNN (test)	1.0	0.6282025914960025	0.4269230769230769	0.590013977199315	0.40572537942565073
2	20	Normalized kNN (test)	0.9865384615384615	0.515887424082019	0.38461538461538464	0.5530111793127769	0.36963482359081057
2	20	kNN (full)	0.9807692307692307	0.6495560659499444	0.4403846153846154	0.6164969849323227	0.4221807640311902
1	20	Average Rating	1.0	0.42119722655111436	0.33269230769230773	0.4015692782169596	0.30580666624633135
1	20	iMF (test)	1.0	0.6882808842183052	0.4807692307692308	0.6684698724901033	0.4757312484740475
1	20	Normalized kNN (full)	0.6423076923076922	0.5406493699730939	0.3692307692307692	0.44836598019401175	0.34624507337729743
1	20	Random	1.0	0.3348320126301167	0.2673076923076923	0.3565493556655725	0.24704031374337493
3	100	iMF (full)	1.0	0.4810896530527007	0.3403846153846154	0.46176822192633726	0.3153072596612623
3	100	Popularity	1.0	0.42705934768324405	0.29038461538461535	0.3889760874595456	0.2665450144944442
3	100	kNN (test)	1.0	0.4738290727131894	0.31153846153846154	0.41280479965291356	0.2840195614715513
3	100	Normalized kNN (test)	1.0	0.22938165627407464	0.19423076923076923	0.195680541723325	0.15595435689218282
3	100	kNN (full)	1.0	0.4794429727753958	0.31923076923076926	0.4407517522297387	0.2970301273148421
5	100	Average Rating	1.0	0.21094705365580937	0.15961538461538463	0.16797533485344765	0.13000474245057014
5	100	iMF (test)	1.0	0.4897560891738571	0.32499999999999996	0.43111109196425185	0.3025246704229709
5	100	Normalized kNN (full)	0.7634615384615385	0.4339262028026157	0.2923076923076923	0.33407510360919296	0.24716448081712983
5	100	Random	1.0	0.09614666740578838	0.09038461538461538	0.0788492239272122	0.06965873679870088
5	10	iMF (full)	1.0	0.7113002760733497	0.48846153846153845	0.6340117995042951	0.4601057168305655
5	10	Popularity	1.0	0.6593443254718689	0.45576923076923076	0.6090205596982249	0.438142745211474
5	10	kNN (test)	1.0	0.7208927911781786	0.4846153846153846	0.6342902700273308	0.45898482555771847
5	10	Normalized kNN (test)	0.9538461538461539	0.6409755279892982	0.46153846153846156	0.6115754508051586	0.43925379354922456
5	10	kNN (full)	0.95	0.7228781604784048	0.4807692307692308	0.6247907497621455	0.45353326985184317
4	10	Average Rating	1.0	0.6021660497382149	0.4019230769230769	0.584131494544917	0.38344228010629006
4	10	iMF (test)	1.0	0.7787204837064667	0.4846153846153846	0.7157837012282559	0.4686814205630585
4	10	Normalized kNN (full)	0.5807692307692307	0.6008867053687997	0.37307692307692303	0.4497352653112865	0.3296950873332404
4	10	Random	1.0	0.41593491478992006	0.3269230769230769	0.45892216491824656	0.3102771514578813
5	0	iMF (full)	0.8211538461538462	0.7861796137183413	0.5423076923076923	0.723404351396847	0.5225197001376186
5	0	Popularity	0.7903846153846155	0.7672342249067696	0.5153846153846154	0.6889295342376175	0.5001077132954309
5	0	kNN (test)	0.7903846153846155	0.7919617794751447	0.5269230769230769	0.6913221270591878	0.5050066452652786
5	0	Normalized kNN (test)	0.7480769230769231	0.7487322811553212	0.5115384615384616	0.6614956108768364	0.48454908276514563
5	0	kNN (full)	0.7730769230769231	0.7856215638492264	0.5230769230769231	0.6745390690756824	0.496929863907862
4	0	Average Rating	0.7788461538461539	0.81516194559668	0.5019230769230769	0.7457567545815482	0.4922285674838569
4	0	iMF (test)	0.8076923076923077	0.8427229030043415	0.5288461538461539	0.77130794748467	0.5149250537144121
4	0	Normalized kNN (full)	0.5442307692307693	0.6243411832932373	0.38461538461538464	0.45604173843445356	0.33736207391899126
4	0	Random	0.8076923076923077	0.7543039580222123	0.49230769230769234	0.7491057466832832	0.4913265877989291
1	20	iMF (full)	1.0	0.696176169187366	0.49615384615384617	0.6623332748811387	0.4777170554132887
1	20	Popularity	1.0	0.6120590826953716	0.43846153846153846	0.5982576920281536	0.42655172079828396
1	20	kNN (test)	1.0	0.6647490683276843	0.4788461538461538	0.6289647970612291	0.45695856515298616
1	20	Normalized kNN (test)	1.0	0.5484742832463059	0.41730769230769227	0.5614258999847932	0.3989335978086904
1	20	kNN (full)	0.9769230769230769	0.6943765959983952	0.4826923076923077	0.6496911805633478	0.46483936133456827
4	20	Average Rating	1.0	0.46692773988931846	0.3076923076923077	0.43299426987045825	0.2847298487780573
5	20	iMF (full)	1.0	0.6582635635634576	0.4653846153846154	0.5871649780251207	0.43317667359670575
5	20	Popularity	1.0	0.5982886207480067	0.4211538461538461	0.5519844245370897	0.396067781123623
5	20	kNN (test)	1.0	0.6771206727219556	0.4538461538461539	0.5916454814653597	0.42681435330125067
4	20	iMF (test)	1.0	0.7461623499027541	0.46923076923076923	0.6861196530387728	0.4489542111540804
4	20	Normalized kNN (full)	0.6288461538461539	0.5919546562313476	0.37307692307692303	0.4495237549933932	0.32943718773323555
4	20	Random	1.0	0.32034602497769643	0.2423076923076923	0.29529908060997384	0.21315337607001478
5	20	Normalized kNN (test)	0.9980769230769231	0.5327728806611758	0.4230769230769231	0.5401286457985711	0.39210235764992335
5	20	kNN (full)	0.9826923076923078	0.6842186461852046	0.46153846153846156	0.5887099064082844	0.4291429755764157
4	20	kNN (full)	0.9692307692307692	0.7613862410171416	0.475	0.6819352045117483	0.45187574814790804
4	20	Popularity	1.0	0.677629235594899	0.43653846153846154	0.6180935267613255	0.4114495196538069
4	20	kNN (test)	1.0	0.7408205072543945	0.4634615384615385	0.6537231387996825	0.4378185463198084
4	20	Normalized kNN (test)	0.9961538461538461	0.5766357888276518	0.3942307692307692	0.557330709434963	0.36690584457016473
5	100	iMF (full)	1.0	0.4943806902307089	0.36538461538461536	0.4405083176203953	0.32698102037696175
5	100	Popularity	1.0	0.41126670758162565	0.27307692307692305	0.3342043084113854	0.2390281905955563
5	100	kNN (test)	1.0	0.5058215340344998	0.3403846153846154	0.4209452326401108	0.3028166390736988
5	100	Normalized kNN (test)	1.0	0.2494960502529736	0.20961538461538462	0.21808608878831992	0.16821182819995803
5	100	kNN (full)	1.0	0.5417814219606321	0.3692307692307692	0.46391893359814684	0.33353960237623775
4	100	Average Rating	1.0	0.2363729968424902	0.16153846153846155	0.19855674201837148	0.13311851613127657
4	100	iMF (test)	1.0	0.5761142767562613	0.36346153846153845	0.541685477845596	0.34157193774802175
4	100	Normalized kNN (full)	0.7461538461538461	0.48089172083180143	0.3057692307692308	0.3801539708865423	0.2702608467276288
4	100	Random	1.0	0.12715273618841602	0.10576923076923077	0.11962011663912607	0.07845212442125106
4	10	iMF (full)	1.0	0.7574821782030062	0.4826923076923077	0.6937859357721395	0.4594879709583394
4	10	Popularity	1.0	0.7647080161630908	0.4846153846153846	0.7097444113236591	0.46728673389884273
4	10	kNN (test)	1.0	0.7957289366620992	0.49230769230769234	0.6975496718704016	0.4684965670738356
4	10	Normalized kNN (test)	0.926923076923077	0.6998973520819416	0.45576923076923076	0.6665849036180869	0.43839950839472774
4	10	kNN (full)	0.9307692307692308	0.806905252019615	0.49038461538461536	0.7050740918948216	0.46751151246291767
2	10	Average Rating	1.0	0.534039671188135	0.38269230769230766	0.5787472195669647	0.3793597231898594
2	10	iMF (test)	1.0	0.687554414172805	0.4596153846153846	0.6496885618738997	0.44541285325681473
2	10	Normalized kNN (full)	0.6807692307692308	0.5512121397731667	0.3692307692307692	0.4910643701614727	0.3476704738573444
2	10	Random	1.0	0.45664451584250937	0.3423076923076923	0.4912714756886127	0.32964136839373065
4	0	iMF (full)	0.8076923076923077	0.8411386930512383	0.5307692307692308	0.7712422401515209	0.5151246699517641
4	0	Popularity	0.7788461538461539	0.8583769720912247	0.5326923076923077	0.7672517010424873	0.5153550252321842
4	0	kNN (test)	0.7788461538461539	0.8682777861980528	0.5346153846153846	0.7687400199838267	0.5162824406205787
4	0	Normalized kNN (test)	0.7250000000000001	0.8052238114256605	0.49615384615384617	0.7115151290039979	0.47799369617625576
4	0	kNN (full)	0.7576923076923077	0.8598437365897179	0.525	0.7497000321938389	0.5039175265528782
2	0	Average Rating	0.7846153846153846	0.7224115163585272	0.4788461538461538	0.7211384768518391	0.48242422739086693
2	0	iMF (test)	0.8	0.7607408254408404	0.5038461538461538	0.7602284174123679	0.5028283635919191
2	0	Normalized kNN (full)	0.6115384615384616	0.581519941662595	0.3807692307692308	0.5019465435436461	0.3586522552338626
2	0	Random	0.8	0.7171514239566206	0.4730769230769231	0.741219903348419	0.4860023613669355
4	100	iMF (full)	1.0	0.5540784739769642	0.38269230769230766	0.5027057730573614	0.34261405547169776
4	100	Popularity	1.0	0.46105109477164213	0.3019230769230769	0.4261574889937782	0.2781081429286805
4	100	kNN (test)	1.0	0.5877903201846877	0.36153846153846153	0.49636051732609154	0.32773531662100486
4	100	Normalized kNN (test)	1.0	0.3200672379193112	0.23461538461538461	0.29352159081770735	0.20103006959879768
4	100	kNN (full)	1.0	0.5968523767147331	0.375	0.5176741976071632	0.3434350492994825
2	100	Average Rating	1.0	0.19029502074353072	0.15576923076923077	0.13124429429495316	0.11820356826406654
2	100	iMF (test)	1.0	0.4931736988714557	0.3173076923076923	0.4672617173840696	0.30151292180152256
2	100	Normalized kNN (full)	0.7884615384615384	0.40185028792365246	0.27692307692307694	0.3853494776319888	0.2573772578682062
2	100	Random	1.0	0.09713777226652177	0.07692307692307693	0.08347008381042668	0.060401664725010726
2	10	iMF (full)	1.0	0.6893418221415726	0.4480769230769231	0.6653074065368619	0.4335326814501724
2	10	Popularity	1.0	0.643870074522584	0.4326923076923077	0.6453268252970711	0.4251152390447268
2	10	kNN (test)	1.0	0.6620843827193366	0.44423076923076926	0.6336536708390087	0.4276916039937574
2	10	Normalized kNN (test)	0.9211538461538461	0.5816793139924523	0.4115384615384615	0.6196249168823967	0.4041205279481338
2	10	kNN (full)	0.9326923076923077	0.6702788255266019	0.4480769230769231	0.6347932719786098	0.4314244390271996
1	10	Average Rating	1.0	0.5428231166007843	0.4	0.5801730218826047	0.395915453533567
1	10	iMF (test)	1.0	0.7278905256698404	0.4942307692307692	0.6912980735932657	0.49307853397148776
1	10	Normalized kNN (full)	0.6211538461538461	0.569412880556684	0.38269230769230766	0.4599480379496376	0.3564826802748234
1	10	Random	1.0	0.38993643422736146	0.31923076923076926	0.46865483857433243	0.32205939545831036
2	0	iMF (full)	0.8	0.7841070173623312	0.5076923076923077	0.7641703491498046	0.5050331146453544
2	0	Popularity	0.7846153846153846	0.7466660508401931	0.49615384615384617	0.7320996269634897	0.49526413476600345
2	0	kNN (test)	0.7826923076923078	0.7455505603117449	0.5019230769230769	0.7275639272492651	0.4932354191231113
2	0	Normalized kNN (test)	0.7365384615384615	0.7008809036532893	0.46153846153846156	0.6759451897467872	0.4549894582787639
2	0	kNN (full)	0.7711538461538462	0.7447577702950886	0.49807692307692303	0.7206372890726269	0.4886916145793067
1	0	Average Rating	0.7980769230769231	0.8031107183220798	0.5326923076923077	0.749147578108257	0.5359272116887189
1	0	iMF (test)	0.8269230769230769	0.8035697020585938	0.5461538461538461	0.7706140201629345	0.547817395520284
1	0	Normalized kNN (full)	0.5846153846153845	0.5919682123213433	0.4019230769230769	0.47549947997166786	0.3731468153600111
1	0	Random	0.8269230769230769	0.7170175184430545	0.5076923076923077	0.7371485014683785	0.5184017865966779
2	100	iMF (full)	1.0	0.5084642181386086	0.3423076923076923	0.46661040485662064	0.3138012326810879
2	100	Popularity	1.0	0.3709801126876921	0.25384615384615383	0.3256658545175146	0.23596833769589956
2	100	kNN (test)	1.0	0.4615916337150529	0.31923076923076926	0.4179991169070974	0.2848690033753298
2	100	Normalized kNN (test)	1.0	0.22300718431939778	0.1980769230769231	0.2151524950885	0.16172844645440848
2	100	kNN (full)	1.0	0.4876208182805574	0.3346153846153846	0.4346835898415703	0.30343855084163834
1	100	Average Rating	1.0	0.19214203444746808	0.15384615384615385	0.134418196656493	0.11796442846864579
1	100	iMF (test)	1.0	0.5025878100418691	0.36538461538461536	0.4912244387568227	0.34276406402380544
1	100	Normalized kNN (full)	0.7423076923076923	0.398943132378596	0.2692307692307692	0.3343075732670744	0.24784022006949108
1	100	Random	1.0	0.09325554507202562	0.07307692307692308	0.061545675132241046	0.0525527368396288
1	10	iMF (full)	1.0	0.7344298975887488	0.5057692307692307	0.6851903912125198	0.4926513860090863
1	10	Popularity	1.0	0.6798137019375413	0.47692307692307695	0.6741044883899322	0.47429317227465917
1	10	kNN (test)	1.0	0.7352703099925643	0.5076923076923077	0.6890820490902457	0.49526833566834133
1	10	Normalized kNN (test)	0.9442307692307692	0.6363811071336519	0.4634615384615385	0.6411431945179698	0.45528694848807116
1	10	kNN (full)	0.926923076923077	0.7443448567121221	0.5076923076923077	0.6907430616887583	0.49582565373726933
3	5	Average Rating	0.95	0.680907815841283	0.46923076923076923	0.6917461916941944	0.46271823942564516
3	5	iMF (test)	0.9653846153846154	0.7779897673470388	0.5096153846153846	0.7508688969872176	0.5058275028307918
3	5	Normalized kNN (full)	0.5942307692307692	0.5980558733884332	0.39807692307692305	0.4931221729093166	0.36043658098986336
3	5	Random	0.9653846153846154	0.5996720644715928	0.4153846153846154	0.669700789054735	0.4279343423730737
1	0	iMF (full)	0.8269230769230769	0.825109013169986	0.5596153846153846	0.7768423768902407	0.554681965222328
1	0	Popularity	0.7980769230769231	0.7927562395983482	0.5307692307692308	0.7446261724039869	0.5321228236499893
1	0	kNN (test)	0.7980769230769231	0.8248457298850226	0.5576923076923077	0.764560165744833	0.5522678212475483
1	0	Normalized kNN (test)	0.75	0.7865720417652489	0.5115384615384616	0.6999960410365519	0.5054065442346019
1	0	kNN (full)	0.7807692307692308	0.8109257562525022	0.5403846153846155	0.7379931563653236	0.5316295456944121
2	5	Average Rating	0.9673076923076922	0.6152448544948353	0.4423076923076923	0.6766898699032322	0.4434411527170028
2	5	iMF (test)	0.9788461538461538	0.7241742604517566	0.4730769230769231	0.7314670099744898	0.4756785671890267
2	5	Normalized kNN (full)	0.6442307692307693	0.570602074888504	0.375	0.498420902518005	0.3546466117545349
2	5	Random	0.9788461538461538	0.5128976182765431	0.38846153846153847	0.6304593449472367	0.3983075750041675
1	100	iMF (full)	1.0	0.5182536576261582	0.37692307692307697	0.48019557644765565	0.34796442049613724
1	100	Popularity	1.0	0.3467608708590409	0.2557692307692308	0.2862717246222765	0.22312417597721332
1	100	kNN (test)	1.0	0.4614905515787325	0.33269230769230773	0.39639291639762164	0.29818943627178063
1	100	Normalized kNN (test)	1.0	0.23942618157846213	0.2057692307692308	0.2160031350303426	0.17328642739705946
1	100	kNN (full)	1.0	0.49959265841159517	0.3480769230769231	0.45846134010497724	0.31812396499574963
2	50	Average Rating	1.0	0.2532156200757611	0.19615384615384615	0.18507126096314822	0.15660104233007535
2	50	iMF (test)	1.0	0.5777290554963759	0.37884615384615383	0.569136596499072	0.3675866115789888
2	50	Normalized kNN (full)	0.75	0.4731122727377273	0.3153846153846154	0.4307095949130804	0.29546330967329826
2	50	Random	1.0	0.19520991952952807	0.13653846153846155	0.1576263343336572	0.11627720691954015
3	5	iMF (full)	0.9653846153846154	0.7377855700585633	0.49615384615384617	0.7297784190735312	0.49097993138682217
3	5	Popularity	0.95	0.7558016099397081	0.5019230769230769	0.732779549225683	0.4962851543274016
3	5	kNN (test)	0.95	0.7586562626937507	0.49615384615384617	0.7245201478955535	0.4899052342420427
3	5	Normalized kNN (test)	0.8288461538461539	0.68170961041959	0.46923076923076923	0.6823472538139641	0.4619188006288588
3	5	kNN (full)	0.8846153846153846	0.755090078959104	0.49615384615384617	0.7192708624746433	0.48963429152688087
5	5	Average Rating	0.9576923076923076	0.659377815835841	0.48846153846153845	0.656094228346971	0.4735568380884064
5	5	iMF (test)	0.9826923076923078	0.7540857671085892	0.5115384615384616	0.6839629838691792	0.4914187818373947
5	5	Normalized kNN (full)	0.5961538461538461	0.6006541384146717	0.4076923076923077	0.4484807523923657	0.3504977085403382
5	5	Random	0.9826923076923078	0.5692572581269484	0.44423076923076926	0.6187509911635802	0.4315593668366899
2	5	iMF (full)	0.9788461538461538	0.723664386999665	0.475	0.7151166250960805	0.4667170426025021
2	5	Popularity	0.9673076923076922	0.6808026515117201	0.4673076923076923	0.6971332044970673	0.46521144966300876
2	5	kNN (test)	0.9673076923076922	0.7087597466472916	0.4846153846153846	0.7099128283481662	0.47713827237580975
2	5	Normalized kNN (test)	0.8711538461538461	0.6400324097149872	0.4423076923076923	0.6602691990707966	0.4388959027115241
2	5	kNN (full)	0.875	0.7203292913049002	0.4846153846153846	0.7081143952997331	0.47692139090892827
1	5	Average Rating	0.9730769230769231	0.6590744399358553	0.4846153846153846	0.6973133399350095	0.4887826995674266
1	5	iMF (test)	0.9788461538461538	0.7615461293529963	0.5307692307692308	0.7347428046512114	0.5270646813575983
1	5	Normalized kNN (full)	0.5980769230769231	0.5806445925699322	0.3942307692307692	0.46936015146391835	0.36665823814774967
1	5	Random	0.9788461538461538	0.5535585343666433	0.41346153846153844	0.6261687681225376	0.42475689310226306
2	50	iMF (full)	1.0	0.5693151432090888	0.37115384615384617	0.5130344187820219	0.347500101751474
2	50	Popularity	1.0	0.4672328824503787	0.33076923076923076	0.42336817190068304	0.30694398296393105
2	50	kNN (test)	1.0	0.5286409506636583	0.36153846153846153	0.4924718230316915	0.3352965164731983
2	50	Normalized kNN (test)	1.0	0.35146967749980723	0.28846153846153844	0.36741595823570344	0.25675059506751385
2	50	kNN (full)	1.0	0.5626535257008126	0.38269230769230766	0.5371630114728799	0.3630362920800256
1	50	Average Rating	1.0	0.2615705112753547	0.20384615384615384	0.18051751803533553	0.1589035225945106
1	50	iMF (test)	1.0	0.620290267334454	0.43653846153846154	0.6079152733194326	0.4249391144751382
1	50	Normalized kNN (full)	0.6942307692307692	0.4795707428962315	0.33269230769230773	0.409038857641252	0.3095258984663971
1	50	Random	1.0	0.13854134957227773	0.13076923076923078	0.10892612368714107	0.09453382418299752
5	5	iMF (full)	0.9826923076923078	0.7507403902861695	0.5211538461538462	0.6881835536760493	0.49771610893726626
5	5	Popularity	0.9576923076923076	0.7185699842436357	0.49038461538461536	0.6553970944551776	0.4727602070005562
5	5	kNN (test)	0.9576923076923076	0.7630387646092486	0.5115384615384616	0.6646127253497862	0.4858481721594371
5	5	Normalized kNN (test)	0.8538461538461538	0.7047325121887571	0.5	0.6460575766888023	0.4718619161306105
5	5	kNN (full)	0.875	0.761456034272769	0.5096153846153846	0.6555219750585883	0.4816550071856368
4	5	Average Rating	0.9634615384615385	0.6837775914501691	0.45576923076923076	0.7025922723177633	0.450978586664957
4	5	iMF (test)	0.9750000000000001	0.7979888945851366	0.5	0.7325984554097934	0.4831588128549051
4	5	Normalized kNN (full)	0.5692307692307692	0.6160830941525793	0.38269230769230766	0.4542934866862018	0.33553057208748943
4	5	Random	0.9750000000000001	0.6163868284898582	0.4153846153846154	0.6493156685278205	0.41195577661485905
1	5	iMF (full)	0.9788461538461538	0.7801234155083075	0.5403846153846155	0.7381664694643333	0.5302587985197496
1	5	Popularity	0.9730769230769231	0.7429928941923303	0.5115384615384616	0.718824196602011	0.5105115745619601
1	5	kNN (test)	0.9673076923076922	0.7811605098789168	0.5423076923076923	0.7423601435448107	0.5344625378656395
1	5	Normalized kNN (test)	0.8480769230769231	0.7145858893742806	0.49615384615384617	0.6840314683285581	0.4911852985371118
1	5	kNN (full)	0.8673076923076923	0.7810775614027806	0.5307692307692308	0.7235388606610278	0.5203891521010773
4	5	kNN (full)	0.8788461538461539	0.828418494999964	0.5038461538461538	0.7292346287342494	0.48460139980750616
4	5	Popularity	0.9634615384615385	0.8026712075539572	0.5096153846153846	0.7430377205785068	0.49290233902949804
4	5	kNN (test)	0.9596153846153845	0.8290879852499731	0.5115384615384616	0.7443803518741585	0.49371153929967737
4	5	Normalized kNN (test)	0.8384615384615385	0.7328001527281565	0.4730769230769231	0.6918644271417576	0.4573695902452444
1	50	iMF (full)	1.0	0.6378726536894649	0.4461538461538461	0.5796269861606237	0.4234874125732624
1	50	Popularity	1.0	0.4627619004776927	0.34423076923076923	0.41329593826123473	0.3188832056207988
1	50	kNN (test)	1.0	0.5611668236633626	0.3923076923076923	0.50634270741416	0.36489844795335835
1	50	Normalized kNN (test)	1.0	0.3670320168465811	0.29615384615384616	0.3278557616264996	0.2598516167026298
1	50	kNN (full)	1.0	0.6088747162713911	0.41923076923076924	0.5622902073348742	0.3969597287728685
5	50	Average Rating	1.0	0.27680166492846875	0.20576923076923076	0.2414345553714917	0.1757615077895636
5	50	iMF (test)	1.0	0.5906228271408457	0.4	0.519670520152163	0.3711935058701924
5	50	Normalized kNN (full)	0.7038461538461539	0.46944739513321854	0.3153846153846154	0.35617995391896656	0.26793059860335094
5	50	Random	1.0	0.17030520074230654	0.1423076923076923	0.16286349121606222	0.12321984615996613
4	5	iMF (full)	0.9750000000000001	0.7980280028443881	0.5	0.7327677624328571	0.48299209408963334
3	50	Random	1.0	0.2005353349124255	0.1576923076923077	0.18894147694400054	0.13591428011938642
5	50	iMF (full)	1.0	0.5497918615134483	0.4	0.486451393040436	0.36001598311543925
5	50	Popularity	1.0	0.4871217599737676	0.3384615384615385	0.4223089679846982	0.3046679658516647
5	50	kNN (test)	1.0	0.5896074244103819	0.39807692307692305	0.5060166917537526	0.36609566007949046
5	50	Normalized kNN (test)	1.0	0.3376364123706403	0.275	0.3200336306255676	0.2370752556258618
5	50	kNN (full)	1.0	0.609235765765837	0.4115384615384616	0.5148214366678325	0.376691486251942
4	50	Average Rating	1.0	0.30911415831362554	0.21538461538461537	0.26872277256197596	0.18162825447525457
4	50	iMF (test)	1.0	0.6720481152758657	0.4153846153846154	0.6173608600728565	0.3948048641510882
4	50	Normalized kNN (full)	0.7173076923076922	0.5388399767780715	0.3403846153846154	0.4250438289141645	0.3038958545966675
4	50	Random	1.0	0.17685129033581187	0.1576923076923077	0.1728589145540173	0.12393282359351966
3	50	iMF (full)	1.0	0.5689199925168847	0.38846153846153847	0.5452663726338631	0.3674694502008169
3	50	Popularity	1.0	0.5033382450354288	0.3403846153846154	0.4810169208343841	0.32204572719781593
3	50	kNN (test)	1.0	0.5611020846283767	0.36730769230769234	0.4957667890812877	0.342817868988355
3	50	Normalized kNN (test)	1.0	0.37907760575420457	0.2826923076923077	0.3423959750575832	0.24859727061072207
3	50	kNN (full)	1.0	0.5809027642122955	0.38269230769230766	0.5247435984468172	0.36065918880228115
3	50	iMF (test)	1.0	0.6250298545806968	0.4115384615384615	0.5966386723063534	0.39838828290727757
3	50	Normalized kNN (full)	0.6807692307692308	0.5201650075430163	0.33653846153846156	0.4293154869304437	0.30215500346027113
3	50	Average Rating	1.0	0.308768653484902	0.2326923076923077	0.2538493049794178	0.1962315052137855
4	50	iMF (full)	1.0	0.6477072691083771	0.43076923076923074	0.6040384147746185	0.3987083108294295
4	50	Popularity	1.0	0.5879712766636941	0.37884615384615383	0.5301696567605713	0.3515717804200535
4	50	kNN (test)	1.0	0.6559617711450259	0.4096153846153846	0.5562567457948668	0.3760493543789449
4	50	Normalized kNN (test)	1.0	0.4578802526144748	0.31346153846153846	0.4335154801640482	0.282047506858495
4	50	kNN (full)	1.0	0.6938609725906463	0.4288461538461539	0.6032238990120201	0.4023253566950758
4	20	iMF (full)	1.0	0.725448946975763	0.4653846153846154	0.6671322761242938	0.4400030909675887
1	200	iMF (full)	1.0	0.4185407282282729	0.31346153846153846	0.36291198323848484	0.27464702421007103
