fold	target size	recommender system	Coverage@10	nDCG@10	P@10	Recall@10	FScore@10
2	100	Average Rating	1.0	0.35151109221496507	0.2866383881230117	0.29956364364489235	0.2452408225213124
2	100	iMF (test)	1.0	0.6664902782737733	0.496712619300106	0.6011502160204539	0.456558664538929
3	100	Average Rating	1.0	0.36849494989530834	0.3131495227995758	0.3303343763301252	0.2676468136878947
2	100	Normalized kNN (full)	0.731813361611877	0.62920005102907	0.4495227995758218	0.4779166871207244	0.3903078136046517
2	100	Random	1.0	0.10366640035376899	0.08844114528101803	0.08456467502897659	0.07185823239404808
3	100	iMF (test)	1.0	0.6589136033388413	0.4835630965005302	0.6020497507954817	0.44769475333061237
3	100	Normalized kNN (full)	0.7253446447507953	0.6313328967796015	0.447932131495228	0.48848303431757245	0.3917137726249761
3	100	Random	1.0	0.10507456056037036	0.08494167550371157	0.08174577433620658	0.06868093235758417
2	100	iMF (full)	1.0	0.7484522904503399	0.5394485683987275	0.6485725256656282	0.4955234441932657
2	100	Popularity	1.0	0.6203934515327651	0.45068928950159065	0.552121238608557	0.41527231949755766
2	100	kNN (test)	0.9984093319194062	0.7412648382943374	0.5305408271474019	0.6383415057231071	0.4866588033747388
3	100	iMF (full)	1.0	0.7604090549344537	0.5347826086956522	0.6541823045489868	0.49261783094636896
3	100	Popularity	1.0	0.6397588763556232	0.452492046659597	0.5592692984634516	0.4164895427241364
3	100	kNN (test)	1.0	0.7531927356962415	0.5290562036055143	0.6459644041102542	0.48683860546720864
2	100	Normalized kNN (test)	1.0	0.4824231345205121	0.38430540827147397	0.40812789406804884	0.3317177784200869
3	100	Normalized kNN (test)	1.0	0.46865659269127424	0.3669141039236479	0.39093819443066063	0.31603690856292077
2	100	kNN (full)	0.9974549310710499	0.7408831543038098	0.5296924708377518	0.6360029224651931	0.4855400146695193
3	100	kNN (full)	0.9997879109225875	0.7502313486058745	0.5266171792152704	0.6428059248520046	0.4846256151658174
1	100	Average Rating	1.0	0.3927958702603935	0.3090137857900318	0.32825402654428676	0.26768927565878936
1	100	iMF (test)	1.0	0.6678993155408499	0.4874867444326617	0.5896075310025093	0.44602438936149696
1	100	Normalized kNN (full)	0.7262990455991516	0.6230333153177409	0.4423117709437964	0.47334728278204447	0.38458701116989696
1	100	Random	1.0	0.09986676630638736	0.09056203605514317	0.08313641909038064	0.07144705082065719
1	100	iMF (full)	1.0	0.7566160757565183	0.5334040296924708	0.6566536260722011	0.4930673044458053
1	100	Popularity	1.0	0.6192837756304493	0.4417815482502651	0.543974869871809	0.40619618997921797
1	100	kNN (test)	0.9997879109225875	0.7476922530078902	0.5286320254506893	0.650287929197386	0.4884048224183573
1	100	Normalized kNN (test)	1.0	0.4737241835802838	0.3844114528101803	0.42616886104963225	0.3376770976408658
1	100	kNN (full)	0.9988335100742312	0.7470936925289168	0.528101802757158	0.6493155588867707	0.4877083921911212
3	200	Average Rating	1.0	0.2723005388658074	0.2408271474019088	0.2517269498539391	0.20396686950909954
3	200	iMF (test)	1.0	0.6448306740756327	0.47709437963944856	0.5888891095910238	0.4397977681020011
2	200	Average Rating	1.0	0.21301581349488008	0.19183457051961825	0.17200616249281098	0.1523110290329277
2	200	iMF (test)	1.0	0.65747057123328	0.4907741251325557	0.5858796681580525	0.4490668255422523
3	200	Normalized kNN (full)	0.7256627783669141	0.6312584673802196	0.44782608695652176	0.4884558434102119	0.3916704891397899
3	200	Random	1.0	0.05847163318281028	0.05058324496288442	0.044925902510010815	0.03880267414597683
2	200	Normalized kNN (full)	0.7323435843054082	0.6290858893477049	0.4494167550371156	0.4777988598554952	0.3901961877744346
2	200	Random	1.0	0.060030800380423605	0.05164369034994698	0.04810812989734642	0.04149439776889967
3	200	iMF (full)	1.0	0.7590982919427014	0.5337221633085896	0.6540624980286257	0.4922948702992327
3	200	Popularity	1.0	0.6397588763556232	0.452492046659597	0.5592692984634516	0.4164895427241364
3	200	kNN (test)	1.0	0.7525144687215217	0.528525980911983	0.6445593139723965	0.48609966018955714
2	200	iMF (full)	1.0	0.7503970681882779	0.5401908801696712	0.6499528957397797	0.49633298738910403
2	200	Popularity	1.0	0.6203934515327651	0.45068928950159065	0.552121238608557	0.41527231949755766
2	200	kNN (test)	1.0	0.7409903916688838	0.5303287380699894	0.637722912580654	0.48634416573242356
3	200	Normalized kNN (test)	1.0	0.40687011114025073	0.327253446447508	0.35477718377997264	0.28380945822190407
3	200	kNN (full)	1.0	0.7496170476109368	0.5261930010604454	0.6416217608364514	0.48402343367816403
2	200	Normalized kNN (test)	1.0	0.45439170995147543	0.3623541887592789	0.38397977808390055	0.3124844267697139
2	200	kNN (full)	1.0	0.7399602974334252	0.5289501590668081	0.6339527280502054	0.4844729657763835
1	200	Average Rating	1.0	0.23698171154883926	0.21113467656415694	0.19391659461059652	0.16988973730562337
1	200	iMF (test)	1.0	0.6347595975373622	0.4706256627783669	0.5732536441834889	0.43065386436108055
1	200	Normalized kNN (full)	0.7264050901378579	0.6226594385363677	0.44199363732767766	0.47318468115602824	0.38439259618226884
1	200	Random	1.0	0.05908040332605712	0.053022269353128315	0.04674443181596401	0.04109089896912165
1	200	iMF (full)	1.0	0.7533233277828899	0.5331919406150584	0.6565720022787168	0.4926246715579777
1	200	Popularity	1.0	0.6192837756304493	0.4417815482502651	0.543974869871809	0.40619618997921797
1	200	kNN (test)	1.0	0.7470328679212526	0.5282078472958643	0.6489876211632497	0.4877886855973674
1	5	Average Rating	0.9732767762460233	0.737957335364129	0.5378579003181336	0.6908070526922678	0.5085698368679163
1	5	iMF (test)	0.9732767762460233	0.7711234467187709	0.5619300106044538	0.7068530270489572	0.5264900159601785
1	5	Normalized kNN (full)	0.672746553552492	0.6398825683631614	0.4544008483563097	0.4835233682737156	0.39508713073728585
1	5	Random	0.9732767762460233	0.5218550290881856	0.4016967126193001	0.5605123032959737	0.3903422024969909
1	5	iMF (full)	0.9732767762460233	0.7926972070099383	0.5608695652173913	0.7054240430060305	0.5247845506588884
1	5	Popularity	0.9732767762460233	0.718532297082106	0.5094379639448569	0.6617422277995976	0.4825114230762465
1	200	Normalized kNN (test)	1.0	0.36698020129739234	0.33022269353128314	0.3635132684992311	0.28905487081505116
1	5	kNN (test)	0.8919406150583246	0.7840702790626025	0.5555673382820785	0.6991811953778158	0.5204778573539748
1	200	kNN (full)	1.0	0.7456780746270334	0.5271474019088017	0.6462124936946282	0.48628468542152214
1	5	Normalized kNN (test)	0.9443266171792153	0.7388127983992677	0.5411452810180276	0.6946712740490301	0.5119868125601751
1	5	kNN (full)	0.8883351007423118	0.782762279458222	0.5546129374337222	0.6965923070539473	0.5192058947579121
2	50	Average Rating	1.0	0.4312204226372867	0.3429480381760339	0.3752107997977202	0.29838590533998915
3	50	Average Rating	1.0	0.5000497691538746	0.36224814422057267	0.37849704028802167	0.3086590152713473
2	50	iMF (test)	1.0	0.6727712754006406	0.5006362672322375	0.6112610093141115	0.4621753067761993
3	50	iMF (test)	1.0	0.6646916981873915	0.48801696712619297	0.611414103821834	0.45253591889832123
2	50	Normalized kNN (full)	0.7314952279957582	0.6292829965881064	0.4496288441145281	0.4779982598428061	0.390400026247005
2	50	Random	1.0	0.17493906313821816	0.15026511134676565	0.1467509951648636	0.12422911981996894
1	1000	Average Rating	1.0	0.03784756353322083	0.043690349946977736	0.04163614695893853	0.03494793824657579
3	50	Normalized kNN (full)	0.724390243902439	0.6317483398304893	0.44803817603393425	0.4886155899909553	0.39183159989020533
3	50	Random	1.0	0.1735477993829201	0.14994697773064689	0.14878270505178345	0.12432427703535281
1	1000	iMF (test)	1.0	0.3105447275786143	0.2415694591728526	0.2867902734576128	0.21582827989826706
2	50	iMF (full)	1.0	0.747168831860662	0.5386002120890774	0.6491479392049588	0.4954237767683399
2	50	Popularity	1.0	0.6203934515327651	0.45068928950159065	0.552121238608557	0.41527231949755766
1	1000	Normalized kNN (full)	0.9055143160127254	0.4605261696756567	0.3336161187698834	0.382386986323	0.2947875673318117
2	50	kNN (test)	0.9943796394485684	0.7428116516390687	0.5317073170731708	0.6413031781969748	0.4882816835407542
1	1000	Random	1.0	0.015358699818889793	0.01293743372216331	0.01134760743284313	0.009600747129405708
3	50	iMF (full)	1.0	0.7614046270561999	0.5359490986214209	0.6570705648450265	0.4944445324832027
3	50	Popularity	1.0	0.6397588763556232	0.452492046659597	0.5592692984634516	0.4164895427241364
3	50	kNN (test)	0.9975609756097561	0.7555409274126541	0.5306468716861081	0.6506770739077598	0.4890776283396917
2	5	Average Rating	0.9741251325556735	0.6908502893059458	0.5227995758218452	0.6632835484273404	0.4921393606017193
1	1000	iMF (full)	1.0	0.6046785798002238	0.42576882290562035	0.49907643333180507	0.38076281947950813
1	1000	Popularity	1.0	0.3975186924069228	0.2934252386002121	0.3200454984433101	0.25239210871598955
2	5	iMF (test)	0.9741251325556735	0.7563255786436598	0.5567338282078473	0.6860111301388706	0.5186298341727303
1	1000	kNN (test)	1.0	0.5969037450686314	0.4219512195121951	0.48933274996321885	0.3753547942474144
2	5	Normalized kNN (full)	0.6837751855779427	0.6441000645530449	0.45949098621421	0.48443246591751515	0.39788907147676855
2	5	Random	0.9741251325556735	0.517102474964354	0.3988335100742312	0.5419181850630178	0.38424176454053777
1	50	Average Rating	1.0	0.49532421703305224	0.36935312831389183	0.4117706584099134	0.3249259549397845
2	5	iMF (full)	0.9741251325556735	0.7803041522864119	0.5608695652173913	0.6905545980367945	0.5218915458943452
2	5	Popularity	0.9741251325556735	0.7117271156667156	0.512831389183457	0.648849722689138	0.4822416682738661
1	50	iMF (test)	1.0	0.6737174951076054	0.4935312831389183	0.6017814387129622	0.45236349930836284
2	50	Normalized kNN (test)	1.0	0.5128158098144967	0.4011664899257688	0.440398278903369	0.35165378553084903
3	50	Normalized kNN (test)	1.0	0.4892096184927351	0.3779427359490986	0.4206368395673633	0.33080364369240634
2	5	kNN (test)	0.8986214209968186	0.7729161003445346	0.5544008483563097	0.6809531960747843	0.5150828909173424
2	50	kNN (full)	0.9918345705196182	0.742960771036492	0.5311770943796394	0.6402295547936282	0.48766822870903026
1	50	Normalized kNN (full)	0.7259809119830329	0.6230333153177409	0.4423117709437964	0.47334728278204447	0.38458701116989696
1	50	Random	1.0	0.1668882082353971	0.14475079533404028	0.14124100566990427	0.11951283093275103
3	50	kNN (full)	0.996712619300106	0.75305021154811	0.5284199363732768	0.648339177389499	0.48720066852684796
1	1000	Normalized kNN (test)	1.0	0.09846586092155875	0.10455991516436905	0.09181539626787305	0.08213866504026314
1	50	iMF (full)	1.0	0.7498469259197804	0.5317073170731708	0.655571991365911	0.49129335142267944
1	50	Popularity	1.0	0.6192837756304493	0.4417815482502651	0.543974869871809	0.40619618997921797
1	1000	kNN (full)	1.0	0.5962009164334292	0.4217391304347826	0.4908397944750387	0.375767822991305
1	50	kNN (test)	0.9973488865323435	0.7496640588684444	0.5300106044538706	0.6544514397765911	0.49037542249731
1	20	Average Rating	1.0	0.6338050318757207	0.47041357370095443	0.5665000357350142	0.4285571357586892
2	5	Normalized kNN (test)	0.9519618239660658	0.7179954817677368	0.5284199363732768	0.6676920579858793	0.49643923425727243
2	5	kNN (full)	0.8937433722163308	0.7718606310999621	0.5531283138918346	0.6785560561091797	0.5135302869254113
1	20	iMF (test)	1.0	0.7226950032912038	0.5272534464475079	0.6575580397232057	0.48856205144535675
1	50	Normalized kNN (test)	1.0	0.5084134730060602	0.40466595970307534	0.46582515280177	0.36093123599126153
1	50	kNN (full)	0.9956521739130435	0.748731289934573	0.5293743372216331	0.6524905828730355	0.48944450687246704
1	20	Normalized kNN (full)	0.7148462354188759	0.6266521297693118	0.44528101802757153	0.4757824657651454	0.3871482582208544
1	20	Random	1.0	0.295202277140078	0.24464475079533402	0.27757801560922607	0.2157496784930716
1	20	iMF (full)	1.0	0.764331985578502	0.5409331919406151	0.6729165266387339	0.5023098462900224
1	20	Popularity	1.0	0.6221212159425966	0.44400848356309647	0.5502272247986072	0.40935518851693925
1	1682	Average Rating	1.0	0.01876229692439704	0.022163308589607637	0.015718491772926283	0.015972156087149584
1	20	kNN (test)	0.9655355249204666	0.7579804607166808	0.5360551431601273	0.668672360837385	0.4982133183575401
1	1682	iMF (test)	1.0	0.13534165065782658	0.10742311770943797	0.11839361595704441	0.0901110057396696
1	1682	Normalized kNN (full)	0.9998939554612937	0.19064809201095007	0.14549310710498412	0.18203813326297166	0.13142391383554702
1	1682	Random	1.0	0.007346408361690704	0.007317073170731708	0.0045583592011429796	0.005047531681968825
1	1682	iMF (full)	1.0	0.36361191537615484	0.264050901378579	0.2858108796294956	0.22245868459281584
1	1682	Popularity	1.0	0.17379069834055935	0.13584305408271474	0.1414834072128964	0.11216075264519923
1	1682	kNN (test)	1.0	0.32901311809268197	0.23679745493107107	0.2627868663624222	0.20100456825645951
1	20	Normalized kNN (test)	1.0	0.6584348389939755	0.4908801696712619	0.6062810810416722	0.4523608073927976
1	20	kNN (full)	0.9569459172852598	0.7579947673473317	0.5359490986214209	0.6682489285278724	0.4980192086847276
2	1000	Average Rating	1.0	0.03898706071890661	0.040721102863202546	0.03224442068475275	0.03047844290794621
2	1000	iMF (test)	1.0	0.328754669561394	0.2518557794273595	0.2824046823306475	0.222025043778013
1	1682	Normalized kNN (test)	1.0	0.04248042986338403	0.04581124072110287	0.034331917685873764	0.0335729962333301
3	1000	Average Rating	1.0	0.048470151190380915	0.059597030752916225	0.047927870554356176	0.0453063614006794
1	1682	kNN (full)	1.0	0.32999764131133874	0.2388123011664899	0.26479221800404884	0.2030879902947577
2	1000	Normalized kNN (full)	0.9193001060445387	0.4594391903368423	0.335949098621421	0.3824900575569606	0.2963653501110038
2	1000	Random	1.0	0.013318361365910638	0.011452810180275717	0.010673252465880719	0.009001761543098227
3	1000	iMF (test)	1.0	0.331034032787181	0.25312831389183454	0.29298119117576915	0.2242097060561644
3	1000	Normalized kNN (full)	0.9083775185577943	0.46531520783344665	0.3323435843054082	0.3937492453805991	0.29774030418005676
3	1000	Random	1.0	0.013549142417018368	0.011240721102863204	0.01099733230738922	0.008717703844426295
2	1000	iMF (full)	1.0	0.5960798928573597	0.42534464475079536	0.4840004204836938	0.3771623752580795
2	1000	Popularity	1.0	0.40006650000191823	0.2955461293743372	0.3113224854137241	0.2512037539419042
2	1000	kNN (test)	1.0	0.5906863268432933	0.4218451749734889	0.47350509882484654	0.37217453514031573
2	20	Average Rating	1.0	0.6149227970531446	0.4657476139978791	0.5620969085947188	0.424383078009322
1	1	Average Rating	0.8697773064687169	0.8171442076644129	0.5679745493107106	0.7163974541339847	0.5343187238298305
2	20	iMF (test)	1.0	0.7259988248420913	0.532237539766702	0.6543513162985912	0.49355104816008744
3	1000	iMF (full)	1.0	0.621409917282127	0.4334040296924708	0.5018912482267393	0.3862194406322266
3	1000	Popularity	1.0	0.42544252300892454	0.311558854718982	0.3386663869391612	0.26784041507938156
1	1	iMF (test)	0.8697773064687169	0.8310731416317308	0.579745493107105	0.7242721505732735	0.5425827442744162
3	1000	kNN (test)	1.0	0.6100403324173489	0.42873806998939556	0.4958668257477413	0.3807277181967153
2	20	Normalized kNN (full)	0.7213149522799577	0.633617890749117	0.4527041357370095	0.47995707388404196	0.39268699453864303
2	20	Random	1.0	0.3034000773399259	0.24475079533404032	0.2806345347508738	0.21618065358799232
1	1	Normalized kNN (full)	0.6629904559915165	0.6518342740182981	0.45874867444326617	0.48615178087351085	0.39816656537494705
1	1	Random	0.8697773064687169	0.6527008873543575	0.46882290562036055	0.6478238788255062	0.46052841033839037
2	20	iMF (full)	1.0	0.7586776337770532	0.546659597030753	0.6649263492052293	0.5050291360073123
1	1	iMF (full)	0.8697773064687169	0.8091772767337874	0.5657476139978791	0.7128839419782114	0.5306986818294002
2	20	Popularity	1.0	0.6244045910674849	0.4535524920466596	0.5618255763351642	0.4194192191812299
1	1	Popularity	0.8697773064687169	0.7536424881709977	0.5319194061505833	0.6929309005086383	0.5076459289471644
2	20	kNN (test)	0.9589607635206786	0.7520578931097927	0.5383881230116648	0.6565310633082109	0.49705149807041155
1	1	kNN (test)	0.8278897136797455	0.8053083959982826	0.5621420996818665	0.7071727894032288	0.5275014043973982
2	1000	Normalized kNN (test)	1.0	0.10081974998559402	0.10509013785790032	0.09637654186828104	0.08447256131589476
2	1000	kNN (full)	1.0	0.5898069819751718	0.420254506892895	0.4736207201811704	0.37100175814682973
3	1000	Normalized kNN (test)	1.0	0.09561151647028757	0.09501590668080595	0.09313649612885505	0.07830479321737371
3	1000	kNN (full)	1.0	0.6092196698909481	0.42735949098621423	0.49502877906452136	0.37968465317212924
1	10	Average Rating	0.9998939554612937	0.6814360328273845	0.5066808059384942	0.6536762770735036	0.4764136646167094
1	1	Normalized kNN (test)	0.8510074231177094	0.8199389688915525	0.5737009544008483	0.7200778642820067	0.5384605044590197
1	1	kNN (full)	0.8259809119830328	0.8034246306100192	0.5609756097560976	0.7042962723273499	0.5260245466392515
1	10	iMF (test)	0.9998939554612937	0.7551858480809901	0.5468716861081655	0.6885147109593228	0.5104019559661483
2	20	Normalized kNN (test)	1.0	0.659608082260041	0.48706256627783673	0.5953377245117848	0.4475395371935396
2	20	kNN (full)	0.9523860021208908	0.7515184226257499	0.5374337221633086	0.6539399930533771	0.4958016274846872
1	10	Normalized kNN (full)	0.6773064687168612	0.6344670694386588	0.4492046659597031	0.47941215898006034	0.390740400335834
1	10	Random	0.9998939554612937	0.4223560494675884	0.3381760339342524	0.4395424988845008	0.31607647823163854
1	10	iMF (full)	0.9998939554612937	0.7832085669744486	0.5535524920466596	0.6954512422134955	0.5172578934336135
1	10	Popularity	0.9998939554612937	0.6943924079380314	0.4919406150583245	0.6305144560959965	0.46143157897204984
1	10	kNN (test)	0.9061505832449629	0.7768203853949109	0.5492046659597031	0.6910232571813667	0.5136754982632296
2	1682	Average Rating	1.0	0.02163031588287297	0.025980911983032873	0.01908233082132865	0.01883300253671554
1	500	Average Rating	1.0	0.11117352711864002	0.12269353128313892	0.1297012014779847	0.10596522831517238
1	500	iMF (test)	1.0	0.5637706726592061	0.41410392364793214	0.49574862043500934	0.3755184979045771
2	1682	iMF (test)	1.0	0.136331408953909	0.10784729586426299	0.1154315575695489	0.09098165443999437
3	1682	Average Rating	1.0	0.01701051026981118	0.021314952279957583	0.013041783501137895	0.014355184213034647
1	500	Normalized kNN (full)	0.7653234358430542	0.5908936052076394	0.41728525980911985	0.4528571189488955	0.36369043190903094
1	500	Random	1.0	0.028218632200170787	0.025026511134676566	0.021543942232622272	0.019445040524239236
2	1682	Normalized kNN (full)	0.9994697773064687	0.18863420635721004	0.14750795334040295	0.17925119413398155	0.13228535362478436
2	1682	Random	1.0	0.00922024579095797	0.007529162248144221	0.006006170875793355	0.00531845618047624
3	1682	iMF (test)	1.0	0.13382148242556344	0.10307529162248144	0.12173485662658635	0.09002123683666549
1	10	Normalized kNN (test)	0.9860021208907741	0.6938941340334963	0.5177094379639449	0.6647189757733104	0.48689564588114104
2	1682	iMF (full)	1.0	0.35225639009166215	0.2581124072110286	0.27259432244611875	0.21791392264750722
2	1682	Popularity	1.0	0.16599244579065928	0.1310710498409332	0.13162110613489597	0.10764130518842448
1	500	iMF (full)	1.0	0.7233776069650729	0.5064687168610816	0.611408453639564	0.4627385100689683
1	500	Popularity	1.0	0.593032250525066	0.4211028632025451	0.4901225657013712	0.37849370450356007
1	10	kNN (full)	0.9021208907741252	0.7763781558546827	0.5492046659597031	0.6898728492636702	0.513496886366094
3	1682	Normalized kNN (full)	0.9997879109225875	0.19761906632411003	0.14390243902439026	0.18993776831362802	0.13173918329840192
3	1682	Random	1.0	0.006737295529953655	0.006044538706256628	0.004518441900424975	0.0039244923587362715
1	500	kNN (test)	1.0	0.7186066199936317	0.5046659597030753	0.6056668198840983	0.460463179400844
2	1682	kNN (test)	1.0	0.3269718420341126	0.23520678685047722	0.2550343126678942	0.20014884970280206
3	1682	iMF (full)	1.0	0.37644985103113626	0.2667020148462354	0.2944177237133414	0.22813259721801735
3	1682	Popularity	1.0	0.17881642762932237	0.13244962884411454	0.1455672358958094	0.11205525713275273
3	1682	kNN (test)	1.0	0.3351133003688357	0.23213149522799575	0.26060763127444536	0.19752828142883527
2	1682	Normalized kNN (test)	1.0	0.04582690819599938	0.05153764581124072	0.03926629531572492	0.03724969241058931
1	500	Normalized kNN (test)	1.0	0.27507173077893915	0.25365853658536586	0.24263285229080803	0.20798658169319945
1	500	kNN (full)	1.0	0.7178668209720974	0.504559915164369	0.6052917504983815	0.46040822816268095
2	1682	kNN (full)	1.0	0.3259793608694976	0.23584305408271475	0.25214759535881254	0.20030014645052938
3	1682	Normalized kNN (test)	1.0	0.0424768305211536	0.04432661717921527	0.03227630471627933	0.032375724094369264
1	2	Average Rating	0.9038176033934252	0.8158274375796849	0.5675503711558855	0.7159013171850376	0.5338640492063579
3	1682	kNN (full)	1.0	0.3335049879040717	0.2325556733828208	0.2596415278599834	0.19814090456138791
1	2	iMF (test)	0.9038176033934252	0.828461734588683	0.5786850477200425	0.7221461408570762	0.5410066203926921
2	10	Average Rating	1.0	0.6596789259693103	0.5020148462354188	0.6352488528183368	0.46981900411550304
1	2	Normalized kNN (full)	0.6645811240721103	0.6514607064913779	0.45832449628844113	0.48579110702397166	0.39778073866607516
1	2	Random	0.9038176033934252	0.6109793360442652	0.45471898197242844	0.6277405157900767	0.4437939344992912
2	10	iMF (test)	1.0	0.741528801983715	0.5463414634146342	0.6741345940069491	0.5079803583896007
2	10	Normalized kNN (full)	0.6981972428419936	0.6389632224080205	0.4551431601272534	0.48154401893562054	0.39455407933441344
1	2	iMF (full)	0.9038176033934252	0.808134857161325	0.5643690349946978	0.7097760982411162	0.5285971953556879
2	10	Random	1.0	0.42370085469203506	0.3366914103923648	0.4250980642617074	0.31113954362973495
1	2	Popularity	0.9038176033934252	0.7420236023931008	0.5257688229056203	0.6849668279369305	0.500894464458162
1	2	kNN (test)	0.8404029692470838	0.8045604082922396	0.5616118769883351	0.7066169619385997	0.5269620682906753
2	10	iMF (full)	1.0	0.7704573388835284	0.5544008483563097	0.6801319150554962	0.5146037266057987
2	10	Popularity	1.0	0.6560223378435549	0.47889713679745494	0.6032216787222096	0.44684420129939934
2	10	kNN (test)	0.9313891834570519	0.7605812530378929	0.544220572640509	0.6689442422113157	0.5045429334037913
1	2	Normalized kNN (test)	0.8874867444326617	0.817361903211398	0.572746553552492	0.7190136580746405	0.5374639923096597
1	2	kNN (full)	0.8379639448568399	0.8025900720986381	0.56033934252386	0.7035889526645691	0.5253604522516977
2	10	Normalized kNN (test)	0.9949098621420998	0.6909948659977402	0.5110286320254507	0.6427280963056561	0.4772065495038987
2	10	kNN (full)	0.9241781548250265	0.7603523601026387	0.5435843054082715	0.6662740593641137	0.5035689537180447
2	500	Average Rating	1.0	0.07540858159748953	0.07338282078472959	0.0583351058854691	0.055471640163217935
2	500	iMF (test)	1.0	0.5333296558543932	0.39597030752916224	0.46063879505514993	0.35656760767356177
2	500	Normalized kNN (full)	0.792576882290562	0.583414686513917	0.4180275715800636	0.45539364209511507	0.365581069303932
2	500	Random	1.0	0.02669815938774326	0.02248144220572641	0.019017949241418627	0.01709650151381623
3	500	Average Rating	1.0	0.13670547232093092	0.13223753976670202	0.14621785013682212	0.11468482790148371
2	500	iMF (full)	1.0	0.7062725934668332	0.504135737009544	0.591433751004466	0.4562804284510579
2	500	Popularity	1.0	0.578914977290258	0.4155885471898197	0.47721461059678155	0.37155308985623203
3	500	iMF (test)	1.0	0.547511097841249	0.40689289501590664	0.4744264232080864	0.36639771641821894
2	500	kNN (test)	1.0	0.7020926999023757	0.4992576882290562	0.5797811698476105	0.44991575857681787
3	500	Normalized kNN (full)	0.7833510074231178	0.5948655627583993	0.42014846235418873	0.46792766893126936	0.36985880100602214
3	500	Random	1.0	0.024268940855607903	0.022163308589607637	0.01873758820070941	0.017138448364585678
3	500	iMF (full)	1.0	0.7239512285485017	0.5040296924708377	0.603766764012435	0.45888232622866704
3	500	Popularity	1.0	0.5968563225187546	0.4171792152704136	0.48207728731613514	0.3721316925038049
3	500	kNN (test)	1.0	0.7196533749348133	0.5034994697773065	0.597120143451881	0.4562431083105179
1	0	Average Rating	0.8291622481442206	0.8171579743163204	0.5679745493107106	0.7163974541339847	0.5343187238298305
1	0	iMF (test)	0.8291622481442206	0.8334260221789125	0.5809119830328737	0.7230585796809509	0.5428365684986134
2	500	Normalized kNN (test)	1.0	0.25994449843949324	0.231813361611877	0.21953912727927985	0.18934782705128425
2	500	kNN (full)	1.0	0.7019739299782357	0.4992576882290562	0.5788936890542512	0.4499976895077471
1	0	Normalized kNN (full)	0.6629904559915165	0.6518342740182981	0.45874867444326617	0.48615178087351085	0.39816656537494705
1	0	Random	0.8291622481442206	0.6977250825726689	0.4907741251325557	0.6665109192713319	0.47857311861564106
1	0	iMF (full)	0.8291622481442206	0.8122643799441829	0.5667020148462354	0.7130967331541559	0.5313289677181054
1	0	Popularity	0.8291622481442206	0.7538816393682164	0.5320254506892895	0.6930823927067901	0.5077706872279952
1	0	kNN (test)	0.823966065747614	0.8053083959982826	0.5621420996818665	0.7071727894032288	0.5275014043973982
3	500	Normalized kNN (test)	1.0	0.24847519608237031	0.2104984093319194	0.22835912039511913	0.1814165201475229
2	1	Average Rating	0.8742311770943796	0.8132880680582827	0.5717921527041357	0.7061480452201289	0.5344464926303985
3	500	kNN (full)	1.0	0.7166049707779384	0.5010604453870625	0.5942225268312953	0.4540343866839467
2	1	iMF (test)	0.8742311770943796	0.8214337517838725	0.58101802757158	0.7111239688305577	0.5404766649401213
2	1	Normalized kNN (full)	0.6685047720042417	0.6569641326285043	0.46415694591728524	0.48704183481953855	0.40112233464017716
2	1	Random	0.8742311770943796	0.6330682632369877	0.46617179215270416	0.6264684830093589	0.4520995193350344
1	0	Normalized kNN (test)	0.828101802757158	0.8199389688915525	0.5737009544008483	0.7200778642820067	0.5384605044590197
1	0	kNN (full)	0.8223753976670202	0.8034246306100192	0.5609756097560976	0.7042962723273499	0.5260245466392515
2	1	iMF (full)	0.8742311770943796	0.7995147316858187	0.5685047720042418	0.6998987190987832	0.5297803785076116
2	1	Popularity	0.8742311770943796	0.7422537164757715	0.5314952279957582	0.6768826890917394	0.5033113289462701
2	1	kNN (test)	0.8396606574761399	0.7937119250599873	0.5618239660657476	0.689743270872906	0.5229172482071118
2	1	Normalized kNN (test)	0.8545068928950159	0.8155158764309423	0.5749734888653235	0.708361896676485	0.5367778869699814
2	1	kNN (full)	0.8363732767762461	0.79224103452939	0.560763520678685	0.6874439780140686	0.5215480823984968
2	2	Average Rating	0.9076352067868505	0.8131751989173839	0.5716861081654295	0.7060302179548996	0.5343348668001814
2	0	Average Rating	0.836797454931071	0.8133026551801829	0.5717921527041357	0.7061480452201289	0.5344464926303985
2	2	iMF (test)	0.9076352067868505	0.818810918953427	0.5808059384941676	0.7118685270764492	0.5409447020327427
2	0	iMF (test)	0.8369034994697774	0.819292071010997	0.5811240721102863	0.711209169425325	0.5412326180719671
2	2	Normalized kNN (full)	0.6704135737009544	0.6569316600753673	0.46415694591728524	0.48704183481953855	0.40112233464017716
2	2	Random	0.9076352067868505	0.6023328193492321	0.4468716861081654	0.6073040028266201	0.43519318895838405
2	0	Normalized kNN (full)	0.6685047720042417	0.6569641326285043	0.46415694591728524	0.48704183481953855	0.40112233464017716
2	0	Random	0.8369034994697774	0.6741076776307633	0.4840933191940615	0.6461222359993316	0.46946805160218097
2	2	iMF (full)	0.9076352067868505	0.7978998002591753	0.5680805938494168	0.6986192122659052	0.5289969028703069
2	2	Popularity	0.9076352067868505	0.7352908775433594	0.5277836691410392	0.6718409445749155	0.49911956858025514
2	0	iMF (full)	0.8369034994697774	0.7993582494118817	0.5682926829268292	0.6999541146919129	0.5298117299870004
2	0	Popularity	0.836797454931071	0.7426297439044607	0.531813361611877	0.6773371656861948	0.5036856037887627
2	2	kNN (test)	0.8594909862142099	0.7932398553125908	0.5612937433722163	0.6890396737748232	0.5223175056031439
3	5	Average Rating	0.9737009544008484	0.7177781704006871	0.5269353128313892	0.6792409018423752	0.4975528965060487
2	0	kNN (test)	0.8317073170731707	0.7937961849533413	0.5619300106044538	0.6898947630710578	0.5230420064879427
3	5	iMF (test)	0.9737009544008484	0.7653448772640654	0.5563096500530222	0.7026525452203652	0.5216763087493614
3	5	Normalized kNN (full)	0.6769883351007423	0.6513939224144746	0.4611876988335101	0.49799287485615523	0.4022514100543966
3	5	Random	0.9737009544008484	0.5246453186217385	0.4057264050901379	0.5611684873872272	0.3920382219653454
3	5	iMF (full)	0.9737009544008484	0.7945772531101526	0.5582184517497348	0.7004686559802731	0.5210337794749844
3	5	Popularity	0.9737009544008484	0.7219742257835259	0.5089077412513255	0.6562947728257913	0.4795125434118891
3	5	kNN (test)	0.9005302226935313	0.7861840182256019	0.5531283138918346	0.6901797435929438	0.5148162997571999
2	2	Normalized kNN (test)	0.8892895015906681	0.8152619783579211	0.5748674443266172	0.7082104044783332	0.5366531286891505
2	0	Normalized kNN (test)	0.8358430540827148	0.8155158764309423	0.5749734888653235	0.708361896676485	0.5367778869699814
2	2	kNN (full)	0.8547189819724285	0.7917801399266112	0.5602332979851538	0.6867992945486004	0.5209692696376945
2	0	kNN (full)	0.8299045599151644	0.792325294422744	0.5608695652173913	0.6875954702122206	0.5216728406793277
3	5	Normalized kNN (test)	0.9604453870625663	0.7302373267071802	0.5312831389183457	0.6797421848779275	0.4995742085420957
3	5	kNN (full)	0.8965005302226935	0.78423616703221	0.5511134676564158	0.688185288281648	0.5133128109345619
5	100	Average Rating	1.0	0.33170477619913563	0.26023329798515377	0.2697444516877824	0.22164690424466132
5	100	iMF (test)	1.0	0.6567812021001289	0.4902439024390244	0.600009910286918	0.45177783924240733
5	100	Normalized kNN (full)	0.7402969247083775	0.6339777346885035	0.4518557794273595	0.4909198673917754	0.39503221183952447
5	100	Random	1.0	0.09886379457900887	0.08780487804878048	0.08644311115525066	0.07058773090455439
3	20	Average Rating	1.0	0.6444685092558706	0.47656415694591725	0.5940536834284512	0.4397451256170466
5	100	iMF (full)	1.0	0.7527627677887092	0.5371155885471898	0.6577937082723525	0.49632326455581516
3	20	iMF (test)	1.0	0.7320157883883311	0.5257688229056203	0.663684271107615	0.490488865636067
5	100	Popularity	1.0	0.6208124061136056	0.4427359490986214	0.5406828430211588	0.4068426257607623
5	100	kNN (test)	1.0	0.7430325917985026	0.5292682926829269	0.6465778594134425	0.4879216765210742
3	20	Normalized kNN (full)	0.7093319194061506	0.6390015424385608	0.4527041357370095	0.4921791207791685	0.3956441890028544
3	20	Random	1.0	0.29853835992244776	0.24167550371155885	0.28238287240139714	0.21405071600684134
3	20	iMF (full)	1.0	0.7739095928857479	0.543796394485684	0.6796542586197952	0.5051309301626643
3	20	Popularity	1.0	0.6438082225457764	0.4553552492046659	0.5687893206823074	0.4207357136270973
3	20	kNN (test)	0.9514316012725346	0.767227497147654	0.5379639448568398	0.669702462467176	0.4987942177207134
5	100	Normalized kNN (test)	1.0	0.4833423958843953	0.3747613997879109	0.4117710843802356	0.3284419446282061
5	100	kNN (full)	0.9992576882290561	0.7444399393402816	0.5287380699893955	0.6444499635090162	0.4867730224900706
3	20	Normalized kNN (test)	1.0	0.6652131815744835	0.4873806998939555	0.6069274823106086	0.44900687717170384
3	20	kNN (full)	0.9468716861081654	0.7656021342011664	0.5369034994697773	0.6690717606041481	0.4983016727540313
5	200	Average Rating	1.0	0.26770666985164204	0.19999999999999998	0.17850369995163587	0.16018358462421584
5	200	iMF (test)	1.0	0.633773175674017	0.4740190880169671	0.5778351375431598	0.4345093278523196
5	200	Normalized kNN (full)	0.7404029692470838	0.6338230260698031	0.45164369034994695	0.49067197106752697	0.3948064587599257
5	200	Random	1.0	0.060074776321908704	0.04994697773064687	0.05047525758498302	0.03993733050234164
5	200	iMF (full)	1.0	0.7542529515472342	0.5389183457051961	0.6590053530091811	0.49808798844161717
5	200	Popularity	1.0	0.6208124061136056	0.4427359490986214	0.5406828430211588	0.4068426257607623
5	200	kNN (test)	1.0	0.7427681029800677	0.5290562036055143	0.6460122885403425	0.48761713835863574
3	10	Average Rating	1.0	0.6910339608618036	0.5110286320254507	0.6594990497000859	0.4811273772675021
3	10	iMF (test)	1.0	0.7630485515401592	0.5499469777306469	0.6942271633678423	0.5150789251013824
3	10	Normalized kNN (full)	0.67932131495228	0.6484946578965224	0.4586426299045599	0.4963858191149965	0.40033513166296764
3	10	Random	1.0	0.42149301515839827	0.32788971367974545	0.427629324055534	0.3051689868973452
3	10	iMF (full)	1.0	0.790865901204226	0.5554612937433722	0.6960785529743416	0.5179841914479022
3	10	Popularity	1.0	0.7133723048429823	0.5019088016967126	0.6410188544262374	0.47031119480338923
3	10	kNN (test)	0.9104984093319194	0.7828330804891365	0.5498409331919406	0.6862596234335061	0.5114924103015608
5	200	Normalized kNN (test)	1.0	0.3938615655310079	0.32682926829268294	0.35965368137842535	0.2866109009691464
5	200	kNN (full)	1.0	0.7441337769226127	0.528525980911983	0.6438843926359161	0.4864684843276322
3	10	Normalized kNN (test)	0.9960763520678685	0.7093853212296557	0.5189819724284199	0.6636001563578094	0.4863552178195197
3	10	kNN (full)	0.9056203605514316	0.7806315575961436	0.5475079533404029	0.6839133970023553	0.5097624970090425
5	50	Average Rating	1.0	0.46463933493214993	0.3486744432661718	0.37452059790750136	0.3022918493802786
5	50	iMF (test)	1.0	0.6594451882549138	0.49469777306468715	0.6135789167153548	0.4574906215713672
5	50	Normalized kNN (full)	0.7394485683987274	0.6342495411775235	0.45217391304347826	0.4911605069219165	0.3953056642389393
5	50	Random	1.0	0.17503966590401718	0.1511134676564157	0.15231555903641142	0.12456938922458018
5	50	iMF (full)	1.0	0.7505983227003937	0.5358430540827147	0.6552577435705388	0.4949885374442624
5	50	Popularity	1.0	0.6208124061136056	0.4427359490986214	0.5406828430211588	0.4068426257607623
5	50	kNN (test)	0.9986214209968187	0.7449158144490495	0.5304347826086956	0.6502111472991163	0.4895565454053349
3	1	Average Rating	0.8712619300106045	0.818350234802758	0.5663838812301166	0.7137242505672559	0.5315108591943709
3	1	iMF (test)	0.8712619300106045	0.8309848153068806	0.5758218451749735	0.7211754468605069	0.539026951828461
3	1	Normalized kNN (full)	0.6680805938494168	0.6649539330938026	0.467762460233298	0.5020054850690718	0.406963514308123
3	1	Random	0.8712619300106045	0.6367177578964811	0.4600212089077413	0.6380984273476391	0.45069424408359265
3	1	iMF (full)	0.8712619300106045	0.8166225923933574	0.5654294803817604	0.7091637553306672	0.5283160816876394
3	1	Popularity	0.8712619300106045	0.757963203113127	0.5303287380699894	0.6889849234114663	0.5042951624683799
5	50	Normalized kNN (test)	1.0	0.5089631996584592	0.3900318133616119	0.4347763094266189	0.3437832620367421
3	1	kNN (test)	0.8345705196182397	0.8093797124689283	0.5604453870625663	0.6992755610932995	0.5225628813346487
5	50	kNN (full)	0.996712619300106	0.7472387231374961	0.5306468716861081	0.6502601101197991	0.48939698603005544
3	1	Normalized kNN (test)	0.8476139978791092	0.824718197330316	0.5682926829268292	0.713463617566539	0.5322867663293318
3	1	kNN (full)	0.8318133616118769	0.8070124722538438	0.5587486744432661	0.6975397754733352	0.5213325138054892
5	1000	Average Rating	1.0	0.012873455395173978	0.013785790031813362	0.009732642423414513	0.009983171521640492
5	1000	iMF (test)	1.0	0.3066998971613319	0.23987274655355248	0.2814238223920332	0.21594830579004348
5	1000	Normalized kNN (full)	0.912407211028632	0.45184490509142866	0.33117709437963944	0.3863275336122063	0.2955381156720575
5	1000	Random	1.0	0.012789620245282768	0.011983032873807	0.008688593891744261	0.008531604006385257
5	1000	iMF (full)	1.0	0.6011759910953475	0.428101802757158	0.49855214896304767	0.3824805263843277
5	1000	Popularity	1.0	0.41849833523981167	0.2988335100742312	0.3252368245974926	0.25891978743809135
5	1000	kNN (test)	1.0	0.5978292980535477	0.4254506892895016	0.4934666704878768	0.3791650922409916
3	2	Average Rating	0.9053022269353129	0.8176767972121118	0.5658536585365854	0.7128493831229292	0.5308628092356105
3	2	iMF (test)	0.9053022269353129	0.8297631449445511	0.576033934252386	0.7212627032530945	0.539221500805549
3	2	Normalized kNN (full)	0.6686108165429481	0.6648718133074492	0.4676564156945917	0.5019392072323804	0.40688194158604124
3	2	Random	0.9053022269353129	0.6161226061272654	0.45090137857900314	0.6258785344853496	0.44125930942907804
3	2	iMF (full)	0.9053022269353129	0.8157683996068266	0.5657476139978791	0.7087410915633993	0.5283708769749199
3	2	Popularity	0.9053022269353129	0.7512929429883769	0.5269353128313892	0.684236412092872	0.5004803603954833
5	1000	Normalized kNN (test)	1.0	0.07119268402476929	0.07730646871686109	0.07329176884136844	0.06376944670042009
3	2	kNN (test)	0.8564156945917285	0.8083238653629828	0.5601272534464475	0.698794152552506	0.5221851045053256
5	1000	kNN (full)	1.0	0.5968548210108072	0.4247083775185578	0.4914286654229531	0.37812209996586493
3	2	Normalized kNN (test)	0.8840933191940615	0.8242797506268175	0.5679745493107106	0.7129333948730077	0.5318979363540755
3	2	kNN (full)	0.8531283138918345	0.8058825710962906	0.5583244962884412	0.6968816260346978	0.5208221813027833
5	1682	Average Rating	1.0	0.011611721169427916	0.013255567338282079	0.009569775187376546	0.009739631921311602
5	1682	iMF (test)	1.0	0.11908754205827854	0.09946977730646872	0.10462934138182897	0.08444615077200734
5	1682	Normalized kNN (full)	0.9997879109225875	0.17985171031106917	0.14146341463414636	0.17343489161899128	0.12743441657117668
5	1682	Random	1.0	0.00954966730687186	0.009013785790031814	0.007476196367974995	0.006495264537763093
5	1682	iMF (full)	1.0	0.3540250050872925	0.26023329798515377	0.2797517239579786	0.22212386351843671
5	1682	Popularity	1.0	0.17371348870942735	0.13054082714740192	0.1385301453424197	0.1102719554426886
5	1682	kNN (test)	1.0	0.3239229516096007	0.2342523860021209	0.2537276098666027	0.19910170920967526
5	1682	Normalized kNN (test)	1.0	0.030226946138844284	0.035206786850477206	0.028096260124748924	0.02663018868660194
5	1682	kNN (full)	1.0	0.3233412367881674	0.23457051961823966	0.2522660462700662	0.19936536549599093
3	0	Average Rating	0.8319194061505832	0.81835410669867	0.5663838812301166	0.7137242505672559	0.5315108591943709
3	0	iMF (test)	0.8319194061505832	0.8321748810896672	0.5785790031813361	0.7226343992647848	0.5409879825213656
3	0	Normalized kNN (full)	0.6680805938494168	0.6649539330938026	0.467762460233298	0.5020054850690718	0.406963514308123
3	0	Random	0.8319194061505832	0.6783209735163194	0.4783669141039237	0.6542504107813623	0.467029685459563
3	0	iMF (full)	0.8319194061505832	0.8180975589038006	0.5669141039236479	0.7110170203548908	0.5300452891055195
3	0	Popularity	0.8319194061505832	0.7582954216579859	0.5305408271474019	0.6893030570275851	0.5045425997253612
3	0	kNN (test)	0.8258748674443266	0.8093797124689283	0.5604453870625663	0.6992755610932995	0.5225628813346487
3	0	Normalized kNN (test)	0.8293743372216331	0.824718197330316	0.5682926829268292	0.713463617566539	0.5322867663293318
5	500	Average Rating	1.0	0.07067282193263237	0.0806998939554613	0.0705433760856031	0.0640521868919
5	500	iMF (test)	1.0	0.523204071874288	0.3953340402969247	0.4661549128961955	0.3573571671988524
3	0	kNN (full)	0.8252386002120892	0.8070124722538438	0.5587486744432661	0.6975397754733352	0.5213325138054892
5	500	Normalized kNN (full)	0.7845174973488865	0.5889892431808299	0.41823966065747614	0.46590443417641164	0.3684146617541393
5	500	Random	1.0	0.024226559424362307	0.021739130434782608	0.01865420528819357	0.016305353543803622
5	500	iMF (full)	1.0	0.7193725296299963	0.5091198303287381	0.6125807045719897	0.4653104406357854
5	500	Popularity	1.0	0.5959909978952896	0.4220572640509014	0.4988299293422599	0.38174459130732896
5	500	kNN (test)	1.0	0.7092880950575425	0.5022269353128315	0.5973224013642499	0.4565326947138755
5	500	Normalized kNN (test)	1.0	0.21693247785149095	0.19766702014846235	0.19606930444237816	0.16585996668394065
5	500	kNN (full)	1.0	0.7112876814840003	0.5027571580063627	0.599804884243794	0.45730684417559053
4	100	Average Rating	1.0	0.2813286202592204	0.2486744432661718	0.24135560666515482	0.20414190131767973
4	100	iMF (test)	1.0	0.6649454760623738	0.49247083775185574	0.6000543730280746	0.4507564697006064
4	100	Normalized kNN (full)	0.708271474019088	0.6242469290031045	0.44464475079533405	0.4662160514420338	0.3804926998132766
4	100	Random	1.0	0.10397494416221131	0.09003181336161188	0.08517035242048479	0.07053501821191943
4	100	iMF (full)	1.0	0.753988454486182	0.5390243902439025	0.6512882795504736	0.491028493354181
4	100	Popularity	1.0	0.6375627768896409	0.45546129374337224	0.5604631075677573	0.41634008835094755
4	100	kNN (test)	0.9994697773064687	0.7482846377242395	0.5291622481442205	0.6409446376538123	0.48213835342716416
5	5	Average Rating	0.9753976670201484	0.6934610307875689	0.5189819724284199	0.6656917746629264	0.4894722720365229
5	5	iMF (test)	0.9753976670201484	0.7600879207465476	0.5575821845174973	0.6963424289711416	0.5207287086151843
5	5	Normalized kNN (full)	0.6884411452810181	0.6517028251442797	0.46447507953340406	0.5009669231876731	0.40555759226781457
5	5	Random	0.9753976670201484	0.5364532596467451	0.4025450689289502	0.5569891383879495	0.39030261890957546
4	100	Normalized kNN (test)	1.0	0.4767160554932184	0.37529162248144216	0.3929476460840059	0.32030913947943307
4	100	kNN (full)	0.9985153764581124	0.7461693093787879	0.527677624602333	0.6377584066129767	0.48032243104682504
5	5	iMF (full)	0.9753976670201484	0.780663504081884	0.5554612937433722	0.6966033535660691	0.5198337192294799
5	5	Popularity	0.9753976670201484	0.7130621482471953	0.5075291622481443	0.6540537666731844	0.479901879873386
5	5	kNN (test)	0.9187698833510074	0.7723834531020376	0.5506892895015906	0.686631605146497	0.5134717696283465
5	5	Normalized kNN (test)	0.9608695652173913	0.7154735831876881	0.5296924708377518	0.6744572046745622	0.49816152980718587
5	5	kNN (full)	0.9123011664899258	0.7738882225323737	0.5502651113467656	0.6845274134366002	0.5126043466488028
4	200	Average Rating	1.0	0.22042321799956657	0.19278897136797457	0.1620712430462865	0.14913738576964708
4	200	iMF (test)	1.0	0.634115259052144	0.4802757158006362	0.5675669194661185	0.4320987934605532
4	200	Normalized kNN (full)	0.708695652173913	0.6240082859718182	0.4445387062566278	0.46619837735224945	0.38046240137364623
4	200	Random	1.0	0.06159674920182311	0.0528101802757158	0.04736829202337088	0.041546551264885025
4	200	iMF (full)	1.0	0.7548767230361302	0.5378579003181336	0.6521368357111543	0.4907674225039245
4	200	Popularity	1.0	0.6375627768896409	0.45546129374337224	0.5604631075677573	0.41634008835094755
4	200	kNN (test)	0.9997879109225875	0.7476527220244136	0.5287380699893955	0.6397516365933669	0.48154808414654493
5	20	Average Rating	1.0	0.5987640594311997	0.44825026511134675	0.528565413364282	0.40449985804141264
5	20	iMF (test)	1.0	0.7252613961386667	0.5294803817603394	0.6599627968703439	0.49198033100717536
5	20	Normalized kNN (full)	0.7232237539766702	0.6407436474642343	0.45493107104984093	0.49418980667238116	0.3979618408638232
5	20	Random	1.0	0.3100246263971779	0.25726405090137855	0.29373591812459326	0.22912427142535138
5	20	iMF (full)	1.0	0.7621709479383553	0.543796394485684	0.674840069667595	0.5053977520407016
5	20	Popularity	1.0	0.628473752837676	0.44888653234358433	0.5565398415663864	0.41503091764974515
5	20	kNN (test)	0.9700954400848356	0.754846902004955	0.5372216330858961	0.6660513516334883	0.498485419900956
4	200	Normalized kNN (test)	1.0	0.433453256099224	0.3486744432661718	0.36413352107456665	0.2978369498193878
4	200	kNN (full)	0.9996818663838812	0.7454455830702093	0.5271474019088017	0.6364770351036093	0.47961125933883464
5	20	Normalized kNN (test)	1.0	0.6491440003346949	0.48303287380699894	0.5897769413554363	0.442496865566185
5	20	kNN (full)	0.963626723223754	0.7563330069577292	0.536797454931071	0.6632539061199577	0.4973173561199713
4	50	Average Rating	1.0	0.4571034409923635	0.3390243902439024	0.3452225303013419	0.2853927163607274
4	50	iMF (test)	1.0	0.6673450221105881	0.49607635206786854	0.6072124374438338	0.4542033318916407
4	50	Normalized kNN (full)	0.7060445387062566	0.6253609098843979	0.44528101802757153	0.4667464580567458	0.38105635480530814
4	50	Random	1.0	0.17667182956590805	0.14899257688229056	0.1509160140515718	0.12239481621578086
4	50	iMF (full)	1.0	0.7574952801385605	0.5412513255567338	0.6565061696863761	0.49407551694343876
4	50	Popularity	1.0	0.6375627768896409	0.45546129374337224	0.5604631075677573	0.41634008835094755
5	10	Average Rating	0.9998939554612937	0.6459464352695155	0.48547189819724285	0.6169423095995598	0.45247288453222845
4	50	kNN (test)	0.996712619300106	0.7512295583581071	0.5316012725344645	0.6459817532423594	0.4851873722768193
5	10	iMF (test)	0.9998939554612937	0.7386442889297079	0.5444326617179215	0.6811212483259479	0.508028256026121
5	10	Normalized kNN (full)	0.6928950159066808	0.6451926104675192	0.4577942735949099	0.4965561141976402	0.40043691339669885
5	10	Random	0.9998939554612937	0.428450845713063	0.340084835630965	0.4399272510111861	0.31744168769391146
5	10	iMF (full)	0.9998939554612937	0.7759883568534975	0.553340402969247	0.6916648035890776	0.5167090436864461
5	10	Popularity	0.9998939554612937	0.6920753839918048	0.4900318133616119	0.6212394809824405	0.4583209252754821
5	10	kNN (test)	0.9328738069989396	0.764065782337901	0.5431601272534465	0.6776864115188133	0.5058299260489317
4	50	Normalized kNN (test)	1.0	0.5207235345113893	0.3994697773064687	0.4311844031920569	0.344643867182963
4	50	kNN (full)	0.9955461293743372	0.7495345295708389	0.5304347826086956	0.6438446056737249	0.4838377777659643
5	10	Normalized kNN (test)	0.9928950159066807	0.676996914535981	0.5029692470837752	0.6338610318725235	0.46788935764205264
5	10	kNN (full)	0.9265111346765642	0.7662247985959519	0.5434782608695652	0.67605500863474	0.5055880814320532
4	1000	Average Rating	1.0	0.029330630610762642	0.03234358430540827	0.023358931729137805	0.023747284111542328
4	1000	iMF (test)	1.0	0.31705537858816935	0.24644750795334042	0.2758677888307207	0.21620135801459842
4	1000	Normalized kNN (full)	0.884305408271474	0.4554378846906977	0.3295864262990456	0.37514260524303344	0.28872681192526867
4	1000	Random	1.0	0.010187036351026524	0.009968186638388124	0.005786756139023094	0.006550351402747048
4	1000	iMF (full)	1.0	0.6048381101098523	0.42969247083775186	0.4981351422341434	0.37943160965671846
4	1000	Popularity	1.0	0.4049362760224376	0.2984093319194061	0.3232227811601071	0.25377194720175306
4	1000	kNN (test)	1.0	0.5911990074542979	0.419406150583245	0.4834083195862919	0.3696755648727708
5	1	Average Rating	0.8733828207847296	0.8035153650198269	0.5640509013785789	0.7067765596278819	0.5286595749156606
5	1	iMF (test)	0.8734888653234358	0.8273528522397914	0.5802757158006363	0.7208917494245151	0.5425642670509603
5	1	Normalized kNN (full)	0.6740190880169672	0.6663564278991285	0.4721102863202545	0.5060670038548829	0.4112698676830641
5	1	Random	0.8734888653234358	0.6433177308995852	0.46892895015906677	0.6356232590027385	0.4556632118835999
5	1	iMF (full)	0.8734888653234358	0.8027748427451769	0.5673382820784729	0.7094815066149222	0.5313277106761535
5	1	Popularity	0.8733828207847296	0.7506906951391116	0.5336161187698834	0.6901192603115057	0.5088487018524912
5	1	kNN (test)	0.8411452810180277	0.7999503749062852	0.5638388123011665	0.7037780507419259	0.5277738292261215
4	1000	Normalized kNN (test)	1.0	0.08711280479038903	0.08748674443266172	0.08075645157729466	0.07128596956954186
4	1000	kNN (full)	1.0	0.5903572841887964	0.41951219512195126	0.48180737451234634	0.3695487042965111
5	1	Normalized kNN (test)	0.8717921527041358	0.8127467418283356	0.5693531283138918	0.7096485918234844	0.5324762299346046
5	1	kNN (full)	0.8384941675503712	0.8002899664509021	0.563202545068929	0.7008294660176957	0.5264485088380778
4	1682	Average Rating	1.0	0.02593385557694477	0.03064687168610817	0.022124469947950316	0.02245933635644806
4	1682	iMF (test)	1.0	0.13227646668481416	0.10848356309650052	0.11582381422107588	0.09208341527761624
4	1682	Normalized kNN (full)	0.9994697773064687	0.1867657488414853	0.1423117709437964	0.17595003880927906	0.1272314327212492
4	1682	Random	1.0	0.010777063383608867	0.008271474019088019	0.007092342782250021	0.006089504710398715
4	1682	iMF (full)	1.0	0.34889552064503426	0.259066808059385	0.27190434230019356	0.21613038677639979
4	1682	Popularity	1.0	0.16152981543802306	0.12767762460233298	0.12458786267262455	0.1021973931150986
4	1682	kNN (test)	1.0	0.3165220021774868	0.22873806998939555	0.2501880509981915	0.19269551813046965
4	1682	Normalized kNN (test)	1.0	0.041971139813518035	0.043584305408271476	0.03211497371509342	0.03224244558201242
4	1682	kNN (full)	1.0	0.31575076596496154	0.22831389183457054	0.25081621707538915	0.19245687874850056
5	2	Average Rating	0.908271474019088	0.803399912869513	0.5639448568398727	0.7065644705504693	0.5285181821973857
5	2	iMF (test)	0.9083775185577943	0.8242002460992286	0.5808059384941676	0.7209413088579407	0.543076062174068
5	2	Normalized kNN (full)	0.6740190880169672	0.6663564278991285	0.4721102863202545	0.5060670038548829	0.4112698676830641
5	2	Random	0.9083775185577943	0.6184043697125322	0.4518557794273595	0.6211536251857109	0.44092200182047875
5	2	iMF (full)	0.9083775185577943	0.8017127133522352	0.5643690349946978	0.7076859734903164	0.529320632561733
5	2	Popularity	0.908271474019088	0.7506044084507234	0.5336161187698834	0.6901192603115057	0.5088487018524912
5	2	kNN (test)	0.8443266171792153	0.7999503749062852	0.5638388123011665	0.7037780507419259	0.5277738292261215
5	2	Normalized kNN (test)	0.8827147401908801	0.8127467418283356	0.5693531283138918	0.7096485918234844	0.5324762299346046
5	2	kNN (full)	0.8407211028632025	0.8002899664509021	0.563202545068929	0.7008294660176957	0.5264485088380778
4	500	Average Rating	1.0	0.11734911450541595	0.11484623541887592	0.11459809598934369	0.09596722916492728
4	500	iMF (test)	1.0	0.5399689580428584	0.4061505832449629	0.4793918088366019	0.3606579457757587
4	500	Normalized kNN (full)	0.7620360551431602	0.586842755996897	0.4186638388123012	0.44862883300054246	0.3609216368055216
4	500	Random	1.0	0.021893691306914934	0.019618239660657476	0.017462653968944933	0.014998007800554325
4	500	iMF (full)	1.0	0.7115822918270492	0.5033934252386002	0.5980096481725383	0.4526369398541506
4	500	Popularity	1.0	0.5902383372465491	0.41664899257688226	0.47199664903514443	0.36729977296332317
4	500	kNN (test)	1.0	0.7068914979288373	0.4965005302226935	0.5835495883810793	0.44476408991095867
4	500	Normalized kNN (test)	1.0	0.27889795539297746	0.23785790031813364	0.2310858071750385	0.1981727485411578
4	500	kNN (full)	1.0	0.7050809938261783	0.4948038176033934	0.5802011082335222	0.4428260849426511
5	0	Average Rating	0.8353128313891836	0.8120430074815638	0.5676564156945917	0.7118838595389994	0.5327372848523957
5	0	iMF (test)	0.8354188759278897	0.8264837558997088	0.5799575821845174	0.7213975662544715	0.5428976018842481
5	0	Normalized kNN (full)	0.6733828207847296	0.6664600696992371	0.47221633085896075	0.5061377002140204	0.4113547033140291
5	0	Random	0.8354188759278897	0.6750801924869885	0.4779427359490986	0.6541077688050525	0.4678887877784764
5	0	iMF (full)	0.8354188759278897	0.8008883645897688	0.5662778366914104	0.7085530822289565	0.5304682306355885
5	0	Popularity	0.8353128313891836	0.7548129295292062	0.5357370095440085	0.6934264191594917	0.5113775310992091
5	0	kNN (test)	0.8302226935312831	0.8006322626384327	0.564475079533404	0.7045291995577619	0.5284621885124603
5	0	Normalized kNN (test)	0.8334040296924708	0.8172236405593478	0.5721102863202545	0.7137986746851261	0.5356553395175075
5	0	kNN (full)	0.828525980911983	0.8008354972487326	0.563626723223754	0.7013491684196886	0.5269143460445721
4	5	Average Rating	0.9689289501590669	0.6958395494745292	0.5204665959703075	0.6625186437368593	0.48635063703442105
4	5	iMF (test)	0.9689289501590669	0.7649512743269641	0.5576882290562036	0.6904719164888132	0.5161071591806948
4	5	Normalized kNN (full)	0.666065747613998	0.6403267524262983	0.45652173913043476	0.47506362951839765	0.3901879605644461
4	5	Random	0.9689289501590669	0.535114197460208	0.40381760339342526	0.551347605339197	0.38540350651321964
4	5	iMF (full)	0.9689289501590669	0.7857336781305879	0.5630965005302226	0.6948860758019594	0.5204276453083992
4	5	Popularity	0.9689289501590669	0.7200568953201256	0.512407211028632	0.6533107277228579	0.47918567633804776
4	5	kNN (test)	0.8873806998939554	0.7794637658296883	0.552916224814422	0.6821551517169245	0.5105116846302551
4	5	Normalized kNN (test)	0.9320254506892894	0.715147288405674	0.528101802757158	0.666640587897816	0.4913966474071647
4	5	kNN (full)	0.8829268292682927	0.7798600690336985	0.5527041357370096	0.681960428540967	0.5102335434171194
4	20	Average Rating	1.0	0.5514919976680817	0.4179215270413574	0.5167646899435419	0.37884325361933024
4	20	iMF (test)	1.0	0.7378393716541555	0.5360551431601273	0.65974323102398	0.49355741325480174
4	20	Normalized kNN (full)	0.6989395546129374	0.6276075467070256	0.44581124072110284	0.4673108007691142	0.38157470939024024
4	20	Random	1.0	0.2972095068131897	0.2474019088016967	0.2847385506639461	0.21608657298553147
4	20	iMF (full)	1.0	0.7623926703250193	0.5465535524920466	0.6682772991185623	0.5011957481030321
4	20	Popularity	1.0	0.6380572669353481	0.45567338282078473	0.5620537756483511	0.4167096375009845
4	20	kNN (test)	0.9460233297985154	0.7610509412925917	0.5387062566277837	0.6601220770990142	0.49412926746591973
4	20	Normalized kNN (test)	1.0	0.6463392604701829	0.47879109225874866	0.5842903772424772	0.4340057580189979
4	20	kNN (full)	0.9412513255567339	0.7607318732205859	0.5384941675503712	0.6605682923205293	0.49409621205276144
4	10	Average Rating	0.9997879109225875	0.6426748807386421	0.4853658536585366	0.6158960800885099	0.4491075787519037
4	10	iMF (test)	0.9997879109225875	0.7503846058458786	0.548356309650053	0.675155920967796	0.5045752653521424
4	10	Normalized kNN (full)	0.6818663838812301	0.6315357830892953	0.4490986214209968	0.46962884855106135	0.3841869243207605
4	10	Random	0.9997879109225875	0.4231543162352365	0.33085896076352067	0.41989330752637005	0.3053515776009957
4	10	iMF (full)	0.9997879109225875	0.7779664745314213	0.5553552492046661	0.6834412265427572	0.5116224166922386
4	10	Popularity	0.9997879109225875	0.6656203094705775	0.4775185577942736	0.6026513561009749	0.4415436451429742
4	10	kNN (test)	0.9176033934252386	0.7681289248453476	0.5425238600212089	0.6680951956500756	0.49902105982098227
4	10	Normalized kNN (test)	0.9901378579003182	0.6746594608734873	0.5002120890774125	0.6254978010090493	0.4598972935645998
4	10	kNN (full)	0.911558854718982	0.7688606244487886	0.5428419936373277	0.6691351113857578	0.49955559873417116
4	1	Average Rating	0.8655355249204666	0.8160861175378158	0.5692470837751855	0.7054356080124857	0.5290550142159274
4	1	iMF (test)	0.8655355249204666	0.8226599895866215	0.5788971367974549	0.7125013479357333	0.5368271637784855
4	1	Normalized kNN (full)	0.6552492046659597	0.6526027481753371	0.4624602332979852	0.4784937738077652	0.39432226177130725
4	1	Random	0.8655355249204666	0.6392243276967546	0.4625662778366914	0.6274925291431465	0.44659379567701424
4	1	iMF (full)	0.8655355249204666	0.8095651461215034	0.5711558854718982	0.7042330391516799	0.528562430388148
4	1	Popularity	0.8655355249204666	0.75090211373443	0.5325556733828207	0.6803177148622854	0.5014155867372411
4	1	kNN (test)	0.8288441145281018	0.8061551417405847	0.5642629904559915	0.6961878417978214	0.5226675201940887
4	0	Average Rating	0.8275715800636267	0.8162578274393606	0.5693531283138918	0.705553435277715	0.5291666400461444
4	1	Normalized kNN (test)	0.8286320254506893	0.8208186012990203	0.5715800636267232	0.7064848280737056	0.5305163940490344
4	0	iMF (test)	0.8275715800636267	0.8303425689139339	0.5835630965005302	0.7162006066571293	0.540253093321076
4	1	kNN (full)	0.8257688229056204	0.8047241923381132	0.563626723223754	0.6950601122209359	0.5217856243980166
4	0	Normalized kNN (full)	0.6552492046659597	0.6526027481753371	0.4624602332979852	0.4784937738077652	0.39432226177130725
4	0	Random	0.8275715800636267	0.6770250807095493	0.4791092258748675	0.6448568104865945	0.46221643827806325
4	0	iMF (full)	0.8275715800636267	0.8105681380931248	0.5730646871686108	0.7054395942176718	0.5299950131392923
4	0	Popularity	0.8275715800636267	0.7511068058981487	0.5326617179215271	0.680529803939698	0.501556979455516
4	0	kNN (test)	0.8227995758218452	0.8061551417405847	0.5642629904559915	0.6961878417978214	0.5226675201940887
4	0	Normalized kNN (test)	0.8259809119830328	0.8208186012990203	0.5715800636267232	0.7064848280737056	0.5305163940490344
4	0	kNN (full)	0.8213149522799575	0.8047241923381132	0.563626723223754	0.6950601122209359	0.5217856243980166
4	2	Average Rating	0.8995758218451749	0.8158610322886004	0.5691410392364794	0.7051704966657202	0.5289035220177756
4	2	iMF (test)	0.8995758218451749	0.8231733975658679	0.5825026511134677	0.7135338061263404	0.5385863230865161
4	2	Normalized kNN (full)	0.656203605514316	0.6524415963426753	0.46224814422057264	0.4783096687058446	0.39412906321900837
4	2	Random	0.8995758218451749	0.6036953827361826	0.443796394485684	0.607511336474307	0.429614782850015
4	2	iMF (full)	0.8995758218451749	0.8071315845868275	0.5699893955461294	0.7027361560152869	0.5273345437957072
4	2	Popularity	0.8995758218451749	0.743998829605451	0.528525980911983	0.6744067338320042	0.4967888171675163
4	2	kNN (test)	0.8486744432661717	0.8055377249849657	0.5637327677624603	0.6954678330449389	0.5220658715608303
4	2	Normalized kNN (test)	0.8664899257688229	0.8206131532050689	0.571474019088017	0.7063670008084765	0.5304047682188173
4	2	kNN (full)	0.8442205726405091	0.8041072139598323	0.5630965005302226	0.6943283207415305	0.5211783944732472
