fold	target size	recommender system	Coverage@10	nDCG@10	P@10	Recall@10	FScore@10
1	0	Random	0.8333333333333334	0.7095034744230657	0.48703703703703705	0.7154643812830878	0.49632602667456
1	0	iMF (full)	0.8333333333333334	0.7424922806232422	0.5185185185185185	0.7291116924214384	0.5129620711565073
1	0	Popularity	0.825925925925926	0.7481787602427226	0.5148148148148148	0.737966314336096	0.5160448075919364
1	0	Normalized kNN (test)	0.7611111111111112	0.7235895047491189	0.49074074074074076	0.6712826236446572	0.4822727681812686
1	0	Average Rating	0.825925925925926	0.7750814773930164	0.5092592592592593	0.7249099642119619	0.5094068916048545
1	0	Normalized kNN (full)	0.5944444444444444	0.6048741650420645	0.39629629629629626	0.48766800092833196	0.36425009888597515
1	0	kNN (full/test)	0.8203703703703703	0.7474780416140078	0.5222222222222223	0.7159483125913918	0.5146424070830885
1	0	iMF (test)	0.8333333333333334	0.7529557232805993	0.5185185185185185	0.7299867002935999	0.5155593860411233
2	0	Random	0.7851851851851852	0.7120369036502561	0.45185185185185184	0.7047930670644024	0.4640724904106268
2	0	iMF (full)	0.7851851851851852	0.756194296109363	0.48148148148148145	0.7274594833183454	0.48273657392477176
2	0	Popularity	0.774074074074074	0.7326501291017535	0.4703703703703703	0.7203403374859642	0.4788949308575945
2	0	Normalized kNN (test)	0.7277777777777777	0.7426920906525949	0.45925925925925926	0.6877775731185044	0.4550351301466443
2	0	Average Rating	0.774074074074074	0.7395355369561197	0.4666666666666667	0.7203243484612014	0.4741004344804454
2	0	Normalized kNN (full)	0.5703703703703704	0.5614527245479028	0.3574074074074074	0.43069136145562426	0.31908312248084836
2	0	kNN (full/test)	0.7703703703703704	0.7637052109926129	0.49074074074074076	0.7283432301131052	0.4867401198670912
2	0	iMF (test)	0.7851851851851852	0.773421319730132	0.4888888888888889	0.7380905905158647	0.4919074654711422
3	0	Random	0.8351851851851853	0.6654698187024797	0.4740740740740741	0.6803458846755949	0.47621116936897384
3	0	iMF (full)	0.8351851851851853	0.7671008073377741	0.5203703703703704	0.7128466616872414	0.510658972410218
3	0	Popularity	0.8277777777777778	0.7588117031847514	0.5222222222222223	0.7107509707268161	0.5130260414418677
3	0	Normalized kNN (test)	0.7481481481481481	0.7250830020857981	0.4740740740740741	0.6111362271326038	0.4547621666093654
3	0	Average Rating	0.8277777777777778	0.7554089220080116	0.5407407407407407	0.7172929680538376	0.5228080029212635
3	0	Normalized kNN (full)	0.5685185185185185	0.6069619386572299	0.38148148148148153	0.4484346934105388	0.34651179419841033
3	0	kNN (full/test)	0.8166666666666667	0.7824822291308897	0.5259259259259259	0.7114448807262818	0.5133328699921603
3	0	iMF (test)	0.8351851851851853	0.7638170989084547	0.5333333333333333	0.7246443807313372	0.5196719937476726
4	0	Random	0.8222222222222222	0.6855621974262724	0.45	0.7278461713932038	0.47270885151720143
4	0	iMF (full)	0.8222222222222222	0.7895431186329376	0.5185185185185185	0.7975597164403623	0.525617984863671
4	0	Popularity	0.811111111111111	0.786906258326784	0.4981481481481481	0.7765500855383586	0.5089872789276616
4	0	Normalized kNN (test)	0.7166666666666667	0.6987721513554497	0.4425925925925926	0.6483979617449818	0.4401166317125011
4	0	Average Rating	0.811111111111111	0.7824473232650996	0.49259259259259264	0.7676612328576681	0.5044207583674931
4	0	Normalized kNN (full)	0.5629629629629629	0.6060622987531966	0.37222222222222223	0.517497642116592	0.35428109706920635
4	0	kNN (full/test)	0.7981481481481482	0.780791886570784	0.5074074074074074	0.7546482957730936	0.5112818603575199
4	0	iMF (test)	0.8222222222222222	0.7942091935526698	0.5240740740740741	0.801475032227023	0.5311838447186427
5	0	Random	0.8166666666666667	0.6465821622106732	0.4314814814814815	0.6928533450865606	0.46490454179401663
5	0	iMF (full)	0.8166666666666667	0.7146399492435008	0.46851851851851856	0.7238299482610194	0.49549444656023867
5	0	Popularity	0.8074074074074075	0.7107576237494497	0.4611111111111111	0.7100914198261087	0.4853005173655596
5	0	Normalized kNN (test)	0.7074074074074075	0.7052476764344798	0.4388888888888889	0.6225295466404538	0.4430290587161809
5	0	Average Rating	0.8074074074074075	0.757973169077824	0.48703703703703705	0.7351365266728611	0.5085030924913319
5	0	Normalized kNN (full)	0.5814814814814815	0.5867359565128433	0.362962962962963	0.4806171646469257	0.35414625928561094
5	0	kNN (full/test)	0.7944444444444444	0.7500058355003825	0.47962962962962963	0.7172844249009307	0.49740100258350356
5	0	iMF (test)	0.8166666666666667	0.7406808247750375	0.48703703703703705	0.7344285922122632	0.5086053856342173
1	1	Random	0.8703703703703703	0.6330440586567164	0.44814814814814813	0.667845539975521	0.4563794624863042
1	1	iMF (full)	0.8703703703703703	0.7510061972093657	0.5111111111111112	0.7189265072362532	0.5047610129554491
1	1	Popularity	0.862962962962963	0.7277765828789582	0.5018518518518519	0.7217966814997966	0.5030851219920319
1	1	Normalized kNN (test)	0.7888888888888889	0.7047440951408569	0.48703703703703705	0.6643381792002127	0.4783344407135293
1	1	Average Rating	0.862962962962963	0.7437205224282967	0.4962962962962963	0.7119092937852162	0.49866736282590435
1	1	Normalized kNN (full)	0.5981481481481481	0.6031195932979194	0.39629629629629626	0.48766800092833196	0.36425009888597515
1	1	kNN (full/test)	0.8481481481481481	0.7371574301140539	0.5148148148148148	0.7049173682271141	0.5066346740753556
1	1	iMF (test)	0.8703703703703703	0.7397688320403515	0.5111111111111112	0.7181752615332364	0.507625505354971
2	1	Random	0.8277777777777778	0.6444391158006447	0.412962962962963	0.6682673673166076	0.4273405828709697
2	1	iMF (full)	0.8277777777777778	0.7368122976413408	0.4703703703703703	0.7091084359468302	0.47040623080077043
2	1	Popularity	0.8148148148148148	0.7211390627855135	0.4611111111111111	0.708577036486552	0.46938777516880825
2	1	Normalized kNN (test)	0.7407407407407407	0.7312448431151124	0.45	0.6729674346972548	0.4448487341449349
2	1	Average Rating	0.8148148148148148	0.7071031380721796	0.45185185185185184	0.7011992348916435	0.45855864984036354
2	1	Normalized kNN (full)	0.5740740740740741	0.5614527245479028	0.3574074074074074	0.43069136145562426	0.31908312248084836
2	1	kNN (full/test)	0.7925925925925925	0.756390747613137	0.48518518518518516	0.7176730361095779	0.4798606159287638
2	1	iMF (test)	0.8277777777777778	0.7560509751311365	0.47962962962962963	0.7311695296264309	0.48419287357418583
3	1	Random	0.8703703703703703	0.6363673625662344	0.4611111111111111	0.6564299525410637	0.4565376298322372
3	1	iMF (full)	0.8703703703703703	0.7575922138085637	0.512962962962963	0.6969736458142256	0.5016720443056427
3	1	Popularity	0.8648148148148148	0.7443617434448958	0.5185185185185185	0.7064219663978117	0.5090837237740599
3	1	Normalized kNN (test)	0.7703703703703704	0.7137057898280643	0.4722222222222222	0.6098134758098526	0.4532189567328222
3	1	Average Rating	0.8648148148148148	0.7288240994555397	0.5277777777777778	0.7052765143707173	0.5109377454933646
3	1	Normalized kNN (full)	0.575925925925926	0.60658843616482	0.38148148148148153	0.4484346934105388	0.34651179419841033
3	1	kNN (full/test)	0.8407407407407407	0.7722900713693801	0.5222222222222223	0.7074766267580278	0.5096110108781443
3	1	iMF (test)	0.8703703703703703	0.7383418440327513	0.5166666666666666	0.7048606086287246	0.5072060897885827
4	1	Random	0.8574074074074074	0.6705808671237434	0.4333333333333333	0.7321299748217441	0.45842916050897137
4	1	iMF (full)	0.8574074074074074	0.7909104228528442	0.512962962962963	0.7931208168625737	0.520954892681229
4	1	Popularity	0.8425925925925926	0.7771396320046664	0.4944444444444444	0.7702008791891521	0.5043394938877197
4	1	Normalized kNN (test)	0.7240740740740741	0.6930353516549272	0.4388888888888889	0.6467144600614801	0.43780181689768627
4	1	Average Rating	0.8425925925925926	0.7607709562012601	0.48333333333333334	0.7566272822403841	0.49467916792414823
4	1	Normalized kNN (full)	0.5648148148148148	0.6058474750069496	0.37222222222222223	0.517497642116592	0.35428109706920635
4	1	kNN (full/test)	0.8148148148148148	0.773904855997947	0.5	0.7490553290690157	0.5051658759520619
4	1	iMF (test)	0.8574074074074074	0.7942982183990416	0.512962962962963	0.7886461762768221	0.5203512646653202
5	1	Random	0.8666666666666666	0.6159977570257246	0.4351851851851852	0.6778010038175957	0.465313378739037
5	1	iMF (full)	0.8666666666666666	0.6961391432365617	0.46851851851851856	0.7250277730699554	0.4961063157393593
5	1	Popularity	0.8555555555555556	0.7001263331260001	0.4574074074074074	0.7069168166515054	0.48190545563716464
5	1	Normalized kNN (test)	0.7333333333333334	0.6907916501039776	0.4388888888888889	0.6225295466404538	0.4430290587161809
5	1	Average Rating	0.8555555555555556	0.7285315297739273	0.4759259259259259	0.724016252102294	0.4982504722525393
5	1	Normalized kNN (full)	0.5888888888888889	0.5785406702608488	0.3611111111111111	0.47938259674569117	0.3526647778041294
5	1	kNN (full/test)	0.8314814814814815	0.7364277009770667	0.4740740740740741	0.7121403919791199	0.4921183515113788
5	1	iMF (test)	0.8666666666666666	0.7047532999903907	0.4740740740740741	0.7239316546475756	0.4979342359749982
1	2	Random	0.9111111111111112	0.5643292253144055	0.42037037037037034	0.6578202461879724	0.4408360868061582
1	2	iMF (full)	0.9111111111111112	0.732834639994492	0.5055555555555555	0.7149702782800242	0.5003643329773737
1	2	Popularity	0.9018518518518519	0.7273063805931962	0.4981481481481481	0.7184116406147558	0.4994620620876222
1	2	Normalized kNN (test)	0.7925925925925925	0.7079594402972472	0.48518518518518516	0.6680989427648979	0.47826849157350615
1	2	Average Rating	0.9018518518518519	0.7102852241720392	0.5	0.712106273712193	0.49968136336080776
1	2	Normalized kNN (full)	0.5981481481481481	0.6017986337915251	0.39629629629629626	0.48766800092833196	0.36425009888597515
1	2	kNN (full/test)	0.8685185185185185	0.7361906765474351	0.5166666666666666	0.7066008699106158	0.5083983425056906
1	2	iMF (test)	0.9111111111111112	0.7188024163787896	0.5055555555555555	0.7097926051779099	0.4999967743463209
2	2	Random	0.8666666666666666	0.6077492592949547	0.4074074074074074	0.6402870936390944	0.4152095582146172
2	2	iMF (full)	0.8666666666666666	0.7312853392970782	0.4666666666666667	0.7048168427663482	0.4664731955983854
2	2	Popularity	0.8537037037037037	0.7106924561502369	0.4537037037037037	0.7021130914809405	0.46217724237688007
2	2	Normalized kNN (test)	0.7574074074074074	0.7197164496748621	0.4555555555555556	0.6840738694148006	0.45133142644294066
2	2	Average Rating	0.8537037037037037	0.6732107981754102	0.4425925925925926	0.6915218365532544	0.4503529925697777
2	2	Normalized kNN (full)	0.5796296296296296	0.5587846197099144	0.3574074074074074	0.43069136145562426	0.31908312248084836
2	2	kNN (full/test)	0.8277777777777778	0.740389749078498	0.4777777777777778	0.7099407424123719	0.4731349848250232
2	2	iMF (test)	0.8666666666666666	0.7530148169988677	0.4944444444444444	0.7322965003149546	0.4897678983107163
3	2	Random	0.9	0.5605287667493918	0.4148148148148148	0.6019336080930283	0.4119332964751528
3	2	iMF (full)	0.9	0.738859085384046	0.5018518518518519	0.6817137603248715	0.4891078244538412
3	2	Popularity	0.8962962962962963	0.7266720687624237	0.5111111111111112	0.7009836982783844	0.5031973624955417
3	2	Normalized kNN (test)	0.7814814814814816	0.699741493751308	0.46851851851851856	0.6076855715080354	0.4505534124006112
3	2	Average Rating	0.8962962962962963	0.6943982391777299	0.5074074074074074	0.6855714924012025	0.4915606836496475
3	2	Normalized kNN (full)	0.5851851851851853	0.5922461092690836	0.37962962962962965	0.44720012550930427	0.34503031271692886
3	2	kNN (full/test)	0.8666666666666666	0.7634277311682098	0.5074074074074074	0.6937330836666585	0.4962466954550053
3	2	iMF (test)	0.9	0.704621798696544	0.4981481481481481	0.6845443491015151	0.4879447352174357
4	2	Random	0.8925925925925926	0.629559463038365	0.4074074074074074	0.6756704416659935	0.4268909438949444
4	2	iMF (full)	0.8925925925925926	0.769941675880001	0.5037037037037037	0.7844534554174345	0.5121512864434121
4	2	Popularity	0.8796296296296297	0.7564019255796574	0.47962962962962963	0.7539751296300693	0.4893213384774074
4	2	Normalized kNN (test)	0.7574074074074074	0.6736587209712622	0.4388888888888889	0.6456789729148819	0.43719265510431393
4	2	Average Rating	0.8796296296296297	0.7056971844227863	0.4722222222222222	0.7447813092833001	0.4836094638891879
4	2	Normalized kNN (full)	0.575925925925926	0.5945598195411295	0.37037037037037035	0.5168362664552163	0.3533064381998106
4	2	kNN (full/test)	0.85	0.7605140153630076	0.4944444444444444	0.7428243686713887	0.49926323354357144
4	2	iMF (test)	0.8925925925925926	0.7761868074177825	0.4944444444444444	0.7720456240599018	0.50456790694035
5	2	Random	0.9055555555555556	0.5976044008249131	0.42407407407407405	0.6728490772004757	0.452036402644238
5	2	iMF (full)	0.9055555555555556	0.6937154503895018	0.4574074074074074	0.7090625654380811	0.48358059557475025
5	2	Popularity	0.8981481481481481	0.6951352694680091	0.45	0.6972273291842401	0.4740147798736818
5	2	Normalized kNN (test)	0.7444444444444445	0.692773857460468	0.4351851851851852	0.6175912750355155	0.4388623920495142
5	2	Average Rating	0.8981481481481481	0.6976269183859956	0.45925925925925926	0.7059444053511101	0.48173731883381904
5	2	Normalized kNN (full)	0.5888888888888889	0.5802202301874012	0.3592592592592592	0.4784526624824236	0.3514456420016603
5	2	kNN (full/test)	0.8703703703703703	0.7370208844746692	0.4722222222222222	0.7112104577158523	0.4908992157089096
5	2	iMF (test)	0.9055555555555556	0.7292059568167956	0.48333333333333334	0.7178599174825204	0.49809199409992194
1	5	Random	0.9814814814814815	0.530074903517283	0.3888888888888889	0.5922853748320226	0.40262150306792427
1	5	iMF (full)	0.9814814814814815	0.6749643798327332	0.48333333333333334	0.653070467850802	0.47011397734575444
1	5	Popularity	0.9703703703703703	0.701589497746946	0.48333333333333334	0.6980840258426966	0.48284812429205387
1	5	Normalized kNN (test)	0.8370370370370371	0.6818446553284278	0.4703703703703703	0.656412635245257	0.46557503035063313
1	5	Average Rating	0.9703703703703703	0.6414691600474037	0.4555555555555556	0.6559771329425294	0.45501037162722585
1	5	Normalized kNN (full)	0.6166666666666666	0.5978649278353587	0.39629629629629626	0.48766800092833196	0.36425009888597515
1	5	kNN (full/test)	0.924074074074074	0.717050435800467	0.5018518518518519	0.6909452473922483	0.4939233456232864
1	5	iMF (test)	0.9814814814814815	0.7159260139761848	0.4981481481481482	0.6861410503613486	0.49168112533992386
2	5	Random	0.9666666666666667	0.517031553887052	0.362962962962963	0.5886521686594599	0.37128141809890175
2	5	iMF (full)	0.9666666666666667	0.7198499576740323	0.4611111111111111	0.6887837043647886	0.45721049404712666
2	5	Popularity	0.9444444444444444	0.6952874616680984	0.4537037037037037	0.6976731898188165	0.4605313817342414
2	5	Normalized kNN (test)	0.7944444444444444	0.7120394684621034	0.44814814814814813	0.6702471097547076	0.4424714698297161
2	5	Average Rating	0.9444444444444444	0.6337688571564009	0.42407407407407405	0.661009748603301	0.42755577652296206
2	5	Normalized kNN (full)	0.5833333333333334	0.5578354871410952	0.35370370370370374	0.42914546773581747	0.3169025869669795
2	5	kNN (full/test)	0.9037037037037037	0.734071002205679	0.4740740740740741	0.7036804532764154	0.46847593579408364
2	5	iMF (test)	0.9666666666666667	0.6982725665181202	0.4537037037037037	0.6931886129064978	0.45417644593312695
3	5	Random	0.9685185185185184	0.5443420545218753	0.40370370370370373	0.5789161156552461	0.4001176681615848
3	5	iMF (full)	0.9685185185185184	0.7289319717878116	0.4944444444444444	0.6692767028395048	0.479702229443671
3	5	Popularity	0.9629629629629629	0.6859220242711521	0.4888888888888889	0.6554512807049039	0.4767283068598193
3	5	Normalized kNN (test)	0.8129629629629629	0.665147719425115	0.4555555555555556	0.5946973748604184	0.43816593012542204
3	5	Average Rating	0.9629629629629629	0.6204239283004672	0.46481481481481485	0.6330578661375762	0.44836065792977514
3	5	Normalized kNN (full)	0.587037037037037	0.600386660414992	0.38148148148148153	0.4484346934105388	0.34651179419841033
3	5	kNN (full/test)	0.9148148148148147	0.7552352945515618	0.5074074074074074	0.6918962195109538	0.49457094322369755
3	5	iMF (test)	0.9685185185185184	0.6847372427986533	0.49074074074074076	0.677678927884242	0.48257523727023643
4	5	Random	0.9740740740740741	0.5452225679399462	0.37037037037037035	0.639122811419844	0.3910775598425175
4	5	iMF (full)	0.9740740740740741	0.7407648877791041	0.4888888888888889	0.7547367729229743	0.4921748351067508
4	5	Popularity	0.9648148148148148	0.7168136344734777	0.4537037037037037	0.7289994365988207	0.4652161758597711
4	5	Normalized kNN (test)	0.8092592592592593	0.6413452902725948	0.42037037037037034	0.6294391170916926	0.4201629924272447
4	5	Average Rating	0.9648148148148148	0.6420787805103887	0.4425925925925926	0.7044915578824376	0.4526856575173625
4	5	Normalized kNN (full)	0.5814814814814815	0.5879539290404391	0.36851851851851847	0.5150733996923496	0.3514592275806702
4	5	kNN (full/test)	0.9092592592592593	0.7283596925231671	0.4759259259259259	0.7192805256831013	0.4784483256666992
4	5	iMF (test)	0.9740740740740741	0.7551810916893129	0.5037037037037037	0.7730404813436417	0.5070269697325861
5	5	Random	0.9740740740740741	0.48362686358613904	0.34629629629629627	0.5729477209655368	0.37669235889619446
5	5	iMF (full)	0.9740740740740741	0.6594813545184641	0.43703703703703706	0.6805439133083179	0.46078490430712343
5	5	Popularity	0.9703703703703703	0.664553577273854	0.4314814814814815	0.6683793604970902	0.4525788786551809
5	5	Normalized kNN (test)	0.7833333333333333	0.6854950536040394	0.4314814814814815	0.6168764548762509	0.436998808192753
5	5	Average Rating	0.9703703703703703	0.6242258799788902	0.4333333333333333	0.6557082398128004	0.44882128743740185
5	5	Normalized kNN (full)	0.6037037037037037	0.5760165625631364	0.35555555555555557	0.4767090357387968	0.3492165610688756
5	5	kNN (full/test)	0.9203703703703704	0.7168296805086877	0.4537037037037037	0.689074414746476	0.47179579569676355
5	5	iMF (test)	0.9740740740740741	0.6936822308001814	0.4574074074074074	0.6894457066121693	0.4766697755033873
1	10	Random	1.0	0.39790680640337944	0.3055555555555556	0.4211923837635413	0.3053624073243831
1	10	iMF (full)	1.0	0.6861816015088896	0.46296296296296297	0.6370689101008783	0.44924355200889865
1	10	Popularity	1.0	0.6341556602365948	0.4444444444444444	0.6294208142056287	0.44091913103667174
1	10	Normalized kNN (test)	0.8888888888888888	0.6221080382603944	0.4444444444444444	0.6134555590365468	0.43645749905993325
1	10	Average Rating	1.0	0.5310148293903915	0.4055555555555555	0.5615500367266127	0.39612425909851007
1	10	Normalized kNN (full)	0.6333333333333334	0.58726887620537	0.3925925925925926	0.48556362382395485	0.3617052707597517
1	10	kNN (full/test)	0.9703703703703703	0.6739768581610819	0.46851851851851856	0.6282074193766425	0.45587250374412286
1	10	iMF (test)	1.0	0.6820660002460676	0.4796296296296297	0.6502112575688108	0.46836934235687094
2	10	Random	1.0	0.40641869405581627	0.3111111111111111	0.4562449215127065	0.3000779718766313
2	10	iMF (full)	1.0	0.6790320493571842	0.4425925925925926	0.6578303564889261	0.4350277936341142
2	10	Popularity	1.0	0.6548564012528495	0.4277777777777778	0.6633437512532668	0.43275988327130854
2	10	Normalized kNN (test)	0.8685185185185185	0.6274815413588456	0.42592592592592593	0.6511843270717839	0.4234270100902108
2	10	Average Rating	1.0	0.5178917534952902	0.3611111111111111	0.5625792166373372	0.36059768100957046
2	10	Normalized kNN (full)	0.612962962962963	0.540821238842386	0.34814814814814815	0.42718035088099476	0.3140215945026537
2	10	kNN (full/test)	0.9777777777777777	0.6972194761865567	0.44814814814814813	0.6614600837569198	0.4397072985050645
2	10	iMF (test)	1.0	0.6633507297839877	0.4388888888888889	0.6674094404179394	0.43889824411022454
3	10	Random	1.0	0.46191898785051333	0.35370370370370374	0.4883044701140515	0.3416011959878236
3	10	iMF (full)	1.0	0.6988460076258115	0.4740740740740741	0.6422869145071238	0.45831344602732293
3	10	Popularity	1.0	0.6536420020148802	0.46296296296296297	0.6067933501729798	0.4468120372525864
3	10	Normalized kNN (test)	0.8703703703703703	0.6450343087010274	0.45	0.5882844229160654	0.43326399944126365
3	10	Average Rating	1.0	0.5200263675891403	0.40185185185185185	0.5284627470094458	0.37693303862709465
3	10	Normalized kNN (full)	0.6074074074074074	0.5931646493210162	0.37222222222222223	0.44410305558453705	0.34082372517700793
3	10	kNN (full/test)	0.9722222222222222	0.7230491337795591	0.48518518518518516	0.658038684727493	0.4697127717968987
3	10	iMF (test)	1.0	0.6880466256565708	0.4888888888888889	0.6557647326850224	0.4767436676186442
4	10	Random	1.0	0.4208315200370244	0.3	0.4653381572793356	0.29888983698920707
4	10	iMF (full)	1.0	0.6921631522417755	0.4611111111111111	0.6969031456449025	0.45893526017900943
4	10	Popularity	1.0	0.6862924268606834	0.4388888888888889	0.6868466305571258	0.4445802944986164
4	10	Normalized kNN (test)	0.8444444444444444	0.5908484635228346	0.4111111111111111	0.6126882753408509	0.41056349213329996
4	10	Average Rating	1.0	0.5221663304820655	0.37407407407407406	0.594006608981413	0.3796917837319025
4	10	Normalized kNN (full)	0.6092592592592593	0.5844675423518493	0.36851851851851847	0.5143410764600264	0.3510660764930747
4	10	kNN (full/test)	0.9777777777777777	0.6901853427379725	0.4555555555555556	0.6916163174633375	0.4566405674507022
4	10	iMF (test)	1.0	0.6899837821400406	0.45925925925925926	0.7234482877456002	0.4635649362890328
5	10	Random	1.0	0.4090734713525578	0.3074074074074074	0.47520672470749536	0.31891126838968936
5	10	iMF (full)	1.0	0.6462112713582341	0.4277777777777778	0.6508428016627618	0.4461820857884696
5	10	Popularity	1.0	0.6128789432062447	0.412962962962963	0.6239061544741766	0.42732459045258425
5	10	Normalized kNN (test)	0.8648148148148148	0.6081527045896242	0.4222222222222222	0.6048161061930952	0.4270966317694662
5	10	Average Rating	1.0	0.5116051812708894	0.3648148148148148	0.537139206867549	0.37103026493730906
5	10	Normalized kNN (full)	0.6240740740740741	0.5594672121239499	0.35555555555555557	0.47560473880116655	0.34826857487851476
5	10	kNN (full/test)	0.9685185185185184	0.6813653779253735	0.4388888888888889	0.6530261360812383	0.45272589632626203
5	10	iMF (test)	1.0	0.6646898933335457	0.4333333333333333	0.6461734979890834	0.44988874757797326
1	20	Random	1.0	0.34360253560901133	0.26666666666666666	0.33367870984424325	0.24273770273254658
1	20	iMF (full)	1.0	0.6173578749608049	0.4277777777777778	0.5708703150624139	0.4087694999882052
1	20	Popularity	1.0	0.598413023466712	0.4277777777777778	0.578337728053098	0.41456617043791794
1	20	Normalized kNN (test)	0.9611111111111111	0.5775214235424561	0.42592592592592593	0.5863705457382983	0.41767835921658125
1	20	Average Rating	1.0	0.40585133493971237	0.30925925925925923	0.38978412479361246	0.2854428198796335
1	20	Normalized kNN (full)	0.688888888888889	0.5755891598982906	0.3888888888888889	0.47907306463731725	0.3580787028630313
1	20	kNN (full/test)	1.0	0.6373903322058572	0.4444444444444444	0.5904139069099273	0.4269043519063395
1	20	iMF (test)	1.0	0.585693096207632	0.42037037037037034	0.5718579607633213	0.4077901844904521
2	20	Random	1.0	0.29144469372108744	0.2111111111111111	0.32920908456652387	0.20183736751437323
2	20	iMF (full)	1.0	0.637442132803378	0.4148148148148148	0.604802765187771	0.4014994758633416
2	20	Popularity	1.0	0.5654320103547623	0.3666666666666667	0.5605576458977171	0.3644234571981226
2	20	Normalized kNN (test)	0.9537037037037037	0.5679575566943597	0.39629629629629626	0.6007896357955997	0.3875180595726099
2	20	Average Rating	1.0	0.3955490602482344	0.29444444444444445	0.3879821232390742	0.26998788700162313
2	20	Normalized kNN (full)	0.6518518518518519	0.5179811586369212	0.3388888888888889	0.4159262298857317	0.30398873385918823
2	20	kNN (full/test)	0.9962962962962962	0.6350366217764011	0.41851851851851857	0.6157992386107805	0.4070227399626628
2	20	iMF (test)	1.0	0.6467490316749118	0.40925925925925927	0.6105661761276956	0.40085978036888187
3	20	Random	1.0	0.2840855354764325	0.21851851851851853	0.2986488278477006	0.20737907255716354
3	20	iMF (full)	1.0	0.6636567076129063	0.44814814814814813	0.5855974884235754	0.4276088487050786
3	20	Popularity	1.0	0.5904832177541941	0.4222222222222222	0.5535403888443341	0.4032590723597522
3	20	Normalized kNN (test)	0.9611111111111111	0.5631036146723113	0.40370370370370373	0.5335039476041892	0.38599289951284893
3	20	Average Rating	1.0	0.38907515874209764	0.2925925925925926	0.3643269733628027	0.2646912565266879
3	20	Normalized kNN (full)	0.637037037037037	0.5628448423191077	0.37407407407407406	0.44398990979908853	0.3411360561415129
3	20	kNN (full/test)	0.9962962962962962	0.660504115845452	0.44814814814814813	0.6037689754155132	0.4336791322732762
3	20	iMF (test)	1.0	0.5978585917510856	0.4333333333333333	0.5781419459660201	0.4185760499944141
4	20	Random	1.0	0.3012281627859269	0.2388888888888889	0.31978473683354236	0.2309350466803068
4	20	iMF (full)	1.0	0.6706225119618432	0.45	0.6520832536027883	0.4426564734151865
4	20	Popularity	1.0	0.5915920298757587	0.3833333333333333	0.5580320227585999	0.37854570802438586
4	20	Normalized kNN (test)	0.9611111111111111	0.5172969000684257	0.37777777777777777	0.5661574142266564	0.37484088179183483
4	20	Average Rating	1.0	0.37167994813207406	0.26481481481481484	0.3659747978209469	0.2523242603358918
4	20	Normalized kNN (full)	0.6462962962962963	0.568579462002644	0.3592592592592592	0.5069084165273664	0.34317733457655497
4	20	kNN (full/test)	0.9907407407407407	0.6528118081675144	0.4277777777777778	0.6429502201861291	0.42529082698232384
4	20	iMF (test)	1.0	0.6206312547940805	0.42037037037037034	0.6387389358921025	0.41724685858274824
5	20	Random	1.0	0.2656000905314516	0.2111111111111111	0.27106974371866255	0.19904426127785446
5	20	iMF (full)	1.0	0.5694125276958775	0.37777777777777777	0.5648419198285466	0.38940798409334393
5	20	Popularity	1.0	0.5258870466657788	0.3388888888888889	0.5169303817089301	0.3500400883387216
5	20	Normalized kNN (test)	0.9611111111111111	0.49809313747947315	0.3666666666666667	0.5404411423802602	0.3761544683102962
5	20	Average Rating	1.0	0.3810432111413035	0.2759259259259259	0.39393018770823746	0.27281374378942586
5	20	Normalized kNN (full)	0.6703703703703704	0.5151518215391798	0.33148148148148154	0.45506039476924376	0.3312075769508307
5	20	kNN (full/test)	0.9944444444444445	0.6015502580610508	0.37592592592592594	0.5655435425070268	0.38896659037913217
5	20	iMF (test)	1.0	0.5562328924205833	0.3574074074074074	0.5561041230790539	0.3772061941850045
1	50	Random	1.0	0.17776385896485197	0.1425925925925926	0.17887809236507318	0.12960910625293515
1	50	iMF (full)	1.0	0.547349494370192	0.3851851851851852	0.4927739825338919	0.36014900354610535
1	50	Popularity	1.0	0.487026218260769	0.3425925925925926	0.44806719196675443	0.33002730503882166
1	50	Normalized kNN (test)	0.9981481481481481	0.39566495175252475	0.3111111111111111	0.3795661459073329	0.28714171590474113
1	50	Average Rating	1.0	0.25320763260051576	0.1962962962962963	0.21601435032939356	0.1647264794178181
1	50	Normalized kNN (full)	0.7592592592592593	0.516455652864005	0.35370370370370374	0.45326783092767176	0.33171735177977263
1	50	kNN (full/test)	1.0	0.5652061488363073	0.39814814814814814	0.5167615810398596	0.37811095727674593
1	50	iMF (test)	1.0	0.4954766072058871	0.36851851851851847	0.4992484985468066	0.3545659877066576
2	50	Random	1.0	0.18950949938233283	0.1388888888888889	0.17497443010463495	0.12658591081411144
2	50	iMF (full)	1.0	0.5580037016840385	0.3666666666666667	0.515104146203956	0.3449184511976025
2	50	Popularity	1.0	0.4677265225171619	0.3148148148148148	0.4428998309190144	0.30298439958824064
2	50	Normalized kNN (test)	1.0	0.4261420095679913	0.3074074074074074	0.41421048659398557	0.2840598145186763
2	50	Average Rating	1.0	0.282030245548262	0.1962962962962963	0.20122827340109276	0.16242453422042422
2	50	Normalized kNN (full)	0.7833333333333333	0.4814312154741811	0.32037037037037036	0.3908601906980446	0.2909024582037919
2	50	kNN (full/test)	1.0	0.552445934429727	0.3666666666666667	0.507611196058572	0.3420136972009254
2	50	iMF (test)	1.0	0.5157872709717348	0.3444444444444445	0.4751540502739819	0.3269008169964006
3	50	Random	1.0	0.18551192488377116	0.15555555555555556	0.13497875031087592	0.12701208798124175
3	50	iMF (full)	1.0	0.5679903493714251	0.3888888888888889	0.4822502290577975	0.3647436974512259
3	50	Popularity	1.0	0.49963244274504165	0.37037037037037035	0.45742045939107134	0.3445134358853576
3	50	Normalized kNN (test)	0.9981481481481481	0.3943804476362503	0.3074074074074074	0.3908570472539876	0.2858291220014585
3	50	Average Rating	1.0	0.24149189056000236	0.18333333333333335	0.1780525421628481	0.14980317972800272
3	50	Normalized kNN (full)	0.75	0.5064543565766937	0.34629629629629627	0.42148239919375186	0.3195628198528034
3	50	kNN (full/test)	1.0	0.577038850007873	0.39814814814814814	0.5262606641109057	0.3797084127537502
3	50	iMF (test)	1.0	0.5161722569960006	0.37222222222222223	0.49001835770555574	0.35384057533504604
4	50	Random	1.0	0.11344169040874601	0.09814814814814815	0.10121163474933538	0.08540187312952892
4	50	iMF (full)	1.0	0.5813555645186305	0.3907407407407408	0.564396387999256	0.37951286798502765
4	50	Popularity	1.0	0.5057320186034824	0.33148148148148143	0.48926835411189024	0.32642411662781573
4	50	Normalized kNN (test)	0.9981481481481481	0.32723166174833435	0.2611111111111111	0.3220905638320407	0.24385978449642373
4	50	Average Rating	1.0	0.23555909180583615	0.17222222222222225	0.18905455406855184	0.1480861945438184
4	50	Normalized kNN (full)	0.7037037037037037	0.5163076951226261	0.3351851851851852	0.485286812011025	0.32341290699074204
4	50	kNN (full/test)	1.0	0.5605064842977975	0.3648148148148148	0.5324570242981964	0.35546066933795994
4	50	iMF (test)	1.0	0.5631625072453731	0.3833333333333333	0.539303034038943	0.37192726183771296
5	50	Random	1.0	0.14782060612264727	0.12037037037037036	0.12402699509549321	0.10499646207345359
5	50	iMF (full)	1.0	0.5160748716944725	0.34629629629629627	0.5174427681896289	0.3538455770186784
5	50	Popularity	1.0	0.46748144145204684	0.3037037037037037	0.4504972051897343	0.30642693397588744
5	50	Normalized kNN (test)	1.0	0.35030462896218967	0.2777777777777778	0.3887913572299764	0.27174907971949797
5	50	Average Rating	1.0	0.2648942564122796	0.18518518518518517	0.23214777293214667	0.16948282883376398
5	50	Normalized kNN (full)	0.7574074074074074	0.4785192392547324	0.3185185185185185	0.43944533875457764	0.3162952096709546
5	50	kNN (full/test)	1.0	0.5551241721498875	0.3425925925925926	0.5079111741534109	0.3468937946201997
5	50	iMF (test)	1.0	0.508891951608414	0.3333333333333333	0.48598297871157026	0.33508264649641045
1	100	Random	1.0	0.10397628208627537	0.0962962962962963	0.0708157147765518	0.06922272685095966
1	100	iMF (full)	1.0	0.4802519585743475	0.3388888888888889	0.41984924024640446	0.30891099990911547
1	100	Popularity	1.0	0.3851633008217457	0.27037037037037037	0.32452457785184957	0.24745686023963548
1	100	Normalized kNN (test)	1.0	0.24256512456637525	0.2037037037037037	0.23399160418122572	0.18090414286910478
1	100	Average Rating	1.0	0.18760640659940964	0.14074074074074075	0.16363313934603202	0.11886669766197414
1	100	Normalized kNN (full)	0.8722222222222222	0.4342384477844257	0.31296296296296294	0.3987544332565943	0.2931878798895347
1	100	kNN (full/test)	1.0	0.47720093946188935	0.3444444444444445	0.43518044128878514	0.3204271194788157
1	100	iMF (test)	1.0	0.42140098570580564	0.32037037037037036	0.40086773753163696	0.2979554000937387
2	100	Random	1.0	0.08751186158976322	0.08333333333333333	0.07594283872689819	0.06592591587421101
2	100	iMF (full)	1.0	0.49307053237466697	0.32407407407407407	0.4546382979384187	0.3027949814986226
2	100	Popularity	1.0	0.39191521385225025	0.2555555555555556	0.33954898737288697	0.23735417103841663
2	100	Normalized kNN (test)	1.0	0.2690963512868311	0.21481481481481482	0.227125914007607	0.17968064240034862
2	100	Average Rating	1.0	0.22169811226860286	0.15185185185185185	0.1472796024374579	0.12079534691648804
2	100	Normalized kNN (full)	0.8666666666666666	0.40642842282918523	0.28888888888888886	0.37133483402126555	0.2680213833111914
2	100	kNN (full/test)	1.0	0.47483021520933194	0.3055555555555556	0.4139109669988003	0.28164681196445834
2	100	iMF (test)	1.0	0.4250987957072964	0.3055555555555556	0.40423002274329095	0.28258707377922626
3	100	Random	1.0	0.0807116799188004	0.07592592592592592	0.07259481140721076	0.06061286181268587
3	100	iMF (full)	1.0	0.5254185904008293	0.3592592592592592	0.4339301828210846	0.3286805423705489
3	100	Popularity	1.0	0.41103668862241743	0.3	0.3245347360906943	0.2669939486216248
3	100	Normalized kNN (test)	1.0	0.2705460916721853	0.2111111111111111	0.25030462612588217	0.18169005947720132
3	100	Average Rating	1.0	0.18651352591323864	0.1388888888888889	0.12226379253150589	0.11127611865658518
3	100	Normalized kNN (full)	0.8537037037037037	0.440058887558607	0.3037037037037037	0.38859556283670615	0.2843779261104813
3	100	kNN (full/test)	1.0	0.4980269587036691	0.3351851851851852	0.44135354589662157	0.3128666049301294
3	100	iMF (test)	1.0	0.43275471677345695	0.3055555555555556	0.396998384595003	0.2877950100006656
4	100	Random	1.0	0.07591394997647953	0.07037037037037036	0.06395615791519114	0.05422941731500816
4	100	iMF (full)	1.0	0.4976075695408589	0.35185185185185186	0.4732921663956254	0.3353274782591323
4	100	Popularity	1.0	0.4134435408255933	0.28703703703703703	0.4164392395941792	0.27673461813616645
4	100	Normalized kNN (test)	1.0	0.23645362637450823	0.18518518518518517	0.22584207210606985	0.17016895769856297
4	100	Average Rating	1.0	0.17189721058876212	0.1259259259259259	0.1299795079321022	0.10466804419295472
4	100	Normalized kNN (full)	0.8592592592592593	0.4526940560682528	0.3148148148148148	0.4633762149007265	0.305527618274952
4	100	kNN (full/test)	1.0	0.49789929176307246	0.3166666666666667	0.4553959157435268	0.3014296320865572
4	100	iMF (test)	1.0	0.42882785335266405	0.3037037037037037	0.42235679274826343	0.29456536347945583
5	100	Random	1.0	0.09077577064318014	0.07592592592592592	0.08417284973112527	0.06567252929486521
5	100	iMF (full)	1.0	0.4464996162325344	0.30185185185185187	0.4474715203918703	0.30741341101256986
5	100	Popularity	1.0	0.3705069888603862	0.24444444444444444	0.355728907643659	0.24193930713384515
5	100	Normalized kNN (test)	1.0	0.23949519075932676	0.17962962962962964	0.23270832487648752	0.1662257912066887
5	100	Average Rating	1.0	0.19603783333860814	0.1314814814814815	0.15978411211819343	0.11625789658914834
5	100	Normalized kNN (full)	0.8592592592592593	0.4294854332214803	0.2796296296296296	0.4061061119211987	0.28276993258687627
5	100	kNN (full/test)	1.0	0.47081533441326257	0.28888888888888886	0.42258872143499737	0.29194983824740983
5	100	iMF (test)	1.0	0.40871627902277285	0.26851851851851855	0.38379228034810786	0.2669260690388463
1	200	Random	1.0	0.04731695841207784	0.046296296296296294	0.04422376975481551	0.03943114873001213
1	200	iMF (full)	1.0	0.429876396746561	0.3074074074074074	0.3740786027853812	0.27965000932418416
1	200	Popularity	1.0	0.31144022820473827	0.2111111111111111	0.24710221264024237	0.1863374284787708
1	200	Normalized kNN (test)	1.0	0.1481350289295537	0.13703703703703704	0.13379729172542265	0.11300413562602156
1	200	Average Rating	1.0	0.13301324318534757	0.09074074074074075	0.09334857838903275	0.07328550305895348
1	200	Normalized kNN (full)	0.9462962962962963	0.3763739603138274	0.2740740740740741	0.366668162821046	0.25967212931424954
1	200	kNN (full/test)	1.0	0.40319545828844566	0.29074074074074074	0.35962392922123054	0.26652505645984104
1	200	iMF (test)	1.0	0.3329085373064769	0.2555555555555556	0.2845262865292382	0.23190874240714213
2	200	Random	1.0	0.051641264876934656	0.05	0.03698355258976361	0.03631659382894729
2	200	iMF (full)	1.0	0.4553223400906798	0.3148148148148148	0.417572971520798	0.28537479119925824
2	200	Popularity	1.0	0.32490423395564405	0.20185185185185187	0.25870418822033925	0.1796123404962835
2	200	Normalized kNN (test)	1.0	0.20534398344597837	0.16111111111111112	0.18156139642700378	0.13150071883526906
2	200	Average Rating	1.0	0.16426091978764476	0.1111111111111111	0.11077946680593403	0.08624244161214546
2	200	Normalized kNN (full)	0.9666666666666667	0.3363802153269599	0.24629629629629632	0.3043869371666125	0.22108349374405886
2	200	kNN (full/test)	1.0	0.40508684588130883	0.2611111111111111	0.33530991203093585	0.23423488101213977
2	200	iMF (test)	1.0	0.33342047902483846	0.22962962962962963	0.2987590392077219	0.21031221339320544
3	200	Random	1.0	0.0668746425639869	0.05	0.054262870043868434	0.04179638814185016
3	200	iMF (full)	1.0	0.4414375556594069	0.30925925925925923	0.3685999545077645	0.27941068277646913
3	200	Popularity	1.0	0.3322341117309375	0.2388888888888889	0.24942406628396968	0.2109947361926738
3	200	Normalized kNN (test)	1.0	0.1739877271187764	0.14074074074074072	0.15005277793723848	0.11578237931414154
3	200	Average Rating	1.0	0.1420731672489638	0.1037037037037037	0.08756087996023583	0.0801544410274677
3	200	Normalized kNN (full)	0.938888888888889	0.36016257590682843	0.2518518518518518	0.318073043962738	0.23627050481185782
3	200	kNN (full/test)	1.0	0.4358617104858015	0.2925925925925926	0.36370012838410587	0.2686997737499875
3	200	iMF (test)	1.0	0.3240616521234025	0.23518518518518516	0.32102920756906267	0.22780267681087243
4	200	Random	1.0	0.05795926427675165	0.05555555555555555	0.05347665112020593	0.046585942358954975
4	200	iMF (full)	1.0	0.42902572265043454	0.2962962962962963	0.41660486883611186	0.2855383292113714
4	200	Popularity	1.0	0.31044980979877335	0.21851851851851853	0.29763179027503406	0.2049832062050901
4	200	Normalized kNN (test)	1.0	0.12177473290665682	0.10925925925925926	0.10823137005092337	0.0899418708700381
4	200	Average Rating	1.0	0.12468296873075461	0.08888888888888889	0.08472030211734081	0.06956986812040646
4	200	Normalized kNN (full)	0.9370370370370371	0.3507866292222473	0.24074074074074073	0.3690514278543083	0.23876190267151715
4	200	kNN (full/test)	1.0	0.4017766590821235	0.2611111111111111	0.3744076319166527	0.24962717787624347
4	200	iMF (test)	1.0	0.34770445696726493	0.2555555555555556	0.37484241156195863	0.24614328321178328
5	200	Random	1.0	0.06348633612709838	0.05925925925925926	0.06223004263769938	0.050532710321974754
5	200	iMF (full)	1.0	0.35417040511741577	0.25	0.3586386900646386	0.2484239056118262
5	200	Popularity	1.0	0.31666795256390995	0.19074074074074077	0.2702127384547258	0.18256633586962887
5	200	Normalized kNN (test)	1.0	0.15084054635823246	0.1277777777777778	0.15365164718943222	0.11104456206169928
5	200	Average Rating	1.0	0.14988353663575857	0.0962962962962963	0.13198058351227127	0.0877495580717621
5	200	Normalized kNN (full)	0.95	0.302019722350494	0.20925925925925928	0.3197808599300054	0.21210344265999584
5	200	kNN (full/test)	1.0	0.3896949155608834	0.2277777777777778	0.3356563483427802	0.22651052459791834
5	200	iMF (test)	1.0	0.3039266241264611	0.20925925925925928	0.29476639802130533	0.20715991941091846
1	500	Random	1.0	0.03447264198564556	0.02592592592592593	0.03648414508629562	0.02154961592801934
1	500	iMF (full)	1.0	0.3233490358135236	0.23703703703703705	0.25607335617350374	0.20591932649679484
1	500	Popularity	1.0	0.21564742457939243	0.15	0.15585921816682938	0.13290014969701655
1	500	Normalized kNN (test)	1.0	0.05800668853425647	0.05185185185185185	0.049178942421615836	0.03598162303117555
1	500	Average Rating	1.0	0.06974497066397863	0.046296296296296294	0.04668460397627064	0.03410901721580906
1	500	Normalized kNN (full)	1.0	0.22010727277649267	0.1611111111111111	0.20744491996863915	0.14852648766164195
1	500	kNN (full/test)	1.0	0.2924740828220574	0.20185185185185187	0.2291077252830099	0.1780632648881637
1	500	iMF (test)	1.0	0.2204056081370672	0.1814814814814815	0.1798129191577431	0.15694636301270695
2	500	Random	1.0	0.010411395912980216	0.009259259259259259	0.0047577370991338025	0.005884561870113986
2	500	iMF (full)	1.0	0.31743056538975895	0.21851851851851853	0.2846382968281852	0.19686752162169097
2	500	Popularity	1.0	0.24258475284975933	0.15185185185185185	0.2041227823177876	0.1392108868445887
2	500	Normalized kNN (test)	1.0	0.09319979676325724	0.08333333333333333	0.08334728992135777	0.06478639977598805
2	500	Average Rating	1.0	0.11459654813245045	0.06666666666666667	0.07248244236017377	0.05050315162949075
2	500	Normalized kNN (full)	1.0	0.21751419975936934	0.16296296296296298	0.2024194158859453	0.14888387460476446
2	500	kNN (full/test)	1.0	0.3142588560218858	0.19074074074074077	0.2568038732643379	0.17342042805016178
2	500	iMF (test)	1.0	0.2541158101078153	0.18703703703703703	0.23419075120756594	0.16917394617209125
3	500	Random	1.0	0.01674360992022463	0.018518518518518517	0.012197109117398972	0.013290279074592801
3	500	iMF (full)	1.0	0.32815445592784076	0.24259259259259258	0.275873623240773	0.21276732614661065
3	500	Popularity	1.0	0.23266703772644026	0.17222222222222225	0.17308095130961476	0.15006669431483358
3	500	Normalized kNN (test)	1.0	0.08815642789025159	0.07407407407407407	0.05102147219498266	0.05135457350210998
3	500	Average Rating	1.0	0.10952593084549427	0.07592592592592592	0.0657099350114648	0.05764556438318327
3	500	Normalized kNN (full)	0.9962962962962962	0.23197054504092385	0.17407407407407408	0.21676608073749778	0.1589530463982073
3	500	kNN (full/test)	1.0	0.32767882771366186	0.22592592592592592	0.2631844490077179	0.20276763967242856
3	500	iMF (test)	1.0	0.22352576845576075	0.15925925925925924	0.20827182435274222	0.14806371260428414
4	500	Random	1.0	0.021361520413126108	0.018518518518518517	0.016036547508178713	0.01377061778377568
4	500	iMF (full)	1.0	0.3080975072205677	0.20925925925925928	0.2832181775546837	0.1937494417919685
4	500	Popularity	1.0	0.20314235230825395	0.13703703703703704	0.19993817216474927	0.1329192282446067
4	500	Normalized kNN (test)	1.0	0.05862980861022974	0.05370370370370371	0.044785249100136496	0.0414314968450794
4	500	Average Rating	1.0	0.08044202684565045	0.05370370370370371	0.05973775381872309	0.04356454110109081
4	500	Normalized kNN (full)	1.0	0.2260536592970476	0.1574074074074074	0.2260469485951631	0.15609525347522962
4	500	kNN (full/test)	1.0	0.2997687116682498	0.2037037037037037	0.26392969421649276	0.1890147556687023
4	500	iMF (test)	1.0	0.21530511490359003	0.15555555555555556	0.2095420046729615	0.14477807138478285
5	500	Random	1.0	0.011193662618652248	0.011111111111111113	0.012892149003260115	0.010880338706849428
5	500	iMF (full)	1.0	0.269722083099922	0.18518518518518517	0.26703734909852594	0.18241350842275744
5	500	Popularity	1.0	0.24204048834202904	0.1462962962962963	0.20630741816708995	0.14079302707380953
5	500	Normalized kNN (test)	1.0	0.06532303128859505	0.05925925925925926	0.061165674906664975	0.04987187096248927
5	500	Average Rating	1.0	0.10168271500864717	0.061111111111111116	0.06037677579735243	0.05068015583769165
5	500	Normalized kNN (full)	1.0	0.19150327929060984	0.13333333333333333	0.21690753927256037	0.13734590088239063
5	500	kNN (full/test)	1.0	0.3084643020194317	0.17962962962962964	0.27205117102097925	0.17801177701210485
5	500	iMF (test)	1.0	0.21412578727596052	0.13333333333333333	0.230346107779355	0.1458016410607443
1	1012	Random	1.0	0.00926839313610178	0.011111111111111113	0.006788366481598613	0.008108106053002169
1	1012	iMF (full)	1.0	0.23911795872681235	0.1796296296296296	0.16118595939516245	0.14639658029019623
1	1012	Popularity	1.0	0.17208213604952807	0.12407407407407407	0.12578733531716876	0.10800206030121025
1	1012	Normalized kNN (test)	1.0	0.026026522942922025	0.025925925925925925	0.017329006699526413	0.017687566559411498
1	1012	Average Rating	1.0	0.060032974399421075	0.040740740740740744	0.043675344717011386	0.03049349693362211
1	1012	Normalized kNN (full)	1.0	0.14546018278965603	0.1	0.14407309677246952	0.0954540668577914
1	1012	kNN (full/test)	1.0	0.22885193396346643	0.16481481481481483	0.1714647101645046	0.1416711624320371
1	1012	iMF (test)	1.0	0.16565016990321593	0.1314814814814815	0.14178382369927806	0.12039105724506453
2	1012	Random	1.0	0.028503379734913042	0.024074074074074074	0.0272105455454493	0.021540647443811366
2	1012	iMF (full)	1.0	0.2367234643263606	0.17037037037037037	0.17168103981535018	0.14263672448174913
2	1012	Popularity	1.0	0.19980979199175533	0.1259259259259259	0.1762138078035051	0.11664996407994124
2	1012	Normalized kNN (test)	1.0	0.04252530102933703	0.03333333333333333	0.037013135862100505	0.02297153115970471
2	1012	Average Rating	1.0	0.09803320420678865	0.05555555555555555	0.050492704944739765	0.04222233803374853
2	1012	Normalized kNN (full)	1.0	0.14822744087193895	0.11296296296296297	0.14409524295321882	0.1016012483690365
2	1012	kNN (full/test)	1.0	0.26286567123748955	0.1611111111111111	0.21498621402201218	0.1471026493985147
2	1012	iMF (test)	1.0	0.18650578196205217	0.13518518518518519	0.1925506073631943	0.12844986975125885
3	1012	Random	1.0	0.015229991359905794	0.014814814814814815	0.0052833328497579705	0.00754120715113623
3	1012	iMF (full)	1.0	0.27061597159451595	0.2	0.20320481235738885	0.16867629201122003
3	1012	Popularity	1.0	0.1851433691953064	0.13148148148148148	0.12649004221870566	0.11004159656097767
3	1012	Normalized kNN (test)	1.0	0.05490719150231809	0.05	0.03960492138229658	0.036646798351072415
3	1012	Average Rating	1.0	0.0740536157236902	0.04814814814814815	0.038863766478500775	0.035751819294993735
3	1012	Normalized kNN (full)	1.0	0.15878444323664617	0.11296296296296297	0.1533035522548405	0.10658805371108038
3	1012	kNN (full/test)	1.0	0.25255017737033764	0.1814814814814815	0.20718286798399518	0.16503727794204115
3	1012	iMF (test)	1.0	0.16395783626362856	0.10925925925925926	0.14622957923481272	0.09961010322280901
4	1012	Random	1.0	0.011496284700742	0.011111111111111113	0.006231962481962482	0.007216698420258793
4	1012	iMF (full)	1.0	0.22128152880081173	0.15555555555555556	0.20439797337395943	0.14108494552367107
4	1012	Popularity	1.0	0.1354777038644831	0.09074074074074075	0.09866605775433696	0.07783521660202579
4	1012	Normalized kNN (test)	1.0	0.03282251753881168	0.02592592592592593	0.012730744150894703	0.015822619718566484
4	1012	Average Rating	1.0	0.06094475057236952	0.044444444444444446	0.03391164402098208	0.03283472510811692
4	1012	Normalized kNN (full)	1.0	0.14386209215387533	0.10555555555555556	0.14018281624711262	0.10044847743366002
4	1012	kNN (full/test)	1.0	0.2259338972962401	0.15555555555555556	0.19403415347066583	0.14429081955091266
4	1012	iMF (test)	1.0	0.1334836803126729	0.09259259259259259	0.14588827848035263	0.09179704195374831
5	1012	Random	1.0	0.007810427662071924	0.005555555555555557	0.003847770805135146	0.003966785875775887
5	1012	iMF (full)	1.0	0.20554722818750365	0.1425925925925926	0.17852024296446076	0.1352828979594138
5	1012	Popularity	1.0	0.17314663728628374	0.10740740740740741	0.15675265194565707	0.10354458844543003
5	1012	Normalized kNN (test)	1.0	0.035364725292470436	0.03518518518518519	0.042153371320037984	0.03192070465413136
5	1012	Average Rating	1.0	0.08297142986821195	0.04444444444444445	0.05281928878250107	0.041071633843600124
5	1012	Normalized kNN (full)	1.0	0.12506823301723402	0.08148148148148149	0.14035414174303062	0.08450603645691038
5	1012	kNN (full/test)	1.0	0.2303785477929957	0.12037037037037036	0.1893939277155878	0.11934683695786638
5	1012	iMF (test)	1.0	0.1635082802210597	0.10370370370370371	0.16911975924453823	0.10910554548094131
