fold	target size	recommender system	Coverage@10	nDCG@10	P@10	Recall@10	FScore@10
2	100	Average Rating	1.0	0.2593213894142848	0.21823966065747616	0.2045937008725889	0.17718652435598903
5	100	Average Rating	1.0	0.24304958622716435	0.21166489925768822	0.19668900036658973	0.17243779032379936
4	100	Average Rating	1.0	0.2594652178913438	0.21930010604453873	0.19848359749143468	0.17458796942603222
2	100	iMF (test)	1.0	0.5380792064564907	0.40360551431601277	0.4790281856512916	0.36537713038212183
5	100	iMF (test)	1.0	0.5311453641576528	0.3971367974549311	0.4867562795019886	0.36444609211640794
4	100	iMF (test)	1.0	0.5491335134304773	0.4063626723223754	0.49767091410893616	0.3686446201852322
1	100	Average Rating	1.0	0.25287659630299303	0.21198303287380701	0.2015989735426782	0.17329070414853465
4	100	Normalized kNN (full)	0.7714740190880169	0.5538279964957712	0.3977730646871686	0.4331629807535214	0.3447172323340223
1	100	iMF (test)	1.0	0.5426203767633843	0.3978791092258749	0.49039849430247856	0.3632645548609843
4	100	Random	1.0	0.10635565648548845	0.09331919406150584	0.08758802414793909	0.07310401774323574
2	100	Normalized kNN (full)	0.791304347826087	0.5569598667061794	0.4009544008483563	0.4420313383603804	0.35171258550457785
2	100	Random	1.0	0.11206692561584723	0.09851537645811241	0.0859896661219424	0.07692615572600241
5	100	Normalized kNN (full)	0.7878048780487804	0.553477814780443	0.39819724284199365	0.4508638335239579	0.35278514714231113
5	100	Random	1.0	0.10807480378569187	0.09236479321314953	0.08939354463859234	0.07456646174104216
1	100	Normalized kNN (full)	0.7744432661717922	0.5487708136977945	0.39225874867444327	0.435716476132692	0.34490481790079974
1	100	Random	1.0	0.10140152690782618	0.08780487804878048	0.08306967902122703	0.07033266224582749
2	100	iMF (full)	1.0	0.6750365455573076	0.4814422057264051	0.5781862920805717	0.4383852448936658
2	100	Popularity	1.0	0.47681827562534934	0.3585365853658537	0.39848937929808664	0.31395571181948373
2	100	kNN (test)	0.9996818663838812	0.6494479547258539	0.4620360551431601	0.5502564691976144	0.4185262284434199
4	100	iMF (full)	1.0	0.6824726333459561	0.4857900318133616	0.5835704848253701	0.43889352025020667
4	100	Popularity	1.0	0.47215011729696205	0.35514316012725344	0.39976267498829343	0.3097957120202515
5	100	iMF (full)	1.0	0.6817782918219115	0.483881230116649	0.5899648722451099	0.44333046043270163
5	100	Popularity	1.0	0.48466341971812976	0.3612937433722163	0.41152484990131627	0.32140678427441827
4	100	kNN (test)	0.9996818663838812	0.6532669702800427	0.46415694591728524	0.5577768836268112	0.4181371185273881
5	100	kNN (test)	0.9996818663838812	0.6571466442458348	0.4691410392364793	0.5741929301384239	0.42958228209245625
1	100	iMF (full)	1.0	0.6793728466489422	0.47879109225874866	0.5821725253954918	0.43739080423304677
1	100	Popularity	1.0	0.4800356705919089	0.3565217391304348	0.40826218929059177	0.3156667636395408
1	100	kNN (test)	1.0	0.6579037766160654	0.46373276776246025	0.5675284653842866	0.42431277640850756
2	100	Normalized kNN (test)	1.0	0.3304231901280957	0.27104984093319195	0.25628011647300425	0.22201660978144763
2	100	kNN (full)	0.9994697773064687	0.6487303181799189	0.46171792152704133	0.5477432369830023	0.41775841019974885
4	100	Normalized kNN (test)	1.0	0.32123033829699926	0.2625662778366914	0.24438680110100544	0.2130475648442092
5	100	Normalized kNN (test)	1.0	0.3036729901460018	0.2530222693531283	0.23978875606735256	0.20729298501029386
5	100	kNN (full)	0.9996818663838812	0.6591617767091426	0.4696712619300106	0.5720428734588728	0.42897109111235715
4	100	kNN (full)	0.999575821845175	0.6544672769068863	0.46447507953340406	0.5592730068204654	0.4184312960933531
1	100	Normalized kNN (test)	1.0	0.32084430872456005	0.26595970307529165	0.2503853274131695	0.21660825871196626
1	100	kNN (full)	0.999575821845175	0.6550090313471336	0.4623541887592789	0.5651155421479885	0.42315645480462116
2	200	Average Rating	1.0	0.17551043957030568	0.1593849416755037	0.14424915613543263	0.12639335584030348
4	200	Average Rating	1.0	0.1743445244355089	0.1569459172852598	0.13397672708825303	0.12223598952790395
2	200	iMF (test)	1.0	0.42302248767213374	0.3207847295864263	0.37567954053798525	0.2868969179979419
5	200	Average Rating	1.0	0.15965462390220123	0.14856839872746552	0.13212350149255148	0.11761536411851765
4	200	iMF (test)	1.0	0.42419755552988403	0.32025450689289503	0.37547725259449627	0.2840300985416952
5	200	iMF (test)	1.0	0.43127849914533894	0.3237539766702015	0.3950789082331608	0.2936818391868433
2	200	Normalized kNN (full)	0.8551431601272534	0.49025408389560715	0.35174973488865324	0.4013593621184941	0.31232648859755185
2	200	Random	1.0	0.06200633510868465	0.05365853658536585	0.050705858994555486	0.0420348162091754
4	200	Normalized kNN (full)	0.8323435843054082	0.4776366513228446	0.34856839872746553	0.3944489903759088	0.3053690984047401
4	200	Random	1.0	0.0630142399828778	0.05705196182396607	0.0447978542395681	0.042741641345097184
5	200	Normalized kNN (full)	0.8571580063626723	0.48205504298825275	0.35026511134676563	0.4107859698425829	0.3135673982080157
5	200	Random	1.0	0.06071257059053516	0.05238600212089077	0.04414500440770526	0.03939299119462909
1	200	Average Rating	1.0	0.17143333644585163	0.1545068928950159	0.14050318296420425	0.1238243131376933
1	200	iMF (test)	1.0	0.43539942994220704	0.3282078472958643	0.39944594542956197	0.2968757909885192
4	200	iMF (full)	1.0	0.6190116550368177	0.44390243902439025	0.5254236613768026	0.39717093542489906
4	200	Popularity	1.0	0.3895421825140643	0.2984093319194061	0.3211080043521068	0.2535380746647557
2	200	iMF (full)	1.0	0.6140178273063516	0.43658536585365854	0.5166019819500429	0.3935030996203951
2	200	Popularity	1.0	0.39611907111404193	0.30084835630965007	0.3218492531677811	0.25800620512689526
1	200	Normalized kNN (full)	0.8466595970307529	0.48256540934362313	0.3481442205726405	0.39795611488548466	0.3082474514963118
4	200	kNN (test)	1.0	0.5858340200734259	0.4145281018027571	0.49304691222190467	0.3691750717324581
1	200	Random	1.0	0.0619146011288391	0.05461293743372216	0.05053965608306314	0.04335526856164701
2	200	kNN (test)	1.0	0.5828424302152302	0.4151643690349947	0.48473671380679817	0.3712857542596045
5	200	iMF (full)	1.0	0.6224090745517397	0.44050901378579	0.5289543082530784	0.39873193258825923
5	200	Popularity	1.0	0.3962277490914006	0.29671261930010606	0.32134803382100835	0.2574091725031772
5	200	kNN (test)	1.0	0.5877270900771996	0.41770943796394483	0.5025383527767677	0.3775625144619894
2	200	Normalized kNN (test)	1.0	0.23466742318794162	0.19883351007423117	0.17730532529483523	0.15788769016425164
2	200	kNN (full)	1.0	0.5831817252263801	0.4160127253446448	0.48477807266746203	0.3720115251627043
4	200	Normalized kNN (test)	1.0	0.22456563896616885	0.19427359490986212	0.16788063886298168	0.15273525190856624
4	200	kNN (full)	1.0	0.5884997429425018	0.41654294803817604	0.4977114119361121	0.3714718419099776
5	200	Normalized kNN (test)	1.0	0.2159641993787332	0.1872746553552492	0.1661773876389889	0.14887179920134808
1	200	iMF (full)	1.0	0.6151771315371628	0.4373276776246023	0.5201208363500143	0.39420633268812183
1	200	Popularity	1.0	0.399248230517772	0.2997879109225875	0.32609786610219577	0.25845035798144095
5	200	kNN (full)	1.0	0.5898502501468682	0.4196182396606575	0.5055116417160815	0.37857635306772863
1	200	kNN (test)	1.0	0.5848332555767527	0.4135737009544008	0.49353768290635536	0.3712085431739983
2	50	Average Rating	1.0	0.36485762839974084	0.2989395546129374	0.310089305651403	0.2550990357094381
2	50	iMF (test)	1.0	0.6346230192644782	0.46638388123011665	0.564590843832211	0.42759362973952036
2	50	Normalized kNN (full)	0.7399787910922587	0.6001689612213955	0.4309650053022269	0.46547256840616275	0.3762289556198395
2	50	Random	1.0	0.16585652234942516	0.14347826086956522	0.14247839985093452	0.11910050264150812
4	50	Average Rating	1.0	0.35568472072874474	0.29395546129374334	0.3047127049865255	0.24758009549328744
4	50	iMF (test)	1.0	0.6372791983984851	0.46670201484623547	0.5770800912780532	0.42633422519004555
4	50	Normalized kNN (full)	0.7255567338282078	0.5921776509585089	0.4241781548250265	0.4526880612179049	0.3652277836382955
4	50	Random	1.0	0.1798712889512339	0.15196182396606575	0.14982086424183863	0.12277430925192204
5	50	Average Rating	1.0	0.36127578052266784	0.30095440084835634	0.31287517934795117	0.25673308154548274
1	200	Normalized kNN (test)	1.0	0.2339652154995344	0.1990455991516437	0.18124434067508757	0.15861669291167993
1	200	kNN (full)	1.0	0.5856982860851516	0.41410392364793214	0.4948189451788119	0.3725550026466027
5	50	iMF (test)	1.0	0.6438188373341437	0.47030752916224816	0.5851329083408577	0.43376574184734046
5	50	Normalized kNN (full)	0.7443266171792152	0.6028112075620283	0.43234358430540826	0.47879741362723827	0.38081260403389694
5	50	Random	1.0	0.1711867330483831	0.14612937433722165	0.14983980699503946	0.12210272694904627
2	50	iMF (full)	1.0	0.7178085311052542	0.5139978791092259	0.617967165623352	0.4713164350376917
2	50	Popularity	1.0	0.5553165179305276	0.4121951219512195	0.48294466128306207	0.3708953239799904
2	50	kNN (test)	0.9966065747613997	0.7014571824356467	0.4975609756097561	0.6011224972645532	0.455810608613507
4	50	iMF (full)	1.0	0.7229146014359442	0.5160127253446448	0.6274623443199306	0.47059807088722655
4	50	Popularity	1.0	0.5516064543638723	0.40742311770943795	0.48338789809771776	0.3646772366938643
4	50	kNN (test)	0.9939554612937433	0.709444192998936	0.4991516436903499	0.6117046642024829	0.45466189068427837
5	50	iMF (full)	1.0	0.7312286873964831	0.5196182396606575	0.6402696514891711	0.4798237071595217
5	50	Popularity	1.0	0.5625656464477428	0.41346765641569455	0.49582027093938363	0.3766537876607119
2	50	Normalized kNN (test)	1.0	0.43760337669692617	0.35037115588547185	0.3751287051391405	0.3031601160858603
5	50	kNN (test)	0.9936373276776246	0.711421783789936	0.5034994697773065	0.6241761942225907	0.46543430647780637
1	50	Average Rating	1.0	0.36263906351296554	0.2972428419936373	0.30525257713360043	0.2528172112935123
2	50	kNN (full)	0.993425238600212	0.7016445081717422	0.4992576882290562	0.6025976723087642	0.4571761256623157
1	50	iMF (test)	1.0	0.6441970863856269	0.46998939554612934	0.5829196619418665	0.43259812334935493
1	50	Normalized kNN (full)	0.727677624602333	0.5916281643020207	0.4216330858960764	0.45889241801138103	0.3688030097881977
1	50	Random	1.0	0.17594377726434587	0.14803817603393424	0.14672542332418015	0.12121967455176264
4	50	Normalized kNN (test)	1.0	0.42617570840704133	0.34496288441145284	0.3676363147816629	0.2943235041437989
4	50	kNN (full)	0.9899257688229056	0.7114598001498152	0.5015906680805938	0.6139984399362995	0.45682250871861113
5	50	Normalized kNN (test)	1.0	0.4204645297136486	0.3408271474019088	0.35800384155487414	0.2930556685272615
5	50	kNN (full)	0.9905620360551431	0.7145618386335195	0.5051961823966066	0.6260386563350099	0.467064841064035
1	50	iMF (full)	1.0	0.7281819930378584	0.5133616118769884	0.633893800664633	0.47341309323728636
1	50	Popularity	1.0	0.5598609391952178	0.41251325556733826	0.49709001538774483	0.3750659703388583
1	50	kNN (test)	0.9941675503711559	0.7110526883703416	0.49893955461293743	0.6204693832758169	0.46154993762545843
2	1000	Average Rating	1.0	0.040067861690038876	0.04485683987274656	0.031906673519795516	0.03205115770070523
2	1000	iMF (test)	1.0	0.1785448922493519	0.14273594909862142	0.15536065947525865	0.12221083438346084
2	1000	Normalized kNN (full)	0.9940615058324496	0.2611183086411552	0.1990455991516437	0.2444467651063606	0.17979581097549138
2	1000	Random	1.0	0.014399593570282603	0.013255567338282079	0.010525782062849052	0.009488563228393915
4	1000	Average Rating	1.0	0.03811361186298715	0.03944856839872747	0.02817456817105535	0.02891375363680549
4	1000	iMF (test)	1.0	0.1774931341120076	0.14591728525980913	0.1521161006174382	0.12267818728491081
4	1000	Normalized kNN (full)	0.9903499469777306	0.2576897900752449	0.19151643690349945	0.23750445876583934	0.17158780199552812
4	1000	Random	1.0	0.015120039650297087	0.01293743372216331	0.010180604429204973	0.009363374221260268
1	50	Normalized kNN (test)	1.0	0.4357576758327548	0.3514316012725344	0.3708988236735704	0.3018876408401154
1	50	kNN (full)	0.9902439024390244	0.7102739405023792	0.49862142099681867	0.6182357645176088	0.4607506844525126
5	1000	Average Rating	1.0	0.026367775313913357	0.03085896076352068	0.02019227838372917	0.021669484533503806
5	1000	iMF (test)	1.0	0.175740975418713	0.14337221633085895	0.156446196118452	0.12412002466956801
2	1000	iMF (full)	1.0	0.42554900988531913	0.30699893955461294	0.3422344666572233	0.26654951949910527
2	1000	Popularity	1.0	0.21271744338148205	0.1661717921527041	0.16369658726732086	0.13617914644302606
5	1000	Normalized kNN (full)	0.9937433722163309	0.2526252783969603	0.19331919406150586	0.23943668078110453	0.1746878623908454
2	1000	kNN (test)	1.0	0.38643119013734956	0.27857900318133616	0.304656129697247	0.239803668166657
5	1000	Random	1.0	0.016218563027092608	0.013679745493107106	0.011925539941445597	0.010453156928263437
4	1000	iMF (full)	1.0	0.4269947904544625	0.3109225874867444	0.34360322201565285	0.2666132745129501
4	1000	Popularity	1.0	0.2064264527484142	0.1608695652173913	0.16084837301684574	0.13079034869685063
4	1000	kNN (test)	1.0	0.38238562648416813	0.2750795334040297	0.30992685628605937	0.2355224961211503
1	1000	Average Rating	1.0	0.03468043370236083	0.036691410392364794	0.0286525116652747	0.026508485272431916
2	1000	Normalized kNN (test)	1.0	0.07998516079450761	0.08027571580063628	0.06668555969767091	0.061163528232748704
5	1000	iMF (full)	1.0	0.4365168439926677	0.3148462354188759	0.3585244445820678	0.27593082471869557
5	1000	Popularity	1.0	0.22400613343721215	0.16521739130434784	0.1722651672186705	0.1389610256924516
4	1000	Normalized kNN (test)	1.0	0.06779720249657513	0.0662778366914104	0.050766553811464686	0.05020058259055142
1	1000	iMF (test)	1.0	0.1865457641911932	0.14559915164369036	0.16427110350235496	0.12454973999104779
2	1000	kNN (full)	1.0	0.3854805915269148	0.27836691410392367	0.30406720875500026	0.23981987404908944
5	1000	kNN (test)	1.0	0.386879081120125	0.2770943796394486	0.31016475136524363	0.23967614390671077
4	1000	kNN (full)	1.0	0.3799387002865363	0.2731707317073171	0.30502346295969146	0.23432796732143452
1	1000	Normalized kNN (full)	0.9927889713679746	0.25819537812122423	0.19374337221633084	0.24359527899132286	0.17571308150012416
1	1000	Random	1.0	0.015609179687136045	0.013149522799575823	0.011374293206887017	0.010274410610488718
5	1000	Normalized kNN (test)	1.0	0.058197556828981076	0.06320254506892894	0.052334207476481445	0.04850030661418331
1	1000	iMF (full)	1.0	0.42809184535451683	0.30668080593849417	0.34039122470212796	0.26474659713800724
1	1000	Popularity	1.0	0.2215367685900289	0.17168610816542948	0.1789501117609326	0.14258090186558117
5	1000	kNN (full)	1.0	0.38788949539650786	0.27804878048780485	0.30999730847499957	0.2405530885554814
1	1000	kNN (test)	1.0	0.3930118215178756	0.2804878048780488	0.3218157523621967	0.24349906142560807
4	1682	Average Rating	1.0	0.02593385557694477	0.03064687168610817	0.022124469947950316	0.02245933635644806
4	1682	iMF (test)	1.0	0.12772680141171477	0.10604453870625663	0.11216811641795922	0.08908166486644035
2	1682	Average Rating	1.0	0.02163031588287297	0.025980911983032873	0.01908233082132865	0.01883300253671554
4	1682	Normalized kNN (full)	0.9994697773064687	0.1867657488414853	0.1423117709437964	0.17595003880927906	0.1272314327212492
4	1682	Random	1.0	0.007247900312173111	0.006574761399787911	0.005074192216409601	0.0046313172932751015
2	1682	iMF (test)	1.0	0.13166390177571727	0.10551431601272535	0.11140183070794478	0.08876649280173729
2	1682	Normalized kNN (full)	0.9994697773064687	0.18863420635721004	0.14750795334040295	0.17925119413398155	0.13228535362478436
2	1682	Random	1.0	0.00803084266624884	0.006574761399787911	0.006647211579585985	0.005283216382728061
5	1682	Average Rating	1.0	0.011611721169427916	0.013255567338282079	0.009569775187376546	0.009739631921311602
1	1000	Normalized kNN (test)	1.0	0.07135297068014738	0.071898197242842	0.057839871513806256	0.0542910647202357
5	1682	iMF (test)	1.0	0.11810927433113677	0.0990455991516437	0.10162403384430138	0.0833580853126484
1	1000	kNN (full)	1.0	0.3917115698526919	0.2806998939554613	0.3206663154053214	0.24311118906399287
5	1682	Normalized kNN (full)	0.9997879109225875	0.17985171031106917	0.14146341463414636	0.17343489161899128	0.12743441657117668
5	1682	Random	1.0	0.006414009064778362	0.0072110286320254515	0.004093930683385375	0.004632683463329434
4	1682	iMF (full)	1.0	0.35951590976601694	0.2600212089077412	0.2822989164372425	0.21992079399171235
4	1682	Popularity	1.0	0.16152981543802306	0.12767762460233298	0.12458786267262455	0.1021973931150986
4	1682	kNN (test)	1.0	0.3165220021774868	0.22873806998939555	0.2501880509981915	0.19269551813046965
2	1682	iMF (full)	1.0	0.36267123446945243	0.26224814422057263	0.28690167449907955	0.22484121719041267
2	1682	Popularity	1.0	0.16599244579065928	0.1310710498409332	0.13162110613489597	0.10764130518842448
2	1682	kNN (test)	1.0	0.3269718420341126	0.23520678685047722	0.2550343126678942	0.20014884970280206
1	1682	Average Rating	1.0	0.01876229692439704	0.022163308589607637	0.015718491772926283	0.015972156087149584
5	1682	iMF (full)	1.0	0.37040208322929846	0.2657476139978791	0.29464320887062745	0.2300037075467879
5	1682	Popularity	1.0	0.17371348870942735	0.13054082714740192	0.1385301453424197	0.1102719554426886
4	1682	Normalized kNN (test)	1.0	0.041971139813518035	0.043584305408271476	0.03211497371509342	0.03224244558201242
5	1682	kNN (test)	1.0	0.3239229516096007	0.2342523860021209	0.2537276098666027	0.19910170920967526
2	1682	Normalized kNN (test)	1.0	0.04582690819599938	0.05153764581124072	0.03926629531572492	0.03724969241058931
1	1682	iMF (test)	1.0	0.1327817454545597	0.10763520678685047	0.11897901478787036	0.09068866286102581
4	1682	kNN (full)	1.0	0.31575076596496154	0.22831389183457054	0.25081621707538915	0.19245687874850056
2	1682	kNN (full)	1.0	0.3259793608694976	0.23584305408271475	0.25214759535881254	0.20030014645052938
1	1682	Normalized kNN (full)	0.9998939554612937	0.19064809201095007	0.14549310710498412	0.18203813326297166	0.13142391383554702
1	1682	Random	1.0	0.00966013884406512	0.008377518557794275	0.00776482988308044	0.006432669515148179
5	1682	Normalized kNN (test)	1.0	0.030226946138844284	0.035206786850477206	0.028096260124748924	0.02663018868660194
5	1682	kNN (full)	1.0	0.3233412367881674	0.23457051961823966	0.2522660462700662	0.19936536549599093
4	500	Average Rating	1.0	0.08406700272210119	0.08006362672322376	0.06156650233478666	0.06017002926263373
4	500	iMF (test)	1.0	0.2736913930133119	0.21495227995758218	0.24393807969371004	0.18644494276053492
1	1682	iMF (full)	1.0	0.3651367675315197	0.26193001060445387	0.2919662050149734	0.22550191853575208
1	1682	Popularity	1.0	0.17379069834055935	0.13584305408271474	0.1414834072128964	0.11216075264519923
1	1682	kNN (test)	1.0	0.32901311809268197	0.23679745493107107	0.2627868663624222	0.20100456825645951
4	500	Normalized kNN (full)	0.9391304347826087	0.35737094381620393	0.26394485683987273	0.31528149831806507	0.23439478554518325
4	500	Random	1.0	0.02607614237015897	0.023753976670201488	0.018620523647266792	0.01733081127634541
2	500	Average Rating	1.0	0.08254142883244614	0.08101802757158007	0.06469557351543577	0.060875706828324376
2	500	iMF (test)	1.0	0.2761814418312838	0.21845174973488865	0.2406500169792318	0.18784917876892676
2	500	Normalized kNN (full)	0.9522799575821845	0.35844562591532503	0.2664899257688229	0.3199637051528392	0.24005369424844034
2	500	Random	1.0	0.02576011079620896	0.023753976670201488	0.019005405214564872	0.0175947715557813
5	500	Average Rating	1.0	0.07287835168193474	0.07635206786850478	0.06436711431053307	0.05953449662350828
4	500	iMF (full)	1.0	0.5107686962075066	0.367762460233298	0.42566919182956064	0.322891207351954
4	500	Popularity	1.0	0.2803412143124944	0.21548250265111346	0.22330998879272473	0.17842171931627204
1	1682	Normalized kNN (test)	1.0	0.04248042986338403	0.04581124072110287	0.034331917685873764	0.0335729962333301
5	500	iMF (test)	1.0	0.26449901253172214	0.2085896076352068	0.23286123869361314	0.18140545975004493
4	500	kNN (test)	1.0	0.4702982937163876	0.336373276776246	0.3895024363965814	0.29378421072721184
1	1682	kNN (full)	1.0	0.32999764131133874	0.2388123011664899	0.26479221800404884	0.2030879902947577
5	500	Normalized kNN (full)	0.9511134676564157	0.3551195017122702	0.26267232237539767	0.32634941131879175	0.23874691476780296
5	500	Random	1.0	0.024567314104521742	0.022905620360551434	0.018115348495732063	0.016261550533469015
2	500	iMF (full)	1.0	0.5103415504093158	0.36829268292682926	0.4216188666613624	0.32595816987316334
2	500	Popularity	1.0	0.2850315347697847	0.21792152704135737	0.22497180705322475	0.18232673194368795
2	500	kNN (test)	1.0	0.47094222662390456	0.3398727465535525	0.38197242452380464	0.2976898385555704
4	500	Normalized kNN (test)	1.0	0.1252336929070776	0.11336161187698834	0.09567138230397912	0.08814601476953399
5	500	iMF (full)	1.0	0.52296089898749	0.3712619300106045	0.4371128345143861	0.3308109005013785
5	500	Popularity	1.0	0.28997026739335585	0.21611876988335102	0.22782293835870568	0.18375386192773052
4	500	kNN (full)	1.0	0.47159500687050593	0.33796394485683984	0.39109807781391326	0.2948261402162209
5	500	kNN (test)	1.0	0.4734885298632659	0.3390243902439024	0.3895883780859022	0.29853051500947203
1	500	Average Rating	1.0	0.0767687441523101	0.07560975609756097	0.06326458417400237	0.057785583291488495
2	500	Normalized kNN (test)	1.0	0.13744971378077303	0.12460233297985154	0.10578913269215973	0.0962844670806194
2	500	kNN (full)	1.0	0.4705208227237949	0.3372216330858961	0.3803476273117702	0.29581292979228196
1	500	iMF (test)	1.0	0.2834194290644675	0.21728525980911984	0.24756524741361002	0.1903996251575886
1	500	Normalized kNN (full)	0.9471898197242843	0.36026827010360085	0.26542948038176034	0.3177472274541452	0.23760532178384425
1	500	Random	1.0	0.024430244243115472	0.021208907741251327	0.020718523857264408	0.016898839249980677
5	500	Normalized kNN (test)	1.0	0.11372835569117813	0.11092258748674444	0.09543121399045726	0.08663051892539478
4	5	Average Rating	0.9693531283138919	0.7119729273707884	0.5278897136797455	0.660342896775648	0.48919323751159527
5	500	kNN (full)	1.0	0.4758130663721273	0.3412513255567338	0.3945620846101234	0.3007989965530683
4	5	iMF (test)	0.9713679745493107	0.7985091890798534	0.5699893955461294	0.7015187557785459	0.5269102234626326
4	5	Normalized kNN (full)	0.6633085896076352	0.6454057649561016	0.45874867444326617	0.47623186081270813	0.39161483659456964
4	5	Random	0.9713679745493107	0.533606132191136	0.4060445387062566	0.5535456535008977	0.3874824462697082
2	5	Average Rating	0.9748674443266171	0.7245316564480302	0.5331919406150584	0.6618869302455694	0.49642091058084103
2	5	iMF (test)	0.9765641569459172	0.7927590226712472	0.5665959703075291	0.6970363318768419	0.527867978265946
1	500	iMF (full)	1.0	0.518519684863646	0.3687168610816543	0.423971822474951	0.32501664135426267
1	500	Popularity	1.0	0.2970964385858432	0.22343584305408273	0.2351283596661047	0.18719449216201378
2	5	Normalized kNN (full)	0.6757158006362672	0.6518538525131615	0.46033934252386005	0.48463365991419494	0.3982854981897538
2	5	Random	0.9765641569459172	0.530164224510255	0.404135737009544	0.5508259174161927	0.38947004653226464
5	5	Average Rating	0.9755037115588547	0.7165772831971893	0.5292682926829269	0.6680024356515424	0.49595220269586404
1	500	kNN (test)	1.0	0.4823040443318969	0.34103923647932133	0.40128499394707706	0.30129763390604464
5	5	iMF (test)	0.9780487804878049	0.7989632280504816	0.5673382820784729	0.7079037166574191	0.53070097516883
4	5	iMF (full)	0.9713679745493107	0.7972459960611886	0.5617179215270414	0.69437079561737	0.5200728270010752
4	5	Popularity	0.9693531283138919	0.7153224869149083	0.5145281018027571	0.6576492785902592	0.4824189217519562
5	5	Normalized kNN (full)	0.6827147401908801	0.657159935435219	0.46648992576882287	0.5022385679638623	0.40689290362894354
5	5	Random	0.9780487804878049	0.5246746375774599	0.39989395546129375	0.5537007989418908	0.38830000286791844
4	5	kNN (test)	0.8811240721102863	0.793116119479487	0.5558854718981973	0.6861830930406148	0.5139146198478435
2	5	iMF (full)	0.9765641569459172	0.7875929917615615	0.559066808059385	0.6865914373178454	0.5194774054141185
2	5	Popularity	0.9748674443266171	0.7114170802222068	0.5147401908801696	0.6530025715208845	0.4851529966090838
2	5	kNN (test)	0.8893955461293744	0.7832270913479911	0.5542948038176034	0.6816848369271743	0.5155747122507626
1	500	Normalized kNN (test)	1.0	0.13302964740014267	0.12195121951219512	0.09964923497234163	0.09325642432353415
1	500	kNN (full)	1.0	0.483408793174942	0.3422057264050901	0.40251294348693145	0.3027055984931584
5	5	iMF (full)	0.9780487804878049	0.7953584842027668	0.55949098621421	0.7017878316511191	0.5240082825126477
5	5	Popularity	0.9755037115588547	0.7225731969550614	0.5187698833510074	0.6717866560058648	0.4935731357108106
5	5	kNN (test)	0.8892895015906681	0.7879171790639382	0.5558854718981973	0.6957558901899138	0.5202799151351285
4	5	Normalized kNN (test)	0.9356309650053022	0.7432679387683517	0.5411452810180276	0.6759688427170563	0.5020218289397582
4	5	kNN (full)	0.8750795334040298	0.7911257079850305	0.5548250265111347	0.6847633223776797	0.5127133284311658
2	5	Normalized kNN (test)	0.9458112407211028	0.7447519402412086	0.5474019088016968	0.6780031385345898	0.5099639387701396
2	5	kNN (full)	0.8835630965005302	0.7825374685189235	0.5539766702014846	0.6800279389484587	0.5148540112116902
5	5	Normalized kNN (test)	0.9452810180275716	0.7432556209372944	0.5436903499469777	0.6835446332993669	0.5085997626988424
5	5	kNN (full)	0.8829268292682927	0.7883158201738341	0.5552492046659597	0.6928958627785249	0.5190109920486828
1	5	Average Rating	0.9733828207847296	0.7146259600734901	0.5256627783669141	0.6702779828928321	0.49316427901778326
1	5	iMF (test)	0.9750795334040296	0.8032382944882388	0.5656415694591729	0.709148191382893	0.5292281149389341
1	5	Normalized kNN (full)	0.6716861081654295	0.6449854873959551	0.45429480381760334	0.4830850225898426	0.394729201021499
1	5	Random	0.9750795334040296	0.5318451667277735	0.3977730646871686	0.5587391947512018	0.3873565289405639
4	20	Average Rating	1.0	0.524765486759468	0.41569459172852596	0.48755777334050715	0.371732606107108
4	20	iMF (test)	1.0	0.7278453840563535	0.5267232237539766	0.6502879873503665	0.4852198806497383
4	20	Normalized kNN (full)	0.6878048780487805	0.6256377311210176	0.4462354188759279	0.4682144631710077	0.3822819120460152
4	20	Random	1.0	0.3114491141855406	0.2542948038176034	0.28845693386376897	0.22161618667800492
2	20	Average Rating	1.0	0.5343458407915618	0.4241781548250265	0.49448067428991216	0.38101776458591907
5	20	Average Rating	1.0	0.5322749379923577	0.41749734888653234	0.48932517345323745	0.3764640390639335
2	20	iMF (test)	1.0	0.7290279916342007	0.5242841993637327	0.6457405372297073	0.486757589220044
1	5	iMF (full)	0.9750795334040296	0.7981671381501858	0.5595970307529162	0.7041021848746926	0.5237208038935682
1	5	Popularity	0.9733828207847296	0.7220033357570471	0.5163308589607635	0.6721892399661589	0.49091611172876
5	20	iMF (test)	1.0	0.7360571752559846	0.5286320254506893	0.6614050977941801	0.49316071090554625
1	5	kNN (test)	0.8821845174973488	0.7903290654598631	0.5530222693531283	0.6968911278280137	0.5183085141041667
2	20	Normalized kNN (full)	0.7006362672322376	0.6326477373885523	0.44867444326617184	0.47731605876400074	0.3897493574397839
2	20	Random	1.0	0.2963186660068148	0.24273594909862142	0.2748109618090674	0.2140783940988098
5	20	Normalized kNN (full)	0.7039236479321315	0.6387342760011718	0.45365853658536587	0.49334498625146533	0.39700618762819406
5	20	Random	1.0	0.3025340019759963	0.247507953340403	0.2855050490769103	0.22047066193969192
4	20	iMF (full)	1.0	0.76808929932611	0.5431601272534465	0.6671376381786965	0.4996751579100087
4	20	Popularity	1.0	0.637033546738174	0.4625662778366914	0.5778536701684295	0.425855838833462
4	20	kNN (test)	0.9560975609756098	0.7580227784860558	0.5311770943796394	0.6556477202373269	0.4888586774332791
2	20	iMF (full)	1.0	0.757942450029459	0.5391304347826087	0.6541382251930162	0.49757298984237036
1	5	Normalized kNN (test)	0.9441145281018027	0.7476235951090819	0.5457051961823967	0.6898501937939454	0.5114396346761401
2	20	Popularity	1.0	0.6345767240582544	0.46691410392364796	0.5780467411605918	0.4319066840046522
5	20	iMF (full)	1.0	0.7694284103487089	0.5420996818663839	0.6739247482012887	0.5048319895393746
5	20	Popularity	1.0	0.6457688872958207	0.467762460233298	0.5899738096724272	0.4363493301403592
2	20	kNN (test)	0.9655355249204666	0.7476538865178455	0.5304347826086956	0.6514989457419036	0.4910016857137556
1	5	kNN (full)	0.8748674443266172	0.7897752674265024	0.5530222693531283	0.6954710293026585	0.5180732581215208
5	20	kNN (test)	0.963626723223754	0.7592070263928065	0.5376458112407211	0.6694211021334946	0.5001338249448741
4	20	Normalized kNN (test)	1.0	0.5892469267233724	0.45493107104984093	0.5496795109647122	0.4115417331165493
4	20	kNN (full)	0.9477200424178155	0.7579661352124386	0.5311770943796394	0.6560817427793305	0.4888955440360316
2	20	Normalized kNN (test)	1.0	0.5946718822092918	0.45885471898197244	0.5450149189455932	0.4163382670245185
2	20	kNN (full)	0.9574761399787911	0.7478693926341494	0.5303287380699894	0.6495572018467649	0.4902400262559167
1	20	Average Rating	1.0	0.534696449783025	0.4200424178154825	0.49812947253270934	0.38016148458762145
5	20	Normalized kNN (test)	1.0	0.5856233822949778	0.45408271474019085	0.5456455691073728	0.4125286407701716
1	20	iMF (test)	1.0	0.7381996559271056	0.5273594909862143	0.6631054897534036	0.4921143067440328
5	20	kNN (full)	0.9548250265111347	0.7609334851430042	0.5372216330858961	0.6691009149563659	0.49953676794324686
4	10	Average Rating	0.9998939554612937	0.6339053894298788	0.4867444326617179	0.6040591970921644	0.44709222566966694
1	20	Normalized kNN (full)	0.695864262990456	0.6278404253722719	0.4443266171792153	0.47592391695282277	0.3869483651026222
1	20	Random	1.0	0.2962015890099848	0.24167550371155885	0.28023353325787953	0.21365097410724307
4	10	iMF (test)	1.0	0.7761416217876832	0.5547189819724284	0.6858352221030954	0.513118226676413
4	10	Normalized kNN (full)	0.6704135737009544	0.638852610483449	0.45312831389183456	0.4725791162272601	0.38741538283854554
4	10	Random	1.0	0.4232835552630727	0.3320254506892895	0.42539710467704683	0.3071933665717462
2	10	Average Rating	1.0	0.6467286557167273	0.49374337221633086	0.6040858577022691	0.45517628280137234
2	10	iMF (test)	1.0	0.7685420174866463	0.5517497348886532	0.6774694615229355	0.5129479448589034
1	20	iMF (full)	1.0	0.7697527016576122	0.541781548250265	0.6772636616857751	0.5041874826166183
1	20	Popularity	1.0	0.6493481014421912	0.47126193001060446	0.5952278878451408	0.43960190469544635
1	20	kNN (test)	0.9600212089077412	0.7628276152569764	0.5342523860021209	0.6722098262250498	0.4984747109895702
2	10	Normalized kNN (full)	0.6856839872746554	0.6442169767539473	0.45630965005302226	0.4823132109880465	0.3954811710330826
2	10	Random	1.0	0.4172237255566875	0.3300106044538706	0.41365865268569896	0.30595028980177486
5	10	Average Rating	1.0	0.6454226117562146	0.4900318133616119	0.6129674946559843	0.4555177983410368
5	10	iMF (test)	1.0	0.7726743773358109	0.5504772004241781	0.6889074853796612	0.5145795369327673
5	10	Normalized kNN (full)	0.6905620360551432	0.651220418124839	0.4634146341463415	0.5008416006581589	0.40506023393234725
5	10	Random	1.0	0.41627214642956795	0.3306468716861082	0.4237369509336372	0.30792742660135247
4	10	iMF (full)	1.0	0.7854886015740883	0.5545068928950159	0.6847596091216733	0.5122846093784724
4	10	Popularity	0.9998939554612937	0.6856528618751329	0.496712619300106	0.6311395419302916	0.4627986908171758
4	10	kNN (test)	0.9176033934252386	0.7804282795113329	0.546659597030753	0.6759070319383119	0.5048508810991119
2	10	iMF (full)	1.0	0.7753005812200261	0.5506892895015906	0.673484008737435	0.51097982324973
2	10	Popularity	1.0	0.6793019916226825	0.49522799575821846	0.6221233073910534	0.46293089373333823
1	20	Normalized kNN (test)	0.9998939554612937	0.5936375295531795	0.45747613997879105	0.5557131406850443	0.41809262859825524
2	10	kNN (test)	0.9306468716861082	0.767516766407137	0.546659597030753	0.6709938802982172	0.5072575685762101
1	20	kNN (full)	0.9521739130434782	0.7621242445173936	0.5331919406150584	0.6703539382530181	0.49732190696304496
4	10	Normalized kNN (test)	0.9886532343584304	0.6797022899243234	0.508695652173913	0.6307926467684046	0.4678071342910061
5	10	iMF (full)	1.0	0.7857524235823276	0.5537645811240721	0.6914019086430019	0.5172818172556384
5	10	Popularity	1.0	0.6941068805151199	0.5003181336161188	0.6411896364229096	0.47217342595524364
4	10	kNN (full)	0.9106044538706257	0.7804586212997604	0.546659597030753	0.675858068358008	0.5046905847921506
5	10	kNN (test)	0.9314952279957582	0.7769667682105837	0.5506892895015906	0.6884398318575136	0.5144686058542633
1	10	Average Rating	1.0	0.6357371801840406	0.4841993637327678	0.6078919672906111	0.44981133330835976
2	10	Normalized kNN (test)	0.9924708377518557	0.6864438748871741	0.5172852598091199	0.6365594579696839	0.47875559119851724
2	10	kNN (full)	0.9240721102863202	0.7657409060442266	0.5451749734888653	0.6680175427004573	0.5055811597535279
1	10	iMF (test)	1.0	0.7786163296051176	0.5507953340402969	0.693432371238539	0.5154971878800636
1	10	Normalized kNN (full)	0.6777306468716862	0.6387197665352407	0.45143160127253446	0.48041713826914145	0.39216924901906086
1	10	Random	1.0	0.41673755887073344	0.32916224814422057	0.42370753873712624	0.3073089527098017
5	10	Normalized kNN (test)	0.9932131495227996	0.6811893496125495	0.511558854718982	0.6397809856780217	0.47602068391900576
5	10	kNN (full)	0.9224814422057264	0.7768040420712524	0.5489925768822906	0.6845551548292164	0.5121851738869445
4	1	Average Rating	0.8646871686108165	0.7935677124296106	0.5616118769883351	0.6981132830574521	0.5220695010021948
4	1	iMF (test)	0.8651113467656415	0.8186203715003028	0.5781548250265112	0.7110511374484487	0.5353989282034407
4	1	Normalized kNN (full)	0.6566277836691411	0.6512924320670139	0.4618239660657476	0.4779541440143541	0.39379176291534984
4	1	Random	0.8651113467656415	0.6356069437121399	0.46330858960763516	0.6249282327253759	0.44582246475592324
1	10	iMF (full)	1.0	0.7873377172884798	0.5514316012725344	0.6913684552051836	0.5144525816028022
2	1	Average Rating	0.8730646871686107	0.7917467350166135	0.5642629904559915	0.6989241165843227	0.5274927417637044
1	10	Popularity	1.0	0.6912427279713416	0.49787910922587486	0.6435468631441714	0.4704915370802066
2	1	iMF (test)	0.873594909862142	0.8156696350264845	0.5785790031813361	0.7096599825446966	0.5388111782413
1	10	kNN (test)	0.9223753976670201	0.7801298740598035	0.5452810180275717	0.6866258687526048	0.5100720803916392
2	1	Normalized kNN (full)	0.6699893955461294	0.6557396593378473	0.46373276776246025	0.4867169682168353	0.4007707696516752
2	1	Random	0.873594909862142	0.643204287668481	0.471474019088017	0.6342056024324145	0.4580812940808668
4	1	iMF (full)	0.8651113467656415	0.8038129694526355	0.5686108165429481	0.7028127361712756	0.5270923143051963
4	1	Popularity	0.8646871686108165	0.743744318635657	0.5290562036055143	0.6764360868408739	0.4979047548222707
5	1	Average Rating	0.8715800636267232	0.7939559790406405	0.5626723223753977	0.7067994314128697	0.528026190945578
4	1	kNN (test)	0.836797454931071	0.8026235991853533	0.5625662778366914	0.6943661471554573	0.5209992860401778
5	1	iMF (test)	0.8725344644750794	0.8236835488194242	0.5802757158006363	0.720903905936236	0.542786002886818
5	1	Normalized kNN (full)	0.6747613997879108	0.6649258499748114	0.47126193001060446	0.5054448979672724	0.4105956845385563
5	1	Random	0.8725344644750794	0.64464314266192	0.46489925768822904	0.6387168806977419	0.4549379074726938
2	1	iMF (full)	0.873594909862142	0.7943682706460037	0.5656415694591729	0.6977539851857085	0.5275356888644387
2	1	Popularity	0.8730646871686107	0.7362658725367975	0.5288441145281018	0.6734611867935695	0.5005664791451373
2	1	kNN (test)	0.8436903499469778	0.7898394138435881	0.5606574761399788	0.6887286665127118	0.5218701120536521
1	10	Normalized kNN (test)	0.9924708377518557	0.6855053747169167	0.5151643690349947	0.6515517076337087	0.4804901705286503
4	1	Normalized kNN (test)	0.8509013785790032	0.8030586618045196	0.5652173913043478	0.7001058610087106	0.5245767810451779
4	1	kNN (full)	0.8337221633085896	0.8012292560822953	0.5617179215270414	0.6929906242501847	0.5198942178859095
1	10	kNN (full)	0.9135737009544008	0.7789958491038013	0.545068928950159	0.6859022571069023	0.5098690716716703
5	1	iMF (full)	0.8725344644750794	0.8047500291487041	0.5661717921527041	0.7078711123005649	0.529997091078392
5	1	Popularity	0.8715800636267232	0.749517210336368	0.5331919406150584	0.6905692036166983	0.5087662860184067
5	1	kNN (test)	0.8439024390243902	0.7977643253005128	0.562778366914104	0.7024748044620313	0.5267107359747515
2	1	Normalized kNN (test)	0.8627783669141039	0.7971075769383008	0.5690349946977731	0.7024386559589254	0.5312168152701658
2	1	kNN (full)	0.8407211028632025	0.7885859289417297	0.5595970307529162	0.6864028625191979	0.520495858249493
4	2	Average Rating	0.8981972428419936	0.7732637728501702	0.5552492046659597	0.6918260826451638	0.5161333727830862
4	2	iMF (test)	0.898727465535525	0.8158383379825846	0.5770943796394487	0.7088444032100193	0.5337504588169952
5	1	Normalized kNN (test)	0.86033934252386	0.8009914359745466	0.5674443266171793	0.7087967015606622	0.5312257141866883
5	1	kNN (full)	0.8406150583244963	0.7981204949589749	0.5622481442205727	0.6996377348281071	0.5254894803089958
4	2	Normalized kNN (full)	0.6591728525980912	0.650124661317168	0.4611876988335101	0.4776625821795026	0.3934000330217439
4	2	Random	0.898727465535525	0.6063232535700772	0.44984093319194063	0.6123861963154928	0.433623514963172
1	1	Average Rating	0.868186638388123	0.7952670337223245	0.5602332979851538	0.7087780229637402	0.5270835035751694
1	1	iMF (test)	0.8688229056203605	0.8277078982429436	0.5774125132555673	0.7216706482781475	0.5401652850137854
1	1	Normalized kNN (full)	0.6655355249204666	0.650823112603584	0.45832449628844113	0.48587395689473245	0.39784025511631654
1	1	Random	0.8688229056203605	0.6580741527008653	0.4709437963944857	0.646735138143181	0.4606085652098402
5	2	Average Rating	0.9045599151643691	0.7694512425951805	0.5527041357370096	0.6968393184125434	0.5187262650728591
2	2	Average Rating	0.9064687168610817	0.772193203779855	0.5564156945917286	0.6912929949234321	0.5203670051739518
4	2	iMF (full)	0.898727465535525	0.8032992715053464	0.5691410392364794	0.7024887259612018	0.5270236309778825
5	2	iMF (test)	0.9067868504772004	0.8168408984923383	0.5761399787910922	0.7160888940695505	0.5384181547077541
2	2	iMF (test)	0.9073170731707317	0.8056182172647807	0.5732767762460234	0.7043032002441203	0.5342098411601549
4	2	Popularity	0.8981972428419936	0.7393484138118632	0.5265111346765642	0.6733547737153787	0.49527211226722045
4	2	kNN (test)	0.8498409331919405	0.8009536326049183	0.5608695652173913	0.6922693716147702	0.5191392365807233
5	2	Normalized kNN (full)	0.6770943796394485	0.6623733580793881	0.46977730646871685	0.5042949977058202	0.40936390702713527
5	2	Random	0.9067868504772004	0.6110914514193734	0.4534464475079534	0.6218518764801576	0.4413713953654162
2	2	Normalized kNN (full)	0.671474019088017	0.6547754551805506	0.4626723223753977	0.4861861948224409	0.4000744564718285
2	2	Random	0.9073170731707317	0.6092386330453505	0.45132555673382824	0.6093360067537966	0.4374755889750532
1	1	iMF (full)	0.8688229056203605	0.8081676015397028	0.5652173913043478	0.7122082406311886	0.5300738210909719
1	1	Popularity	0.868186638388123	0.7462963262156306	0.5289501590668081	0.6891514261830346	0.5044507618938951
1	1	kNN (test)	0.83881230116649	0.8023203975309976	0.56033934252386	0.7050276220718598	0.5256081154887683
4	2	Normalized kNN (test)	0.8792152704135737	0.7865433139027306	0.5610816542948038	0.6965510951497486	0.5208999428537257
2	2	iMF (full)	0.9073170731707317	0.7908335803783167	0.5619300106044538	0.6922224244949547	0.5231965462900342
2	2	Popularity	0.9064687168610817	0.729242388917604	0.5252386002120891	0.6699011262061552	0.4970040245791031
5	2	iMF (full)	0.9067868504772004	0.8017670571853724	0.563626723223754	0.705698875492331	0.5277373750551767
2	2	kNN (test)	0.8579003181336161	0.7882727529062704	0.5582184517497348	0.6858265330109995	0.5193593795890373
5	2	Popularity	0.9045599151643691	0.7433242855209417	0.5296924708377518	0.6869141507389388	0.50538867335922
4	2	kNN (full)	0.8459172852598091	0.8002266383919495	0.5606574761399788	0.6916930083103539	0.5187641366887042
5	2	kNN (test)	0.8572640509013786	0.7955176673716845	0.5611876988335102	0.7005041934199336	0.5250319992313225
1	1	Normalized kNN (test)	0.8563096500530223	0.8033028886348438	0.5668080593849417	0.713444403231902	0.5321741936931152
1	1	kNN (full)	0.835949098621421	0.800169105415986	0.5588547189819725	0.701799485954012	0.5238058909881516
4	0	Average Rating	0.8275715800636267	0.8162578274393606	0.5693531283138918	0.705553435277715	0.5291666400461444
5	2	Normalized kNN (test)	0.8856839872746554	0.7844121265519645	0.5601272534464475	0.7020563816365035	0.5246126048880009
2	2	Normalized kNN (test)	0.887592788971368	0.7845995911404089	0.5628844114528101	0.696202857217945	0.5254524212060617
4	0	iMF (test)	0.8275715800636267	0.8262504203398067	0.5804878048780487	0.7148939291735937	0.538299556510029
5	2	kNN (full)	0.8525980911983033	0.7957890539296418	0.5606574761399788	0.6980584436126422	0.5239769016973947
2	2	kNN (full)	0.8530222693531283	0.7871764117939024	0.5573700954400849	0.6838003086648913	0.5182020205992428
4	0	Normalized kNN (full)	0.6552492046659597	0.6526027481753371	0.4624602332979852	0.4784937738077652	0.39432226177130725
4	0	Random	0.8275715800636267	0.6792790757399163	0.4810180275715801	0.646090789720744	0.46360657483173273
1	2	Average Rating	0.9021208907741252	0.7685577047397045	0.5507953340402969	0.698536203194738	0.5178919351580191
1	2	iMF (test)	0.9033934252386002	0.8193161717138709	0.5726405090137858	0.7166493369758057	0.5359028084988217
4	0	iMF (full)	0.8275715800636267	0.8081145934325288	0.5709437963944857	0.7052216837899873	0.5293572810929226
4	0	Popularity	0.8275715800636267	0.7511068058981487	0.5326617179215271	0.680529803939698	0.501556979455516
1	2	Normalized kNN (full)	0.6663838812301166	0.6488589816767688	0.45652173913043476	0.48445085539973326	0.3963696291141324
4	0	kNN (test)	0.8227995758218452	0.8061551417405847	0.5642629904559915	0.6961878417978214	0.5226675201940887
1	2	Random	0.9033934252386002	0.6152868648457382	0.44984093319194063	0.6260665916961158	0.44002590362500155
5	0	Average Rating	0.8353128313891836	0.8120430074815638	0.5676564156945917	0.7118838595389994	0.5327372848523957
2	0	Average Rating	0.836797454931071	0.8133026551801829	0.5717921527041357	0.7061480452201289	0.5344464926303985
5	0	iMF (test)	0.8354188759278897	0.8258898161872101	0.5819724284199363	0.7229232217338797	0.544692400870945
2	0	iMF (test)	0.8369034994697774	0.8192454367351811	0.5804878048780487	0.7106600704938311	0.5406689684333884
5	0	Normalized kNN (full)	0.6733828207847296	0.6664600696992371	0.47221633085896075	0.5061377002140204	0.4113547033140291
5	0	Random	0.8354188759278897	0.6784074682287793	0.4836691410392365	0.6570216933450024	0.4723819267729324
2	0	Normalized kNN (full)	0.6685047720042417	0.6569641326285043	0.46415694591728524	0.48704183481953855	0.40112233464017716
2	0	Random	0.8369034994697774	0.6671884157007656	0.47879109225874866	0.641637063995244	0.46568116312467045
4	0	Normalized kNN (test)	0.8259809119830328	0.8208186012990203	0.5715800636267232	0.7064848280737056	0.5305163940490344
4	0	kNN (full)	0.8213149522799575	0.8047241923381132	0.563626723223754	0.6950601122209359	0.5217856243980166
1	2	iMF (full)	0.9033934252386002	0.8063910745944328	0.5628844114528101	0.7087728920867289	0.5274697758442364
1	2	Popularity	0.9021208907741252	0.7400935201853128	0.524814422057264	0.6843436036368772	0.5003540660189654
5	0	iMF (full)	0.8354188759278897	0.8064340572850724	0.5680805938494168	0.7104180472493857	0.5318141843808484
5	0	Popularity	0.8353128313891836	0.7548129295292062	0.5357370095440085	0.6934264191594917	0.5113775310992091
2	0	iMF (full)	0.8369034994697774	0.8028481661504729	0.5702014846235419	0.7003262823090041	0.5306256865229122
1	2	kNN (test)	0.851643690349947	0.8007467344639907	0.559066808059385	0.7035045320857919	0.5242876216546786
2	0	Popularity	0.836797454931071	0.7426297439044607	0.531813361611877	0.6773371656861948	0.5036856037887627
5	0	kNN (test)	0.8302226935312831	0.8006322626384327	0.564475079533404	0.7045291995577619	0.5284621885124603
2	0	kNN (test)	0.8317073170731707	0.7937961849533413	0.5619300106044538	0.6898947630710578	0.5230420064879427
5	0	Normalized kNN (test)	0.8334040296924708	0.8172236405593478	0.5721102863202545	0.7137986746851261	0.5356553395175075
1	2	Normalized kNN (test)	0.8823966065747614	0.78704583235933	0.5626723223753977	0.7095204399618421	0.5284317151505572
1	2	kNN (full)	0.847507953340403	0.7993359118616943	0.5585365853658537	0.7019008142415375	0.5237389041835135
2	0	Normalized kNN (test)	0.8358430540827148	0.8155158764309423	0.5749734888653235	0.708361896676485	0.5367778869699814
2	0	kNN (full)	0.8299045599151644	0.792325294422744	0.5608695652173913	0.6875954702122206	0.5216728406793277
1	0	Average Rating	0.8291622481442206	0.8171579743163204	0.5679745493107106	0.7163974541339847	0.5343187238298305
1	0	iMF (test)	0.8291622481442206	0.831065619010467	0.579745493107105	0.7233269608816076	0.5420416220884142
1	0	Normalized kNN (full)	0.6629904559915165	0.6518342740182981	0.45874867444326617	0.48615178087351085	0.39816656537494705
1	0	Random	0.8291622481442206	0.6893684902056934	0.48303287380699894	0.6615943251209537	0.4729641612407533
1	0	iMF (full)	0.8291622481442206	0.8089848043541541	0.5665959703075291	0.712408319729566	0.530691821336737
1	0	Popularity	0.8291622481442206	0.7538816393682164	0.5320254506892895	0.6930823927067901	0.5077706872279952
1	0	kNN (test)	0.823966065747614	0.8053083959982826	0.5621420996818665	0.7071727894032288	0.5275014043973982
1	0	Normalized kNN (test)	0.828101802757158	0.8199389688915525	0.5737009544008483	0.7200778642820067	0.5384605044590197
1	0	kNN (full)	0.8223753976670202	0.8034246306100192	0.5609756097560976	0.7042962723273499	0.5260245466392515
3	5	Average Rating	0.9729586426299046	0.7294524151383347	0.5314952279957582	0.6762456389545651	0.4984460573796754
3	5	iMF (test)	0.9752916224814423	0.8103858771783148	0.5668080593849417	0.7105197895498088	0.5297529002927808
3	5	Normalized kNN (full)	0.6767762460233299	0.6588613565622286	0.4634146341463415	0.49904477535624847	0.403639269208038
3	5	Random	0.9752916224814423	0.5243455238593996	0.3963944856839873	0.5530246725450272	0.3845752605944283
3	5	iMF (full)	0.9752916224814423	0.8034317502425242	0.5581124072110286	0.6998301001794464	0.5209719833727975
3	5	Popularity	0.9729586426299046	0.725904295405546	0.5146341463414634	0.6690874618295904	0.48763907523937594
3	5	kNN (test)	0.8820784729586426	0.7987302466804284	0.5544008483563097	0.6923688473966728	0.5164385054364229
3	5	Normalized kNN (test)	0.9410392364793213	0.7561901580170828	0.5418875927889714	0.6861028825517261	0.5075222039650559
3	5	kNN (full)	0.8758218451749734	0.7961102573302973	0.5518557794273594	0.6899229711152817	0.5144988539083724
3	20	Average Rating	1.0	0.5335277089059607	0.4186638388123012	0.49510521477278596	0.37755381607301575
3	20	iMF (test)	1.0	0.7415444293193453	0.5283138918345706	0.6646059980109807	0.49230951010742163
3	20	Normalized kNN (full)	0.6997879109225874	0.6356567007097761	0.45217391304347826	0.491640223253759	0.39500443477630826
3	20	Random	1.0	0.30347010014951464	0.24899257688229057	0.29122066051915224	0.22046086370370593
3	20	iMF (full)	1.0	0.7753022215362708	0.5408271474019088	0.6730192301786998	0.5021924189726781
3	20	Popularity	1.0	0.6515059254522995	0.4682926829268293	0.5927055875129176	0.4358899737922784
3	20	kNN (test)	0.9600212089077412	0.7612859658714022	0.5309650053022269	0.6625231469644963	0.4929194709216011
3	20	Normalized kNN (test)	1.0	0.5960879622988308	0.4534464475079534	0.549889416487063	0.4134455819508731
3	20	kNN (full)	0.9538706256627784	0.7582167904198283	0.5291622481442205	0.6599538466006444	0.4912316448671693
3	10	Average Rating	1.0	0.6545708447452929	0.48928950159066803	0.6165418360894246	0.4537378384903923
3	10	iMF (test)	1.0	0.7844038819768222	0.5507953340402969	0.6915114057196508	0.5142473104146111
3	10	Normalized kNN (full)	0.6856839872746554	0.6522694000424378	0.46076352067868503	0.49755250948510293	0.40170297324962456
3	10	Random	1.0	0.419687924093973	0.32852598091198304	0.4242845370301845	0.30615430174461644
3	10	iMF (full)	1.0	0.7898141592353509	0.5500530222693532	0.6891304681535674	0.5130549928402667
3	10	Popularity	1.0	0.698862720841222	0.49872746553552494	0.6448325077313967	0.4701712670741451
3	10	kNN (test)	0.921951219512195	0.7852770856185455	0.5447507953340404	0.6816558518718457	0.5069753077370017
3	10	Normalized kNN (test)	0.9910922587486745	0.6960274800876718	0.5107104984093319	0.6445009538258015	0.47484621779560054
3	10	kNN (full)	0.9132555673382822	0.7824643255692363	0.543372216330859	0.6804196821867706	0.5061623331576329
3	1	Average Rating	0.8700954400848356	0.794970181333432	0.5581124072110286	0.7047542530684537	0.5234947365163056
3	1	iMF (test)	0.8708377518557795	0.8258140313046138	0.5750795334040296	0.7196766116795068	0.5379281728934038
3	1	Normalized kNN (full)	0.6696712619300106	0.6634292073513657	0.46691410392364796	0.5015011006616247	0.4063405668072206
3	1	Random	0.8708377518557795	0.6379843442078743	0.4613997879109226	0.6360508249874541	0.4502369087442661
3	1	iMF (full)	0.8708377518557795	0.8097446886513551	0.5622481442205727	0.7077328122083375	0.5266613567388999
3	1	Popularity	0.8700954400848356	0.7510544918541225	0.5272534464475079	0.6853025153282098	0.501098936678263
3	1	kNN (test)	0.8384941675503712	0.8055420789605611	0.5584305408271474	0.6972579801879387	0.5206073017294501
3	1	Normalized kNN (test)	0.8551431601272534	0.808923012979399	0.5624602332979851	0.707723983360122	0.5269256292244919
3	1	kNN (full)	0.8373276776246024	0.8033255255365606	0.557051961823966	0.6954969458682824	0.5196570102398327
3	2	Average Rating	0.903711558854719	0.7744749635292131	0.5510074231177094	0.6989542887976725	0.5176123618867432
3	2	iMF (test)	0.9044538706256627	0.8212224157628388	0.5724284199363733	0.7166714477938737	0.5354394368069464
3	2	Normalized kNN (full)	0.6710498409331919	0.662946422146748	0.46617179215270416	0.5011197165081739	0.4058423227461949
3	2	Random	0.9044538706256627	0.614229477741138	0.45365853658536587	0.6230462955235494	0.44099108898671124
3	2	iMF (full)	0.9044538706256627	0.8072471221693596	0.5621420996818665	0.7059456210472014	0.5258777326321353
3	2	Popularity	0.903711558854719	0.7435617282307501	0.5251325556733828	0.6827488564146077	0.4988755725597177
3	2	kNN (test)	0.8528101802757159	0.8052297583818913	0.5580063626723224	0.6967090240186219	0.5201594039070486
3	2	Normalized kNN (test)	0.8818663838812302	0.7918884147017483	0.5577942735949099	0.7030091724549717	0.5226133621499436
3	2	kNN (full)	0.8507953340402968	0.803092326025716	0.5567338282078473	0.6953042258982559	0.5192676558708034
3	0	Average Rating	0.8319194061505832	0.81835410669867	0.5663838812301166	0.7137242505672559	0.5315108591943709
3	0	iMF (test)	0.8319194061505832	0.831243576965878	0.5770943796394487	0.7216273901343878	0.5399515748449004
3	0	Normalized kNN (full)	0.6680805938494168	0.6649539330938026	0.467762460233298	0.5020054850690718	0.406963514308123
3	0	Random	0.8319194061505832	0.6747610948343932	0.47645811240721103	0.6547792985973625	0.46621433510026505
3	1000	Average Rating	1.0	0.039860490720745274	0.04549310710498409	0.03222194798160099	0.03247465669031764
3	1000	iMF (test)	1.0	0.18528117112463896	0.14422057264050903	0.16939969851263	0.12654807122249265
3	1000	Normalized kNN (full)	0.9944856839872747	0.2682083434837975	0.19416755037115588	0.24896396977218033	0.17624530626040236
3	1000	Random	1.0	0.012690792484227945	0.01134676564156946	0.00957903775197771	0.008650284347445155
3	0	iMF (full)	0.8319194061505832	0.8138025757879135	0.5639448568398727	0.7094107663305053	0.528305887302526
3	0	Popularity	0.8319194061505832	0.7582954216579859	0.5305408271474019	0.6893030570275851	0.5045425997253612
3	0	kNN (test)	0.8258748674443266	0.8093797124689283	0.5604453870625663	0.6992755610932995	0.5225628813346487
3	1000	iMF (full)	1.0	0.44166890925734625	0.3104984093319194	0.3599708861396051	0.2732769803711668
3	1000	Popularity	1.0	0.22280803497599463	0.16426299045599152	0.17701821787162592	0.13875453137946933
3	1000	kNN (test)	1.0	0.3952332785075305	0.27518557794273596	0.3141859856873231	0.23767467872160894
3	0	Normalized kNN (test)	0.8293743372216331	0.824718197330316	0.5682926829268292	0.713463617566539	0.5322867663293318
3	0	kNN (full)	0.8252386002120892	0.8070124722538438	0.5587486744432661	0.6975397754733352	0.5213325138054892
3	1000	Normalized kNN (test)	1.0	0.07298316723254819	0.07104984093319194	0.05361499691767118	0.052936592435740504
3	1000	kNN (full)	1.0	0.39372565629671663	0.27529162248144223	0.31244876496321294	0.23742407620608544
3	500	Average Rating	1.0	0.07201854614933084	0.07136797454931071	0.05641033284004658	0.05393978601905741
3	500	iMF (test)	1.0	0.2813083115193859	0.21314952279957583	0.25555591801901234	0.18999279365705765
3	500	Normalized kNN (full)	0.9487804878048781	0.3690648556738577	0.26638388123011664	0.33014845601419246	0.24076200368799644
3	500	Random	1.0	0.028602468567546446	0.025026511134676566	0.020497166367395882	0.018667186514465098
3	50	Average Rating	1.0	0.3745277739008377	0.3053022269353128	0.32145718671719703	0.25938839557166876
3	50	iMF (test)	1.0	0.647267471344095	0.4672322375397667	0.5881874996716131	0.43298930392173257
3	50	Normalized kNN (full)	0.73966065747614	0.6021722247227411	0.42831389183457047	0.47558022569252684	0.377011887710809
3	50	Random	1.0	0.18002240594537136	0.15249204665959704	0.15256542235268358	0.12534623940888354
3	1682	Average Rating	1.0	0.01701051026981118	0.021314952279957583	0.013041783501137895	0.014355184213034647
3	1682	iMF (test)	1.0	0.131342711216064	0.1056203605514316	0.11617477358275113	0.08937347409649488
3	1682	Normalized kNN (full)	0.9997879109225875	0.19761906632411003	0.14390243902439026	0.18993776831362802	0.13173918329840192
3	1682	Random	1.0	0.009767636424109386	0.008589607635206787	0.008563905183777027	0.006645856002528576
3	500	iMF (full)	1.0	0.5312189398794246	0.37168610816542946	0.44579799145881277	0.33318910501643967
3	500	Popularity	1.0	0.29950205552491416	0.21919406150583243	0.23356312340525306	0.1848946482794037
3	500	kNN (test)	1.0	0.48443533670447536	0.33934252386002123	0.4004795958652463	0.3004019140699406
3	50	iMF (full)	1.0	0.7311146228156424	0.5127253446447508	0.6353275731643535	0.4732777845525333
3	50	Popularity	1.0	0.5628157889465392	0.4113467656415694	0.4931303977624907	0.3725922149058208
3	50	kNN (test)	0.9956521739130435	0.7135719941263945	0.500424178154825	0.6199553468997271	0.4608463035404041
3	1682	iMF (full)	1.0	0.3728651084862452	0.26458112407211026	0.3014943239983612	0.2299920048585791
3	1682	Popularity	1.0	0.17881642762932237	0.13244962884411454	0.1455672358958094	0.11205525713275273
3	500	Normalized kNN (test)	1.0	0.12742853312646404	0.11505832449628844	0.10148964562286746	0.09061668698639287
3	1682	kNN (test)	1.0	0.3351133003688357	0.23213149522799575	0.26060763127444536	0.19752828142883527
3	500	kNN (full)	1.0	0.48772479137032004	0.3408271474019088	0.40350984294884135	0.3020523481322614
3	50	Normalized kNN (test)	1.0	0.43874421644973305	0.3425238600212089	0.36591719434281306	0.29501168339880396
3	50	kNN (full)	0.9923647932131495	0.7122948324175162	0.49883351007423116	0.6179438618070346	0.4595373299436241
3	1682	Normalized kNN (test)	1.0	0.0424768305211536	0.04432661717921527	0.03227630471627933	0.032375724094369264
3	1682	kNN (full)	1.0	0.3335049879040717	0.2325556733828208	0.2596415278599834	0.19814090456138791
5	0	kNN (full)	0.828525980911983	0.8008354972487326	0.563626723223754	0.7013491684196886	0.5269143460445721
3	200	Average Rating	1.0	0.1708712208401255	0.1545068928950159	0.1427030402273533	0.12357244335499226
3	200	iMF (test)	1.0	0.439999148050842	0.3282078472958643	0.39037659500612226	0.2953837163329211
3	100	Average Rating	1.0	0.26118214967571146	0.21983032873807	0.2100285328191783	0.17959113523551326
3	200	Normalized kNN (full)	0.8535524920466596	0.49129155179272227	0.3514316012725344	0.409202636610255	0.3135534323359207
3	200	Random	1.0	0.06046814918988487	0.05418875927889714	0.04429835349934285	0.04080382299366864
3	100	iMF (test)	1.0	0.5442455946048018	0.3987274655355249	0.4871259410492459	0.3639704789204162
3	100	Normalized kNN (full)	0.7956521739130434	0.5574835574894935	0.3985153764581124	0.45038099726650166	0.35218366178580907
3	100	Random	1.0	0.1043021241063102	0.09236479321314953	0.08943685016674667	0.07464112915424644
3	100	kNN (full)	0.999575821845175	0.6604095351825158	0.4660657476139979	0.5656516361882016	0.4238734195832239
3	100	Popularity	1.0	0.48663948982118527	0.3579003181336161	0.4060251093027295	0.31455731432331097
3	100	kNN (test)	0.9998939554612937	0.6608710208253954	0.46617179215270416	0.5660166424950185	0.42393975088274677
3	200	iMF (full)	1.0	0.6303606499543911	0.44156945917285256	0.5356207357171058	0.40155976912587676
3	200	Popularity	1.0	0.41245985393978934	0.30296924708377515	0.3356106919871436	0.26169416264744716
3	200	kNN (test)	1.0	0.5969291593467734	0.41919406150583244	0.5021292695747176	0.377386929850227
3	100	iMF (full)	1.0	0.6857901553313541	0.4840933191940615	0.5897882281906559	0.44214091702263364
3	100	Normalized kNN (test)	1.0	0.323992870201167	0.2607635206786851	0.25557714622827254	0.21616657340366804
3	200	Normalized kNN (test)	1.0	0.23337746826709638	0.19575821845174973	0.1815016338837819	0.1582581141176817
3	200	kNN (full)	1.0	0.595100049170373	0.4176033934252386	0.4995795520663698	0.3758585157628862
