fold	target size	recommender system	Coverage@10	nDCG@10	P@10	Recall@10	FScore@10
1	0	Random	0.8102564102564103	0.6977657926155236	0.4706959706959707	0.691705343010992	0.47589162801403284
1	0	iMF (full)	0.8102564102564103	0.7566318494067119	0.49670329670329666	0.7118976436863258	0.49760906030891344
1	0	Popularity	0.8102564102564103	0.740029478235923	0.5036630036630036	0.7149662863904183	0.501660122397133
1	0	Normalized kNN (test)	0.8102564102564103	0.8010602936178939	0.5311355311355311	0.7334509744179838	0.5220583548473466
1	0	Average Rating	0.8102564102564103	0.7896679533231119	0.5175824175824176	0.7250216638947238	0.5122556914493719
1	0	Normalized kNN (full)	0.8102564102564103	0.7762949255311371	0.5267399267399268	0.7239698702658053	0.5156706638015957
1	0	kNN (full/test)	0.8102564102564103	0.7760859151193291	0.5230769230769231	0.7261963055175893	0.515726985338482
1	0	iMF (test)	0.8102564102564103	0.784921353166907	0.5285714285714286	0.7286266000317771	0.5192188638218275
2	0	Random	0.8021978021978022	0.7075960498499017	0.47362637362637366	0.7047457927705231	0.4765984824298484
2	0	iMF (full)	0.8021978021978022	0.7841076257904384	0.5142857142857143	0.733068122314868	0.5088810359910942
2	0	Popularity	0.8021978021978022	0.7549053040160593	0.5051282051282051	0.7272691635550362	0.5009420778378416
2	0	Normalized kNN (test)	0.8021978021978022	0.8092528968194712	0.5344322344322344	0.7431511227195573	0.5213543584534073
2	0	Average Rating	0.8021978021978022	0.8013242503423738	0.5249084249084249	0.7343555448464217	0.5129596669509071
2	0	Normalized kNN (full)	0.8021978021978022	0.7750058477249724	0.5183150183150184	0.7281812743568875	0.5064787533622621
2	0	kNN (full/test)	0.8021978021978022	0.7917204509951842	0.5256410256410257	0.738964117311534	0.5154323274117298
2	0	iMF (test)	0.8021978021978022	0.7738085663230658	0.5230769230769231	0.7357708895619541	0.512731005025021
3	0	Random	0.7875457875457875	0.6756821279397974	0.45750915750915755	0.6755030790238934	0.46639327284278914
3	0	iMF (full)	0.7875457875457875	0.7684549132000763	0.5047619047619049	0.7056212849525363	0.5003429000246458
3	0	Popularity	0.7875457875457875	0.7392877014796437	0.5003663003663004	0.7041031065788818	0.49776847047034734
3	0	Normalized kNN (test)	0.7875457875457875	0.7730385415276191	0.5153846153846153	0.7095127293246327	0.5065837015981014
3	0	Average Rating	0.7875457875457875	0.7696382018489085	0.5120879120879122	0.7090020216039896	0.5050961073570445
3	0	Normalized kNN (full)	0.7875457875457875	0.7666674619272035	0.517948717948718	0.7116735330367163	0.5083390217428279
3	0	kNN (full/test)	0.7875457875457875	0.7788210788631493	0.5208791208791208	0.7147176854984949	0.5110269740596067
3	0	iMF (test)	0.7875457875457875	0.7682335638122625	0.5124542124542125	0.7077337920525199	0.5051281866102858
4	0	Random	0.8091575091575092	0.6830921490876029	0.46043956043956047	0.6807168171525463	0.4740457292042892
4	0	iMF (full)	0.8091575091575092	0.7498807032581292	0.5076923076923077	0.7081349948520076	0.506065984285015
4	0	Popularity	0.8091575091575092	0.7220152959646786	0.49487179487179483	0.6958396357927017	0.49453549150423626
4	0	Normalized kNN (test)	0.8091575091575092	0.7825183369366343	0.5245421245421245	0.7137158017389609	0.5167547582475347
4	0	Average Rating	0.8091575091575092	0.7754314286666971	0.5172161172161172	0.7116515747784516	0.5129721564973483
4	0	Normalized kNN (full)	0.8091575091575092	0.7679986267830936	0.5183150183150184	0.7109600918553612	0.5117913067037947
4	0	kNN (full/test)	0.8091575091575092	0.7731882925973598	0.5172161172161172	0.706479461091022	0.509636319174713
4	0	iMF (test)	0.8091575091575092	0.7728896801444528	0.5227106227106226	0.7153703909838721	0.5160821762998589
5	0	Random	0.7904761904761906	0.649625013420123	0.4446886446886447	0.6527834045878901	0.4455533992338271
5	0	iMF (full)	0.7904761904761906	0.7285727130952179	0.493040293040293	0.6840820652458762	0.4801749765230542
5	0	Popularity	0.7904761904761906	0.715519744865016	0.4897435897435897	0.6786859893090899	0.47640099315238343
5	0	Normalized kNN (test)	0.7904761904761906	0.7737806840532186	0.5252747252747253	0.7060404422375681	0.5046334420330666
5	0	Average Rating	0.7904761904761906	0.7693094230423716	0.5208791208791208	0.7022728912679038	0.5006217432307617
5	0	Normalized kNN (full)	0.7904761904761906	0.7562992557279924	0.5142857142857143	0.6919690254865125	0.4929502639407183
5	0	kNN (full/test)	0.7904761904761906	0.7544736457482139	0.5131868131868131	0.6982671818560421	0.4957465313637002
5	0	iMF (test)	0.7904761904761906	0.7459472733655583	0.510989010989011	0.6926052169945189	0.49190762700368623
1	1	Random	0.8534798534798534	0.6651771462979877	0.4556776556776557	0.6729261254937994	0.4606747476640586
1	1	iMF (full)	0.8534798534798534	0.7515047245826338	0.49963369963369964	0.71032497155224	0.4982223119237294
1	1	Popularity	0.8534798534798534	0.7342907098667499	0.5007326007326007	0.710733482157614	0.49827676111903474
1	1	Normalized kNN (test)	0.8534798534798534	0.7812281744869597	0.5241758241758242	0.7267808090941295	0.5156182613832271
1	1	Average Rating	0.8534798534798534	0.7621964321929686	0.5091575091575091	0.7159530473560037	0.5042411533274285
1	1	Normalized kNN (full)	0.8534798534798534	0.7564654901174911	0.5164835164835165	0.7089020357086365	0.5046051286417467
1	1	kNN (full/test)	0.8534798534798534	0.7723305884247184	0.5197802197802198	0.72183677615806	0.5120875448569363
1	1	iMF (test)	0.8534798534798534	0.7776389413755747	0.5245421245421245	0.7227505483055526	0.5143310981338672
2	1	Random	0.8454212454212454	0.6562012353194585	0.44761904761904764	0.674748332718392	0.4502965565323628
2	1	iMF (full)	0.8454212454212454	0.7751711347322313	0.5128205128205128	0.7304073008691145	0.5057828574960029
2	1	Popularity	0.8454212454212454	0.7471488668277845	0.5036630036630036	0.725655697655856	0.4994608125994606
2	1	Normalized kNN (test)	0.8454212454212454	0.7906906593851247	0.528937728937729	0.7357467139415222	0.5154199003434904
2	1	Average Rating	0.8454212454212454	0.7739992622557168	0.5183150183150184	0.72663220482195	0.5065982743091964
2	1	Normalized kNN (full)	0.8454212454212454	0.7573941058855287	0.5117216117216117	0.7181296857338704	0.49889650941932007
2	1	kNN (full/test)	0.8454212454212454	0.7877177513738399	0.5241758241758242	0.7373724550055859	0.5139719141866108
2	1	iMF (test)	0.8454212454212454	0.7755981174382321	0.5238095238095238	0.7353664626830845	0.5134107990813963
3	1	Random	0.8336996336996336	0.6536965343876167	0.4523809523809524	0.6610716364487936	0.45603211820102324
3	1	iMF (full)	0.8336996336996336	0.7743184914592848	0.504029304029304	0.7038967289958429	0.4987895614293524
3	1	Popularity	0.8336996336996336	0.7277061305363625	0.49633699633699635	0.6995049813925212	0.49362986796081754
3	1	Normalized kNN (test)	0.8336996336996336	0.750362193204991	0.5102564102564103	0.7038767531004212	0.5015276173168047
3	1	Average Rating	0.8336996336996336	0.7406968817204156	0.5062271062271062	0.703597254951647	0.4996171149170433
3	1	Normalized kNN (full)	0.8336996336996336	0.7559401700001569	0.5124542124542125	0.7044147204207609	0.5025863578776882
3	1	kNN (full/test)	0.8336996336996336	0.7729235843690364	0.517948717948718	0.7109732817540911	0.5079010273246375
3	1	iMF (test)	0.8336996336996336	0.7620391350260355	0.5117216117216117	0.7099192580660275	0.5051894243766345
4	1	Random	0.8534798534798534	0.6404069981638807	0.44652014652014654	0.6630520184437122	0.45960041852136163
4	1	iMF (full)	0.8534798534798534	0.7410352851460071	0.5007326007326007	0.6992267578406534	0.49909357520311237
4	1	Popularity	0.8534798534798534	0.7172783332174454	0.49230769230769234	0.6924956913773288	0.4917481493622859
4	1	Normalized kNN (test)	0.8534798534798534	0.7633608861042586	0.5186813186813186	0.7074889092725726	0.5111346553241056
4	1	Average Rating	0.8534798534798534	0.7514978302401557	0.510989010989011	0.7050234013983601	0.5069080907996397
4	1	Normalized kNN (full)	0.8534798534798534	0.7574728475264988	0.513919413919414	0.7023085175444462	0.5063511937167059
4	1	kNN (full/test)	0.8534798534798534	0.7698395131924205	0.5157509157509158	0.7047642450900916	0.5080836063216905
4	1	iMF (test)	0.8534798534798534	0.7489907335629191	0.5106227106227107	0.7084599228880891	0.5080676539698792
5	1	Random	0.8322344322344322	0.6431602666664213	0.4402930402930403	0.6433523710267347	0.43864701996225225
5	1	iMF (full)	0.8322344322344322	0.7267555694754848	0.49157509157509155	0.6799139134757876	0.47726493263681435
5	1	Popularity	0.8322344322344322	0.7082745021261125	0.4864468864468865	0.6748747212121075	0.47296193911410833
5	1	Normalized kNN (test)	0.8322344322344322	0.7522977001256498	0.5175824175824176	0.6971323491751237	0.4970534562260528
5	1	Average Rating	0.8322344322344322	0.7410103281636641	0.5095238095238095	0.689835733851058	0.49001763696989686
5	1	Normalized kNN (full)	0.8322344322344322	0.7374513932649656	0.5069597069597069	0.6832390634500105	0.48559204571722925
5	1	kNN (full/test)	0.8322344322344322	0.747935482827262	0.5087912087912088	0.692678061981208	0.49095976488748716
5	1	iMF (test)	0.8322344322344322	0.7433982326929811	0.5047619047619049	0.6853691629449066	0.48602553949503774
1	2	Random	0.8908424908424908	0.6259163234499774	0.432967032967033	0.6561835383640509	0.44195593829336427
1	2	iMF (full)	0.8908424908424908	0.7455050135478342	0.49230769230769234	0.7034818840354219	0.49154124959640716
1	2	Popularity	0.8908424908424908	0.725064497727956	0.4978021978021978	0.7082839475652223	0.49568250630612576
1	2	Normalized kNN (test)	0.8908424908424908	0.764316152571776	0.5164835164835165	0.7207160544649838	0.5095676636958507
1	2	Average Rating	0.8908424908424908	0.736915582741689	0.49963369963369964	0.7083604860319493	0.49633181669155035
1	2	Normalized kNN (full)	0.8908424908424908	0.7406561865136333	0.5098901098901099	0.6981440070773047	0.4969943709285051
1	2	kNN (full/test)	0.8908424908424908	0.765737982301601	0.517948717948718	0.7203226887417169	0.5105316017968584
1	2	iMF (test)	0.8908424908424908	0.7595800443301128	0.5124542124542125	0.7179427851770875	0.5071944122368505
2	2	Random	0.8857142857142858	0.6310532234558632	0.4428571428571429	0.6701694891137557	0.4470124153928466
2	2	iMF (full)	0.8857142857142858	0.7649626283793661	0.5021978021978022	0.7191271232941555	0.49652520977785686
2	2	Popularity	0.8857142857142858	0.7387210887991202	0.4974358974358975	0.7187855245262844	0.49354026984280835
2	2	Normalized kNN (test)	0.8857142857142858	0.7724307225471685	0.5234432234432235	0.7315746848405984	0.5107317984785502
2	2	Average Rating	0.8857142857142858	0.7437043425095141	0.5054945054945055	0.7132320028405268	0.4945997667770978
2	2	Normalized kNN (full)	0.8857142857142858	0.7369887421954668	0.5018315018315018	0.704373582504083	0.48831066542659124
2	2	kNN (full/test)	0.8857142857142858	0.7828208798715551	0.5212454212454213	0.7349408327431366	0.5114891913246671
2	2	iMF (test)	0.8857142857142858	0.7682160693592053	0.5168498168498168	0.7275561789647954	0.5060583549403189
3	2	Random	0.8776556776556776	0.609674815537302	0.4380952380952381	0.652188432137561	0.44447042271707243
3	2	iMF (full)	0.8776556776556776	0.7505915269574235	0.49413919413919416	0.6907535991225878	0.4880976114089154
3	2	Popularity	0.8776556776556776	0.7216279298963157	0.49157509157509155	0.693950077881897	0.4887322295408698
3	2	Normalized kNN (test)	0.8776556776556776	0.736067329038004	0.5025641025641026	0.6973044854884327	0.4949819969596373
3	2	Average Rating	0.8776556776556776	0.7259472822496511	0.49413919413919416	0.6927745676082286	0.4891935950136068
3	2	Normalized kNN (full)	0.8776556776556776	0.7483271996920522	0.5076923076923077	0.6995574571417469	0.49797117314456646
3	2	kNN (full/test)	0.8776556776556776	0.7679565437175786	0.5146520146520146	0.7082941538002379	0.5050207715524258
3	2	iMF (test)	0.8776556776556776	0.7500436585911022	0.5065934065934067	0.704665423593095	0.5004329498060462
4	2	Random	0.891941391941392	0.5956997505695242	0.42967032967032964	0.6424535909967539	0.4427018177291508
4	2	iMF (full)	0.891941391941392	0.7289531655105946	0.4978021978021978	0.6955009039406765	0.49582176238817416
4	2	Popularity	0.891941391941392	0.7071099024764792	0.4886446886446887	0.6865091696888366	0.48770032872973423
4	2	Normalized kNN (test)	0.891941391941392	0.7528296074312555	0.5168498168498168	0.704179694624774	0.5085448695193234
4	2	Average Rating	0.891941391941392	0.7366466527094406	0.504029304029304	0.698708524555978	0.5007904416097761
4	2	Normalized kNN (full)	0.891941391941392	0.744794491125101	0.5073260073260073	0.6908040237091254	0.4982072966058426
4	2	kNN (full/test)	0.891941391941392	0.7627584523902495	0.5128205128205128	0.7013049351402908	0.5050828490878608
4	2	iMF (test)	0.891941391941392	0.7550633786992331	0.5153846153846153	0.704243095085915	0.5087838862886134
5	2	Random	0.8728937728937729	0.6105725497252614	0.4205128205128205	0.6210339572196035	0.41882491013397655
5	2	iMF (full)	0.8728937728937729	0.7193358910912495	0.47912087912087914	0.6680981872655629	0.46647353229054683
5	2	Popularity	0.8728937728937729	0.6995230190829496	0.4835164835164835	0.6702838047735571	0.46965425693782487
5	2	Normalized kNN (test)	0.8728937728937729	0.7288118179009985	0.5098901098901099	0.6887456223744793	0.48921162292686937
5	2	Average Rating	0.8728937728937729	0.7180149886470262	0.504029304029304	0.6842256581353354	0.48430706519169686
5	2	Normalized kNN (full)	0.8728937728937729	0.7337266599011556	0.5047619047619049	0.6793399660856323	0.4828439808449127
5	2	kNN (full/test)	0.8728937728937729	0.7428020915301122	0.508058608058608	0.6923348275214322	0.49038615579762823
5	2	iMF (test)	0.8728937728937729	0.7353124852494296	0.508058608058608	0.6906343966124623	0.48998969981278173
1	5	Random	0.9732600732600732	0.5336054282427813	0.38754578754578756	0.5880359749724154	0.39328386550578165
1	5	iMF (full)	0.9732600732600732	0.7209192623918567	0.48241758241758237	0.6790787353688058	0.47682403498152015
1	5	Popularity	0.9732600732600732	0.6967417098898745	0.48131868131868133	0.682601003586578	0.4768767136062702
1	5	Normalized kNN (test)	0.9732600732600732	0.7166985352851932	0.5010989010989011	0.6998762992098818	0.49273849611815007
1	5	Average Rating	0.9732600732600732	0.6745869239029479	0.4776556776556777	0.680989427120371	0.47339960123539687
1	5	Normalized kNN (full)	0.9732600732600732	0.7108506227772259	0.4908424908424908	0.6720884589640105	0.47636964909255775
1	5	kNN (full/test)	0.9732600732600732	0.7553174389447213	0.5124542124542125	0.7137270255736272	0.5049606268649792
1	5	iMF (test)	0.9732600732600732	0.7546361630005075	0.5058608058608058	0.7043994117014976	0.4973113757417107
2	5	Random	0.9714285714285714	0.5392227482836924	0.3805860805860806	0.5789163640352573	0.3804922691392472
2	5	iMF (full)	0.9714285714285714	0.7494284428646684	0.495970695970696	0.7100087508886784	0.4891782947676926
2	5	Popularity	0.9714285714285714	0.7142584694384687	0.4886446886446887	0.7059989332004825	0.48349163482971236
2	5	Normalized kNN (test)	0.9714285714285714	0.7246620266804675	0.5043956043956044	0.7099248705596628	0.4919745218082784
2	5	Average Rating	0.9714285714285714	0.6933772394616682	0.4802197802197802	0.6854475035072329	0.47000276898470855
2	5	Normalized kNN (full)	0.9714285714285714	0.7126612669723706	0.4838827838827839	0.6773365049337151	0.46757344637149517
2	5	kNN (full/test)	0.9714285714285714	0.7679031936530739	0.5146520146520146	0.7268682003416674	0.5046548609753753
2	5	iMF (test)	0.9714285714285714	0.7371253980954013	0.4937728937728938	0.707566131618803	0.4858510880139222
3	5	Random	0.9710622710622712	0.5323755469224942	0.38388278388278385	0.5824926585055231	0.3891666109957753
3	5	iMF (full)	0.9710622710622712	0.7313646659520612	0.482051282051282	0.678353694582876	0.47609790495583637
3	5	Popularity	0.9710622710622712	0.6999034988979654	0.480952380952381	0.6803711557864913	0.4774076910673381
3	5	Normalized kNN (test)	0.9710622710622712	0.6800944503149194	0.482051282051282	0.6719746335770994	0.4734483039702004
3	5	Average Rating	0.9710622710622712	0.6638769924539392	0.47106227106227105	0.6630438255438317	0.4648933689189261
3	5	Normalized kNN (full)	0.9710622710622712	0.7153217364401534	0.489010989010989	0.6691783283323972	0.47553977982657003
3	5	kNN (full/test)	0.9710622710622712	0.7563935593177911	0.5084249084249085	0.6988220325149298	0.4979815501058624
3	5	iMF (test)	0.9710622710622712	0.7337856138668764	0.49633699633699635	0.6910409242098017	0.48912470243942474
4	5	Random	0.9758241758241757	0.5409028074093367	0.39157509157509157	0.5836884381065559	0.3980733842358687
4	5	iMF (full)	0.9758241758241757	0.7152124184867501	0.48461538461538467	0.6744278849538111	0.4807917978244447
4	5	Popularity	0.9758241758241757	0.6902196050696248	0.4776556776556777	0.6729399074157055	0.4758812846279642
4	5	Normalized kNN (test)	0.9758241758241757	0.6896566815381404	0.4912087912087912	0.6746239610331679	0.4833929826719139
4	5	Average Rating	0.9758241758241757	0.6619616202873171	0.4728937728937729	0.6592542385495146	0.46860500271197447
4	5	Normalized kNN (full)	0.9758241758241757	0.7166912375408088	0.48717948717948717	0.6586906072679495	0.4746044619130987
4	5	kNN (full/test)	0.9758241758241757	0.7511266801507291	0.5014652014652015	0.6880537090836064	0.4934708090601407
4	5	iMF (test)	0.9758241758241757	0.7240068713257933	0.49194139194139197	0.6835895315057472	0.4885404651407215
5	5	Random	0.9659340659340659	0.5074860905856414	0.37362637362637363	0.5600144064968023	0.3723072744112636
5	5	iMF (full)	0.9659340659340659	0.7021890323695923	0.46996336996337	0.6495769264836435	0.45480805634015226
5	5	Popularity	0.9659340659340659	0.6769900749740354	0.47435897435897434	0.6578485593791394	0.4597968566876831
5	5	Normalized kNN (test)	0.9659340659340659	0.6856853831660275	0.4952380952380952	0.6713290898284779	0.47493833963266374
5	5	Average Rating	0.9659340659340659	0.6652824019448645	0.4816849816849817	0.6591486193790101	0.4625040297280113
5	5	Normalized kNN (full)	0.9659340659340659	0.698940254459472	0.4838827838827839	0.6428445711752296	0.45873225657245864
5	5	kNN (full/test)	0.9659340659340659	0.7325190227340712	0.5010989010989011	0.6827263478820285	0.48271840191920645
5	5	iMF (test)	0.9659340659340659	0.7206203260350931	0.48681318681318686	0.6707719752248495	0.47151817923504513
1	10	Random	1.0	0.4167141144693692	0.31794871794871793	0.4409516796982637	0.30653867010269653
1	10	iMF (full)	1.0	0.7093308712588408	0.4619047619047619	0.6483906121342674	0.4537162500622653
1	10	Popularity	1.0	0.6733129210084897	0.46776556776556777	0.6589553459847926	0.4607171918653459
1	10	Normalized kNN (test)	1.0	0.6431923490031818	0.4728937728937729	0.6582504810946208	0.4640453236506203
1	10	Average Rating	1.0	0.5925310824465544	0.43846153846153846	0.6115492447166189	0.43064795347672047
1	10	Normalized kNN (full)	1.0	0.664247471959822	0.4619047619047619	0.609704425640344	0.44083656579691743
1	10	kNN (full/test)	1.0	0.7338933753110815	0.49853479853479854	0.6892866478400183	0.4888655804139103
1	10	iMF (test)	1.0	0.6955254115793196	0.47399267399267403	0.667647508234534	0.46571632206738406
2	10	Random	1.0	0.42260549426729266	0.31794871794871793	0.45941329562526867	0.30996500106664027
2	10	iMF (full)	1.0	0.7266337268773833	0.47326007326007324	0.6766677397605712	0.4652698844529945
2	10	Popularity	1.0	0.6785471835731784	0.46886446886446886	0.6762889315414069	0.46177428510739604
2	10	Normalized kNN (test)	1.0	0.65335115392451	0.4721611721611722	0.6583741882818993	0.45691737442132935
2	10	Average Rating	1.0	0.6107210194014709	0.4402930402930403	0.6188002421567006	0.42492302241808066
2	10	Normalized kNN (full)	1.0	0.6712872525138068	0.45750915750915755	0.6141335525742282	0.4331891344138187
2	10	kNN (full/test)	1.0	0.7486149965417893	0.5014652014652015	0.7059415875413212	0.4896361390346573
2	10	iMF (test)	1.0	0.7044773434015539	0.47802197802197804	0.6886498991918257	0.4715174754256675
3	10	Random	1.0	0.39811700585592447	0.3076923076923077	0.432452418122999	0.3016728679711183
3	10	iMF (full)	1.0	0.7057244918439183	0.46959706959706954	0.6451728808101591	0.4598795357379949
3	10	Popularity	1.0	0.6649768725210835	0.4641025641025641	0.6492533839855296	0.4580288180201942
3	10	Normalized kNN (test)	1.0	0.6143066960532763	0.45054945054945056	0.6219057297688714	0.43975263189654107
3	10	Average Rating	1.0	0.5782575969007012	0.42930402930402933	0.5933020243107904	0.4189809883384119
3	10	Normalized kNN (full)	1.0	0.6663492272515139	0.4556776556776557	0.5966145434894699	0.43469754677898786
3	10	kNN (full/test)	1.0	0.7364332255119213	0.49487179487179483	0.6804035753386618	0.4837374269101401
3	10	iMF (test)	1.0	0.6978874834991146	0.47399267399267403	0.6645543896657318	0.4672058197945725
4	10	Random	1.0	0.40263138860208936	0.3128205128205128	0.41875284097562265	0.3043972582236336
4	10	iMF (full)	1.0	0.6929114314252257	0.46886446886446886	0.6496496237353547	0.4624130923076417
4	10	Popularity	1.0	0.6574605792391733	0.45897435897435895	0.6426134254522529	0.4555669555359066
4	10	Normalized kNN (test)	1.0	0.628359242726998	0.46043956043956047	0.6353037906283199	0.45192489114501333
4	10	Average Rating	1.0	0.5899934690721969	0.43626373626373627	0.604548024679422	0.42914284728106644
4	10	Normalized kNN (full)	1.0	0.6676067829002461	0.4512820512820513	0.5884393789924021	0.4310913932343756
4	10	kNN (full/test)	1.0	0.7328344436388123	0.4897435897435897	0.6687342514118212	0.47995610386141163
4	10	iMF (test)	1.0	0.695868277512954	0.47399267399267403	0.6599374543898168	0.4692274057663916
5	10	Random	1.0	0.41516041665843273	0.30732600732600734	0.4341535516183929	0.2972048221309407
5	10	iMF (full)	1.0	0.6833644536420297	0.4608058608058608	0.6290348206878899	0.4425757264664287
5	10	Popularity	1.0	0.652066280269337	0.4501831501831502	0.6236126374845419	0.4347371575880047
5	10	Normalized kNN (test)	1.0	0.6190501536664272	0.4582417582417582	0.6213052659897066	0.43751287961334107
5	10	Average Rating	1.0	0.5835820367560899	0.44102564102564107	0.5959347032626192	0.4190727219589919
5	10	Normalized kNN (full)	1.0	0.6554316874098977	0.452014652014652	0.5755032397611695	0.42015193580730803
5	10	kNN (full/test)	1.0	0.7097426749268873	0.48461538461538467	0.6572366264640024	0.46505871029683776
5	10	iMF (test)	1.0	0.6882489699139124	0.47582417582417585	0.6496385127266675	0.45810950870487793
1	20	Random	1.0	0.2915427065897867	0.23699633699633701	0.2884520382091466	0.21593932819110986
1	20	iMF (full)	1.0	0.6700695048052906	0.44358974358974357	0.6254336329896131	0.4365029394273534
1	20	Popularity	1.0	0.6164439092082502	0.4351648351648352	0.5951776947115913	0.422983850305307
1	20	Normalized kNN (test)	1.0	0.5299711654627214	0.4043956043956044	0.5433414040922075	0.3885101097117057
1	20	Average Rating	1.0	0.47625040731729396	0.36520146520146524	0.4852118555959512	0.3498683790130716
1	20	Normalized kNN (full)	1.0	0.6042500520873333	0.4245421245421246	0.5162594256869586	0.39355533930929637
1	20	kNN (full/test)	1.0	0.6986345867812456	0.47655677655677653	0.6544763117453474	0.46490624434365474
1	20	iMF (test)	1.0	0.6435273612943854	0.45384615384615384	0.624558719617835	0.44231956879158063
2	20	Random	1.0	0.32202173711862675	0.25457875457875456	0.32857241474238474	0.23544252405626026
2	20	iMF (full)	1.0	0.6876902646560268	0.4512820512820513	0.6319410277388766	0.4397932322800181
2	20	Popularity	1.0	0.622883292346873	0.4344322344322344	0.6118887289609958	0.423685436905099
2	20	Normalized kNN (test)	1.0	0.5522514258694933	0.4146520146520147	0.5585026362417387	0.3937007172390629
2	20	Average Rating	1.0	0.48486661836409617	0.3703296703296703	0.4930582479747576	0.3491022318344995
2	20	Normalized kNN (full)	1.0	0.6175139512091761	0.4216117216117216	0.5262605599463337	0.3900575664619402
2	20	kNN (full/test)	1.0	0.7204473578714735	0.4842490842490842	0.6823974971783333	0.47134448355344455
2	20	iMF (test)	1.0	0.654588316108581	0.4582417582417582	0.6499862270799346	0.44714020509450286
3	20	Random	1.0	0.302550468935229	0.22893772893772893	0.3014067801521404	0.21565452694750392
3	20	iMF (full)	1.0	0.6767714333273461	0.44505494505494503	0.6119941177370714	0.4333844456422912
3	20	Popularity	1.0	0.605111146411461	0.4230769230769231	0.5794239768106718	0.4124911305886036
3	20	Normalized kNN (test)	1.0	0.5087321829798573	0.389010989010989	0.5056962268688423	0.3671775013506305
3	20	Average Rating	1.0	0.4505465320791087	0.3538461538461538	0.4624490161142143	0.3352070674769628
3	20	Normalized kNN (full)	1.0	0.6274403974182381	0.42857142857142855	0.5366678134167178	0.4011657522321151
3	20	kNN (full/test)	1.0	0.700361739216378	0.4728937728937729	0.6410552374339783	0.45840221113301166
3	20	iMF (test)	1.0	0.6467596945383317	0.43956043956043955	0.6071009713784318	0.4283877093241178
4	20	Random	1.0	0.2906235101861476	0.22893772893772893	0.2811982321323479	0.21089437742302666
4	20	iMF (full)	1.0	0.6588752906620049	0.43846153846153846	0.6070948190305525	0.4312922545704464
4	20	Popularity	1.0	0.5999600439260897	0.421978021978022	0.5775128720764628	0.41203801196761985
4	20	Normalized kNN (test)	1.0	0.5268557636442345	0.3985347985347985	0.5264998962460701	0.3815405690350241
4	20	Average Rating	1.0	0.47024548008341044	0.36336996336996336	0.47232542809362643	0.34579348897223555
4	20	Normalized kNN (full)	1.0	0.6236957305130206	0.42014652014652015	0.5320902002241497	0.39531724211349245
4	20	kNN (full/test)	1.0	0.7003779196683046	0.46886446886446886	0.6409892854985143	0.4575185700046382
4	20	iMF (test)	1.0	0.6238715442221211	0.4347985347985348	0.6000804361075315	0.4271245038667421
5	20	Random	1.0	0.3001197315807857	0.2315018315018315	0.29428304219010143	0.21272984093262046
5	20	iMF (full)	1.0	0.6460938716010797	0.43736263736263736	0.6022343899680996	0.42142969703593713
5	20	Popularity	1.0	0.5978360738328289	0.42967032967032964	0.5733379096081066	0.4077404371088744
5	20	Normalized kNN (test)	1.0	0.5086226502318383	0.39633699633699637	0.5027487997524274	0.36490929160434243
5	20	Average Rating	1.0	0.4693916217730584	0.36813186813186816	0.47321134563663864	0.3403801192263768
5	20	Normalized kNN (full)	1.0	0.6106364432538205	0.4238095238095238	0.5167614781588521	0.3854565373610965
5	20	kNN (full/test)	1.0	0.6773437823089448	0.46776556776556777	0.6218893039025647	0.4448489525830793
5	20	iMF (test)	1.0	0.6288521430880419	0.44065934065934065	0.6043823866771659	0.4217728361963572
1	50	Random	1.0	0.15844990706889625	0.13223443223443224	0.14178249364382411	0.11427099403748078
1	50	iMF (full)	1.0	0.6062133650346236	0.4043956043956044	0.5661158020150461	0.3940436140194839
1	50	Popularity	1.0	0.5204934162999665	0.3728937728937729	0.4787888615535752	0.3523747566820191
1	50	Normalized kNN (test)	1.0	0.3647093488063171	0.29706959706959707	0.3494734398328787	0.27111717361652143
1	50	Average Rating	1.0	0.3065640882033577	0.241025641025641	0.27676541018275835	0.21607340368579683
1	50	Normalized kNN (full)	1.0	0.5388216416325294	0.3783882783882784	0.4492964780141646	0.3481447017052479
1	50	kNN (full/test)	1.0	0.646086458766082	0.44102564102564107	0.5927946792370741	0.42474337774062587
1	50	iMF (test)	1.0	0.5472980490395927	0.39084249084249084	0.5438577986043786	0.3822189002658882
2	50	Random	1.0	0.1517223037412753	0.126007326007326	0.1316783393464127	0.10689208812976182
2	50	iMF (full)	1.0	0.6140710005210311	0.40586080586080586	0.5620767365843458	0.39326021930653066
2	50	Popularity	1.0	0.5280339438406952	0.3769230769230769	0.4911832290792249	0.35675344678662174
2	50	Normalized kNN (test)	1.0	0.35345694155889346	0.2875457875457875	0.34217803659278573	0.25550818264293756
2	50	Average Rating	1.0	0.30448483525763165	0.24285714285714285	0.29084279712461003	0.21695247187735792
2	50	Normalized kNN (full)	1.0	0.5502481253012642	0.3758241758241758	0.4607986338781589	0.3443362369962113
2	50	kNN (full/test)	1.0	0.6427163821224257	0.436996336996337	0.6050816990161897	0.42125727828874165
2	50	iMF (test)	1.0	0.5400241708620601	0.3772893772893773	0.5315135022406863	0.36207408316837997
3	50	Random	1.0	0.15284973695558177	0.13223443223443224	0.14034969180803405	0.11195797846424145
3	50	iMF (full)	1.0	0.6132868121647179	0.40366300366300367	0.5532327129844005	0.3920143828976261
3	50	Popularity	1.0	0.5169852788262479	0.3677655677655678	0.48104197529515774	0.3493535014512016
3	50	Normalized kNN (test)	1.0	0.3424828995718191	0.2787545787545787	0.32064354730041633	0.24970732863855255
3	50	Average Rating	1.0	0.2836214344075672	0.23406593406593407	0.2769856774167341	0.21100189391423288
3	50	Normalized kNN (full)	1.0	0.5545229988523793	0.3879120879120879	0.4724120345200879	0.3600545823809894
3	50	kNN (full/test)	1.0	0.634765282663157	0.4274725274725275	0.5663612949873963	0.40719959191192406
3	50	iMF (test)	1.0	0.5305885030672943	0.36996336996337	0.5235631352344491	0.3614693679703425
4	50	Random	1.0	0.15096147439274576	0.12967032967032965	0.14258592348937563	0.11284900090050679
4	50	iMF (full)	1.0	0.6051876610404681	0.4025641025641026	0.5582986840993501	0.393177503475522
4	50	Popularity	1.0	0.5152070883198854	0.36666666666666664	0.48093292937503535	0.34964673554516523
4	50	Normalized kNN (test)	1.0	0.3399172488732073	0.2816849816849817	0.3266121595106361	0.2539623927030422
4	50	Average Rating	1.0	0.29617205829095616	0.2476190476190476	0.2816475728430303	0.22222815687440667
4	50	Normalized kNN (full)	1.0	0.5519860730793555	0.37435897435897436	0.4503752318371438	0.3458979910450393
4	50	kNN (full/test)	1.0	0.6365919416702205	0.421978021978022	0.5709437003372935	0.4074392039024967
4	50	iMF (test)	1.0	0.5268261510031038	0.37545787545787546	0.5199142243831606	0.3700123725219475
5	50	Random	1.0	0.177862557771245	0.1457875457875458	0.16001608724966637	0.12526823870407952
5	50	iMF (full)	1.0	0.591292692523614	0.39340659340659345	0.5373438329146174	0.37431886811149173
5	50	Popularity	1.0	0.5268256941247789	0.37545787545787546	0.49450245833202305	0.35090900713138035
5	50	Normalized kNN (test)	1.0	0.3406268226133989	0.28315018315018314	0.3045544068705916	0.24571041956217796
5	50	Average Rating	1.0	0.2955749615561782	0.24029304029304027	0.26391127625145666	0.2078260685754858
5	50	Normalized kNN (full)	1.0	0.5579227673565664	0.3912087912087912	0.4727418002747013	0.35426224093840364
5	50	kNN (full/test)	1.0	0.6225066956750228	0.43040293040293043	0.5670988977249456	0.40481872085924037
5	50	iMF (test)	1.0	0.5225638693776574	0.36593406593406597	0.505819600089663	0.350848081174272
1	100	Random	1.0	0.10099025421785301	0.08534798534798535	0.08435937051589161	0.07180269302557163
1	100	iMF (full)	1.0	0.5376141019295755	0.35714285714285715	0.5073661719927586	0.35174563602728875
1	100	Popularity	1.0	0.43710046131592944	0.31794871794871793	0.39431337762318663	0.2976322328029632
1	100	Normalized kNN (test)	1.0	0.25098837478230585	0.21208791208791208	0.22098824884875037	0.1830684506551597
1	100	Average Rating	1.0	0.19978797577382576	0.1600732600732601	0.15989820269545485	0.1344029375705221
1	100	Normalized kNN (full)	1.0	0.47503598322339174	0.3336996336996337	0.40194436396852473	0.3092051309100425
1	100	kNN (full/test)	1.0	0.5725811612917375	0.3941391941391941	0.5128483101225331	0.37459934092125385
1	100	iMF (test)	1.0	0.431724441900082	0.31025641025641026	0.43411945428403376	0.30136953694662627
2	100	Random	1.0	0.10220391264814548	0.08644688644688646	0.09277023856714307	0.07303014511617002
2	100	iMF (full)	1.0	0.5560173717838129	0.35934065934065934	0.5008733542331388	0.34808157033643927
2	100	Popularity	1.0	0.4287963533136807	0.30915750915750917	0.38392781416002775	0.28507295997728826
2	100	Normalized kNN (test)	1.0	0.24992139398838456	0.21208791208791208	0.2180724782732491	0.1766908846171498
2	100	Average Rating	1.0	0.19625750064260283	0.1586080586080586	0.15788571173680332	0.13077079412816123
2	100	Normalized kNN (full)	1.0	0.4827722417502397	0.3340659340659341	0.4119604477975917	0.30416207605079354
2	100	kNN (full/test)	1.0	0.5716220362731584	0.389010989010989	0.5339304797060829	0.371312844948802
2	100	iMF (test)	1.0	0.39737700102145757	0.3007326007326007	0.42245085194872173	0.28570668949274275
3	100	Random	1.0	0.10096720674196809	0.08461538461538462	0.08035403216002118	0.06841953629677826
3	100	iMF (full)	1.0	0.5412041188610072	0.35824175824175825	0.4930626040272687	0.3458889717560659
3	100	Popularity	1.0	0.43245167075892177	0.3047619047619048	0.3942591724696617	0.28545419782604936
3	100	Normalized kNN (test)	1.0	0.22325545433283625	0.19487179487179487	0.20067809356629146	0.16494453935610395
3	100	Average Rating	1.0	0.18430408227362396	0.1600732600732601	0.16712597069706753	0.1356461217334189
3	100	Normalized kNN (full)	1.0	0.4817263991940353	0.33992673992673994	0.42471509020195647	0.31724581948374814
3	100	kNN (full/test)	1.0	0.5693870015148419	0.38388278388278385	0.5066114520303899	0.3639323368306795
3	100	iMF (test)	1.0	0.42035123972838473	0.29047619047619044	0.4243398948353332	0.2859799495837461
4	100	Random	1.0	0.10691549898654978	0.08388278388278389	0.10265961387501714	0.07318799568438282
4	100	iMF (full)	1.0	0.529766901536636	0.3527472527472527	0.4922084041410113	0.34319406493257854
4	100	Popularity	1.0	0.43237019778596203	0.308058608058608	0.38390487930114026	0.2870948776197905
4	100	Normalized kNN (test)	1.0	0.2403069505304348	0.20183150183150184	0.20605054411354307	0.17290213592840467
4	100	Average Rating	1.0	0.19537339532512615	0.16666666666666666	0.16223898427999092	0.138797976767913
4	100	Normalized kNN (full)	1.0	0.4922418448906895	0.34065934065934067	0.41602940422579043	0.3148141032215488
4	100	kNN (full/test)	1.0	0.5743090767471754	0.38461538461538464	0.5082001131040967	0.3663191635261993
4	100	iMF (test)	1.0	0.4130514223619292	0.29853479853479853	0.4175510187560618	0.29096566900768106
5	100	Random	1.0	0.10696608219388673	0.08754578754578755	0.092575840075075	0.07322734829503319
5	100	iMF (full)	1.0	0.5250032331138329	0.35018315018315016	0.47498859582587755	0.3321478463960628
5	100	Popularity	1.0	0.4341697366198501	0.315018315018315	0.38680807442477366	0.2870373015136792
5	100	Normalized kNN (test)	1.0	0.23007820134428492	0.20549450549450549	0.20165689870404163	0.17034637487719545
5	100	Average Rating	1.0	0.1970016789908278	0.16959706959706958	0.14987428905946923	0.13581535980176443
5	100	Normalized kNN (full)	1.0	0.4879266353329532	0.3465201465201465	0.4280586606852058	0.3148174552607808
5	100	kNN (full/test)	1.0	0.5547639910259345	0.3813186813186813	0.49531707164629635	0.35359257013805656
5	100	iMF (test)	1.0	0.4029320413930506	0.29633699633699634	0.41104920326408545	0.28077033550193375
1	200	Random	1.0	0.06875321234446995	0.05238095238095238	0.04922452617820454	0.04186732066202033
1	200	iMF (full)	1.0	0.4650539870739982	0.3128205128205128	0.44214090644336784	0.3055879535166834
1	200	Popularity	1.0	0.34352826108307993	0.25274725274725274	0.287977060015003	0.22900498042995468
1	200	Normalized kNN (test)	1.0	0.15585097203922987	0.1402930402930403	0.12834877304993828	0.11423696643027362
1	200	Average Rating	1.0	0.12895113774853945	0.10402930402930403	0.10169392806948296	0.0854693922369951
1	200	Normalized kNN (full)	1.0	0.39476021818567625	0.2772893772893773	0.3406362409425204	0.2577894921461681
1	200	kNN (full/test)	1.0	0.48162445468752235	0.3326007326007326	0.4269047114994732	0.3116280068691752
1	200	iMF (test)	1.0	0.3135927539893851	0.22490842490842491	0.31840470134043286	0.22058290097229302
2	200	Random	1.0	0.05787032768401733	0.04871794871794872	0.046783554987775464	0.03936123463065135
2	200	iMF (full)	1.0	0.48307583488860106	0.3128205128205128	0.44105081382504446	0.303364154719682
2	200	Popularity	1.0	0.3463693569606731	0.25421245421245425	0.2988425255372972	0.2286255194872721
2	200	Normalized kNN (test)	1.0	0.16139866528257382	0.14175824175824178	0.1409209339006504	0.11478216174670558
2	200	Average Rating	1.0	0.128309641733287	0.10622710622710622	0.10243492927930907	0.08514441976745744
2	200	Normalized kNN (full)	1.0	0.4018985323501637	0.27509157509157506	0.35365838824328727	0.25471665347114675
2	200	kNN (full/test)	1.0	0.4779615428766712	0.32893772893772893	0.4424268488517574	0.309723246975023
2	200	iMF (test)	1.0	0.29295541286299964	0.2216117216117216	0.3087283011449407	0.20864691072813338
3	200	Random	1.0	0.06218701870744119	0.05274725274725275	0.05478082838399303	0.042927553976523945
3	200	iMF (full)	1.0	0.47833306681789906	0.3076923076923077	0.4364389261208329	0.2991181569620228
3	200	Popularity	1.0	0.3601932135362396	0.24835164835164833	0.31332100058583523	0.22864406479282312
3	200	Normalized kNN (test)	1.0	0.14065289042580784	0.12454212454212454	0.1231621306286218	0.10305692748442348
3	200	Average Rating	1.0	0.10582684482908833	0.0945054945054945	0.08844937883666379	0.07474563029080253
3	200	Normalized kNN (full)	1.0	0.42294203848917594	0.29633699633699634	0.3888919027386446	0.2819557818663432
3	200	kNN (full/test)	1.0	0.5080434063055139	0.3336996336996337	0.4472497216218689	0.31602045900354264
3	200	iMF (test)	1.0	0.30417669851475476	0.22087912087912087	0.31716324908622273	0.214982906699906
4	200	Random	1.0	0.05085404630819051	0.04102564102564103	0.04286810446754704	0.034096925267132046
4	200	iMF (full)	1.0	0.45185759868835434	0.29853479853479853	0.4156921731769803	0.28900221666793213
4	200	Popularity	1.0	0.3544987829008799	0.25384615384615383	0.2963794571696166	0.23052651348356695
4	200	Normalized kNN (test)	1.0	0.14767375578861683	0.12967032967032965	0.1198252213251432	0.10673644307730384
4	200	Average Rating	1.0	0.12582162493428048	0.10952380952380954	0.09693222774895516	0.0880298390882039
4	200	Normalized kNN (full)	1.0	0.40850827422245717	0.28315018315018314	0.3624684055490195	0.2654875511992979
4	200	kNN (full/test)	1.0	0.5033473199952083	0.33479853479853483	0.43881574234177884	0.3148388620132164
4	200	iMF (test)	1.0	0.29933758085262624	0.2263736263736264	0.309617047088598	0.21827062674100714
5	200	Random	1.0	0.056408983153249305	0.04908424908424908	0.04386200398211487	0.03891113271690868
5	200	iMF (full)	1.0	0.4483602196904239	0.2967032967032967	0.41731342656051934	0.2835433791059034
5	200	Popularity	1.0	0.3609703572395381	0.2564102564102564	0.3105691902605874	0.22923915988299642
5	200	Normalized kNN (test)	1.0	0.14819266527531125	0.13223443223443224	0.11293668014441528	0.10485862658993342
5	200	Average Rating	1.0	0.12858045504661686	0.11794871794871796	0.09916973736028749	0.09285407283505151
5	200	Normalized kNN (full)	1.0	0.402728575416942	0.2846153846153846	0.3610599748130506	0.2619068225158308
5	200	kNN (full/test)	1.0	0.4828733793831448	0.33186813186813185	0.4232571653043807	0.3039645334411618
5	200	iMF (test)	1.0	0.2936045868659291	0.22417582417582418	0.3063428689703486	0.21149273314832323
1	500	Random	1.0	0.027170331738503962	0.02197802197802198	0.021580627740652367	0.0181593467471296
1	500	iMF (full)	1.0	0.342358671858108	0.23443223443223443	0.3231724140862461	0.22707826253726068
1	500	Popularity	1.0	0.23620819760802805	0.17802197802197803	0.20015807693530382	0.16002451253575942
1	500	Normalized kNN (test)	1.0	0.06705694937853095	0.06446886446886448	0.05585727451107796	0.051093735949386876
1	500	Average Rating	1.0	0.0727975372404526	0.06227106227106227	0.05767976786913469	0.04916851433441239
1	500	Normalized kNN (full)	1.0	0.279498330237902	0.20073260073260074	0.2697291486615548	0.19431085358530656
1	500	kNN (full/test)	1.0	0.37327618051960126	0.252014652014652	0.3250112013065444	0.23523551217503041
1	500	iMF (test)	1.0	0.1785016600544715	0.12637362637362637	0.18470151186403833	0.1248600562008111
2	500	Random	1.0	0.0270715086960551	0.021611721611721615	0.022881165406943987	0.0174674262681293
2	500	iMF (full)	1.0	0.3647548648359042	0.23186813186813185	0.333914101439434	0.22362418786173313
2	500	Popularity	1.0	0.24132011155326366	0.18021978021978022	0.20795518389900441	0.15946386242068303
2	500	Normalized kNN (test)	1.0	0.07064836332866055	0.06703296703296703	0.05842732468047649	0.0523485796247686
2	500	Average Rating	1.0	0.06265225985724218	0.05311355311355311	0.04154995338207147	0.03997159967209629
2	500	Normalized kNN (full)	1.0	0.29057307014819617	0.2032967032967033	0.27825400191240346	0.18999345205895302
2	500	kNN (full/test)	1.0	0.3584454650378691	0.24505494505494507	0.30697078103240943	0.2236721825580333
2	500	iMF (test)	1.0	0.169605289825902	0.12527472527472527	0.17931225321675145	0.11809013710884107
3	500	Random	1.0	0.03162722153994722	0.023076923076923075	0.024164899130887225	0.01899713966534739
3	500	iMF (full)	1.0	0.3524713176817246	0.22893772893772893	0.32921482217028275	0.22298889933538302
3	500	Popularity	1.0	0.25156103428810717	0.18021978021978022	0.22461969935226	0.16416317860472077
3	500	Normalized kNN (test)	1.0	0.06138066632608836	0.06446886446886448	0.05554510429126329	0.05010300485198189
3	500	Average Rating	1.0	0.04454419395889889	0.04395604395604396	0.03353656117369368	0.03261963048677655
3	500	Normalized kNN (full)	1.0	0.28057547672752936	0.19853479853479855	0.2707045195968912	0.19189244023822136
3	500	kNN (full/test)	1.0	0.3858274501173362	0.2564102564102564	0.3332597764546341	0.23684294319951185
3	500	iMF (test)	1.0	0.15978219541542402	0.11575091575091576	0.17369302605962583	0.1150438914415465
4	500	Random	1.0	0.02371083620195067	0.023076923076923078	0.02039815191479561	0.018171321148140636
4	500	iMF (full)	1.0	0.3340930960523084	0.22454212454212455	0.31708200470298753	0.21825342478601817
4	500	Popularity	1.0	0.24611640550220848	0.17912087912087912	0.20888185180677968	0.16050885537458584
4	500	Normalized kNN (test)	1.0	0.06860451978326251	0.06373626373626375	0.05168333929196056	0.04825830144551242
4	500	Average Rating	1.0	0.05377299584140631	0.04468864468864469	0.03729544646353454	0.03420075262215846
4	500	Normalized kNN (full)	1.0	0.28652921623667793	0.20476190476190476	0.28442663261706075	0.19755028865392846
4	500	kNN (full/test)	1.0	0.3899460956903718	0.2633699633699634	0.3376697645801114	0.24347315595604063
4	500	iMF (test)	1.0	0.17288888599087027	0.12564102564102567	0.17981642298980197	0.12140957424574633
5	500	Random	1.0	0.024429116528465813	0.02087912087912088	0.019652226793496916	0.016892524298386623
5	500	iMF (full)	1.0	0.34904420091496285	0.22307692307692306	0.31830407371379593	0.2142900218363666
5	500	Popularity	1.0	0.2519945520727848	0.1794871794871795	0.22308750388090023	0.15937676370627626
5	500	Normalized kNN (test)	1.0	0.06994705248157752	0.06666666666666667	0.05227433731927675	0.05106638266012317
5	500	Average Rating	1.0	0.061360466536102165	0.056776556776556776	0.047755820288799086	0.044652193039666825
5	500	Normalized kNN (full)	1.0	0.2947924831326212	0.19890109890109892	0.2776826535183717	0.18881292933168706
5	500	kNN (full/test)	1.0	0.38239782406478573	0.26483516483516484	0.34313974578836987	0.24118974130272264
5	500	iMF (test)	1.0	0.1649843819411905	0.11978021978021978	0.17696238210091242	0.11640850655718725
1	1000	Random	1.0	0.00992096739041675	0.008791208791208793	0.00915350920668184	0.007752008689879911
1	1000	iMF (full)	1.0	0.25734190719313993	0.1717948717948718	0.23433466798348657	0.16627230665855056
1	1000	Popularity	1.0	0.17259744679984199	0.132967032967033	0.14432463534656512	0.11723877006743293
1	1000	Normalized kNN (test)	1.0	0.03119319448542293	0.028205128205128206	0.02701245385603808	0.022049354344160693
1	1000	Average Rating	1.0	0.04200808438996746	0.03663003663003663	0.03285764703290717	0.028194909564791475
1	1000	Normalized kNN (full)	1.0	0.19295427695580422	0.13589743589743591	0.19745893291385533	0.1359515881803901
1	1000	kNN (full/test)	1.0	0.29834665509479413	0.20183150183150184	0.2548410878558633	0.18555563769317882
1	1000	iMF (test)	1.0	0.11611936997157053	0.08534798534798535	0.12176406789168437	0.08280037118632097
2	1000	Random	1.0	0.0167304091669312	0.01282051282051282	0.010721958479968268	0.009727372045060443
2	1000	iMF (full)	1.0	0.2780613449647922	0.17582417582417584	0.25288421638643654	0.1709422027541319
2	1000	Popularity	1.0	0.17141450262192415	0.12967032967032965	0.1469971502586756	0.11379685798248339
2	1000	Normalized kNN (test)	1.0	0.034506709736644506	0.03553113553113554	0.029083834751702776	0.026426711253032493
2	1000	Average Rating	1.0	0.035314158698739065	0.0347985347985348	0.02669832923048821	0.02580203711337482
2	1000	Normalized kNN (full)	1.0	0.2037193965578953	0.14065934065934066	0.21381427685621002	0.13709069744803792
2	1000	kNN (full/test)	1.0	0.28325221378949855	0.19084249084249086	0.23941539091205827	0.17065708128136012
2	1000	iMF (test)	1.0	0.08456906517544704	0.06849816849816849	0.08255949318673207	0.05952022410481742
3	1000	Random	1.0	0.009989190920919011	0.009523809523809525	0.007237099976175528	0.007471927992341519
3	1000	iMF (full)	1.0	0.2841838540998929	0.18168498168498168	0.26852370874867443	0.1793289610712059
3	1000	Popularity	1.0	0.17953225873510326	0.13516483516483516	0.1675719867058181	0.12345098584240193
3	1000	Normalized kNN (test)	1.0	0.024337702604668957	0.023443223443223443	0.021014486544820438	0.01778399650887919
3	1000	Average Rating	1.0	0.0233002598510291	0.026373626373626374	0.017037255658559836	0.018302939044180372
3	1000	Normalized kNN (full)	1.0	0.18533013443217203	0.13333333333333333	0.19302092834696472	0.12982188458235475
3	1000	kNN (full/test)	1.0	0.3018946369528166	0.20439560439560442	0.2643674616903762	0.18814988650854236
3	1000	iMF (test)	1.0	0.07804310293596121	0.05860805860805861	0.09078696263756701	0.058038393548867966
4	1000	Random	1.0	0.013476346977418435	0.01098901098901099	0.008584582984675479	0.007973880606193924
4	1000	iMF (full)	1.0	0.2626800474359159	0.17582417582417584	0.2470322438859433	0.16986586033209583
4	1000	Popularity	1.0	0.1800570123167433	0.13186813186813187	0.15607634937178758	0.1175212914557863
4	1000	Normalized kNN (test)	1.0	0.033407242014684736	0.031135531135531136	0.02282954762417637	0.02304948722025086
4	1000	Average Rating	1.0	0.034388765134509454	0.03003663003663004	0.025268910271502923	0.02288615413121155
4	1000	Normalized kNN (full)	1.0	0.18417897480011508	0.13003663003663005	0.19972332786886557	0.13062681452245542
4	1000	kNN (full/test)	1.0	0.30993231490479	0.20915750915750916	0.26335844284022103	0.19028601119473268
4	1000	iMF (test)	1.0	0.09950148993571233	0.07692307692307693	0.1067480333711269	0.07344102254070131
5	1000	Random	1.0	0.01095322889090029	0.01098901098901099	0.007161128424556269	0.007593811686663587
5	1000	iMF (full)	1.0	0.2551439733538618	0.16776556776556778	0.24447070979495555	0.16097965723742763
5	1000	Popularity	1.0	0.1821257448844514	0.1285714285714286	0.15697455402023805	0.1126677128977652
5	1000	Normalized kNN (test)	1.0	0.03734037211392076	0.0391941391941392	0.027910450508983557	0.027934055363830354
5	1000	Average Rating	1.0	0.035758440578217136	0.03296703296703297	0.02608212857471745	0.025000668597667385
5	1000	Normalized kNN (full)	1.0	0.19059071173610462	0.1315018315018315	0.20435779130894016	0.12814938349321167
5	1000	kNN (full/test)	1.0	0.2892504557096844	0.2	0.24770599659761677	0.17745520945056803
5	1000	iMF (test)	1.0	0.09317223978130709	0.06849816849816849	0.0964802230198859	0.06481841905376068
1	1534	Random	1.0	0.010436134750079321	0.00805860805860806	0.009027849119381518	0.00669269644736634
1	1534	iMF (full)	1.0	0.21410930805205391	0.14505494505494507	0.19053518290618088	0.13956274675516359
1	1534	Popularity	1.0	0.13508403881454042	0.10476190476190476	0.1164717071611583	0.09360461509104383
1	1534	Normalized kNN (test)	1.0	0.01726637774897458	0.01611721611721612	0.013416289812460944	0.012349972516390442
1	1534	Average Rating	1.0	0.02840671487263064	0.026739926739926742	0.02399441431464952	0.0200622067130252
1	1534	Normalized kNN (full)	1.0	0.14636186269817805	0.1043956043956044	0.15261340725569164	0.10497116203758783
1	1534	kNN (full/test)	1.0	0.2476967564022755	0.16923076923076924	0.1969438507647607	0.153717427653106
1	1534	iMF (test)	1.0	0.07227271088276607	0.04908424908424908	0.07877890819201086	0.04934795536993542
2	1534	Random	1.0	0.008778591294615884	0.007692307692307693	0.005685936035951459	0.005656129644803472
2	1534	iMF (full)	1.0	0.23406854424885987	0.1512820512820513	0.21321957589561355	0.14574142133502868
2	1534	Popularity	1.0	0.13288946873348792	0.10183150183150183	0.12001034532308243	0.09057931542000795
2	1534	Normalized kNN (test)	1.0	0.02421494323486972	0.02564102564102564	0.020068460088623525	0.018264841025959665
2	1534	Average Rating	1.0	0.02668307904015129	0.027472527472527472	0.01940142578605414	0.019546538119857543
2	1534	Normalized kNN (full)	1.0	0.15063942920609685	0.10183150183150183	0.16000472921825795	0.10037138072740828
2	1534	kNN (full/test)	1.0	0.23347463026370524	0.15824175824175826	0.18968066874671155	0.13945243097753207
2	1534	iMF (test)	1.0	0.05424376014652143	0.042857142857142864	0.0640816681771323	0.0413014114639649
3	1534	Random	1.0	0.011397234151062538	0.01098901098901099	0.009301787686908314	0.008336981634308209
3	1534	iMF (full)	1.0	0.23619483945618716	0.1498168498168498	0.22485379940517852	0.14814148220112805
3	1534	Popularity	1.0	0.14003818061999257	0.11025641025641027	0.12848354831253112	0.09873324939873976
3	1534	Normalized kNN (test)	1.0	0.01389845124327481	0.014285714285714287	0.00846656277328255	0.009861072057020859
3	1534	Average Rating	1.0	0.010578068087881183	0.011721611721611722	0.008139828469495887	0.008517430281396152
3	1534	Normalized kNN (full)	1.0	0.1443638060088531	0.10366300366300367	0.15056241168321463	0.10002362849154398
3	1534	kNN (full/test)	1.0	0.25719472450376213	0.17582417582417584	0.22241910191553227	0.15879251267073693
3	1534	iMF (test)	1.0	0.06247484195544785	0.045787545787545784	0.06812418822601392	0.0433858209178622
4	1534	Random	1.0	0.011123402225331569	0.008791208791208791	0.005521455239704742	0.005716473079025055
4	1534	iMF (full)	1.0	0.21033477297530845	0.14065934065934066	0.19581323906633483	0.13509212460321002
4	1534	Popularity	1.0	0.14228602052820147	0.10622710622710622	0.1308798538200377	0.09547609326723204
4	1534	Normalized kNN (test)	1.0	0.022294758985974345	0.020146520146520148	0.014881035576923017	0.015020373963397194
4	1534	Average Rating	1.0	0.02472283367296581	0.023076923076923078	0.020077788135954285	0.017454747258619334
4	1534	Normalized kNN (full)	1.0	0.14514867026577055	0.10293040293040294	0.1616919902676285	0.10354103809057986
4	1534	kNN (full/test)	1.0	0.253131257976776	0.17472527472527474	0.21171626362703255	0.15673575692175856
4	1534	iMF (test)	1.0	0.06366071556767056	0.04725274725274725	0.07474315312100728	0.04616727475797084
5	1534	Random	1.0	0.012077946004809275	0.008791208791208793	0.012266528749244908	0.007420948276906045
5	1534	iMF (full)	1.0	0.21054505982584734	0.13516483516483516	0.20409184378957101	0.1300752129148357
5	1534	Popularity	1.0	0.1469295615772396	0.10512820512820513	0.12537434186902305	0.09160784892361384
5	1534	Normalized kNN (test)	1.0	0.02219207843806651	0.024175824175824177	0.016823745573387845	0.017158025922015808
5	1534	Average Rating	1.0	0.022520913165914463	0.022344322344322345	0.019047236426340264	0.017287769305411316
5	1534	Normalized kNN (full)	1.0	0.14790130420313202	0.10402930402930403	0.15689020557791877	0.10069647982031821
5	1534	kNN (full/test)	1.0	0.2444131464435015	0.16776556776556778	0.2077594459411937	0.14832371210068132
5	1534	iMF (test)	1.0	0.05911936984938156	0.04175824175824176	0.06242332131053485	0.04003923588031379
