fold	target size	recommender system	Coverage@10	nDCG@10	P@10	Recall@10	FScore@10
3	100	Average Rating	1.0	0.36849494989530834	0.3131495227995758	0.3303343763301252	0.2676468136878947
3	100	iMF (test)	1.0	0.6563401266018424	0.48292682926829267	0.5999513697301541	0.4454511650981569
3	100	Normalized kNN (full)	1.0	0.637420335851322	0.4525980911983033	0.49944315055340455	0.39781021176110154
3	100	Random	1.0	0.10055343193721122	0.08653234358430542	0.08222003776496808	0.06905646875555588
3	100	iMF (full)	1.0	0.7573355109894037	0.5293743372216331	0.6524026064084794	0.48945013589375636
3	100	Popularity	1.0	0.6397588763556232	0.452492046659597	0.5592692984634516	0.4164895427241364
3	100	kNN (test)	1.0	0.7531927356962415	0.5290562036055143	0.6459644041102542	0.48683860546720864
3	100	Normalized kNN (test)	1.0	0.46865659269127424	0.3669141039236479	0.39093819443066063	0.31603690856292077
3	100	kNN (full)	1.0	0.7502313486058745	0.5266171792152704	0.6428059248520046	0.4846256151658174
3	200	Average Rating	1.0	0.2723005388658074	0.2408271474019088	0.2517269498539391	0.20396686950909954
3	200	iMF (test)	1.0	0.6371348890514931	0.47051961823966065	0.584139063417869	0.43369425446060655
3	200	Normalized kNN (full)	1.0	0.634378799800878	0.4496288441145281	0.49506595298956857	0.3943154758250735
3	200	Random	1.0	0.054788990915739876	0.05100742311770944	0.04344082428942999	0.03912569517958005
3	200	iMF (full)	1.0	0.7556203240254518	0.531389183457052	0.6534513868706242	0.4905209621722254
3	200	Popularity	1.0	0.6397588763556232	0.452492046659597	0.5592692984634516	0.4164895427241364
3	200	kNN (test)	1.0	0.7525144687215217	0.528525980911983	0.6445593139723965	0.48609966018955714
3	200	Normalized kNN (test)	1.0	0.40687011114025073	0.327253446447508	0.35477718377997264	0.28380945822190407
3	200	kNN (full)	1.0	0.7496170476109368	0.5261930010604454	0.6416217608364514	0.48402343367816403
3	50	Average Rating	1.0	0.5000497691538746	0.36224814422057267	0.37849704028802167	0.3086590152713473
3	50	iMF (test)	1.0	0.6778789606944366	0.49130434782608695	0.6130814649921914	0.45478017300809076
3	50	Normalized kNN (full)	1.0	0.6456775909485442	0.4582184517497349	0.5145382994455717	0.40561478219679126
3	50	Random	1.0	0.1787012325035123	0.1494167550371156	0.15699006736272778	0.1251440936418193
3	50	iMF (full)	1.0	0.7576720832047703	0.5310710498409332	0.6524966658929955	0.4902692690757397
3	50	Popularity	1.0	0.6397588763556232	0.452492046659597	0.5592692984634516	0.4164895427241364
3	50	kNN (test)	1.0	0.7555409274126541	0.5306468716861081	0.6506770739077598	0.4890776283396917
3	50	Normalized kNN (test)	1.0	0.4892096184927351	0.3779427359490986	0.4206368395673633	0.33080364369240634
3	50	kNN (full)	1.0	0.75305021154811	0.5284199363732768	0.648339177389499	0.48720066852684796
3	1000	Average Rating	1.0	0.048470151190380915	0.059597030752916225	0.047927870554356176	0.0453063614006794
3	1000	iMF (test)	1.0	0.33322546186130275	0.256203605514316	0.30015263836727357	0.22854403879430935
3	1000	Normalized kNN (full)	1.0	0.46543487394304256	0.33244962884411455	0.39401435672736473	0.29789179637820856
3	1000	Random	1.0	0.013205138611493455	0.011558854718981973	0.010384229972149661	0.008947588214827865
3	1000	iMF (full)	1.0	0.6197372330512978	0.4302226935312831	0.5098971303144225	0.38788181448333
3	1000	Popularity	1.0	0.42544252300892454	0.311558854718982	0.3386663869391612	0.26784041507938156
3	1000	kNN (test)	1.0	0.6100403324173489	0.42873806998939556	0.4958668257477413	0.3807277181967153
3	1000	Normalized kNN (test)	1.0	0.09561151647028757	0.09501590668080595	0.09313649612885505	0.07830479321737371
3	1000	kNN (full)	1.0	0.6092196698909481	0.42735949098621423	0.49502877906452136	0.37968465317212924
3	1682	Average Rating	1.0	0.01701051026981118	0.021314952279957583	0.013041783501137895	0.014355184213034647
3	1682	iMF (test)	1.0	0.13382237749918283	0.10254506892895016	0.12177079512698026	0.09011335228559962
3	1682	Normalized kNN (full)	1.0	0.19761906632411003	0.14390243902439026	0.18993776831362802	0.13173918329840192
3	1682	Random	1.0	0.009837459963108492	0.009013785790031814	0.006959676441311627	0.006596930449921879
3	1682	iMF (full)	1.0	0.37007611335751706	0.26214209968186636	0.29563870218652144	0.2269228145898522
3	1682	Popularity	1.0	0.17881642762932237	0.13244962884411454	0.1455672358958094	0.11205525713275273
3	1682	kNN (test)	1.0	0.3351133003688357	0.23213149522799575	0.26060763127444536	0.19752828142883527
3	1682	Normalized kNN (test)	1.0	0.0424768305211536	0.04432661717921527	0.03227630471627933	0.032375724094369264
3	1682	kNN (full)	1.0	0.3335049879040717	0.2325556733828208	0.2596415278599834	0.19814090456138791
3	500	Average Rating	1.0	0.13670547232093092	0.13223753976670202	0.14621785013682212	0.11468482790148371
3	500	iMF (test)	1.0	0.5363780643131772	0.39416755037115586	0.4757301909742825	0.35686663243686234
3	500	Normalized kNN (full)	1.0	0.5954235423241243	0.42057264050901383	0.4687419394963352	0.3704043709483858
3	500	Random	1.0	0.022357602312559264	0.020254506892895017	0.01751032544387384	0.015818917747562878
3	500	iMF (full)	1.0	0.7215256360639687	0.49968186638388123	0.6049092752860775	0.45630973022637716
3	500	Popularity	1.0	0.5968563225187546	0.4171792152704136	0.48207728731613514	0.3721316925038049
3	500	kNN (test)	1.0	0.7196533749348133	0.5034994697773065	0.597120143451881	0.4562431083105179
3	500	Normalized kNN (test)	1.0	0.24847519608237031	0.2104984093319194	0.22835912039511913	0.1814165201475229
3	500	kNN (full)	1.0	0.7166049707779384	0.5010604453870625	0.5942225268312953	0.4540343866839467
3	5	Average Rating	0.9737009544008484	0.7177781704006871	0.5269353128313892	0.6792409018423752	0.4975528965060487
3	5	iMF (test)	0.9737009544008484	0.7693966087900701	0.557051961823966	0.7025833380130979	0.5212964058741039
3	5	Normalized kNN (full)	0.9737009544008484	0.7369568052323356	0.5221633085896076	0.6545590241574739	0.4841630436617564
3	5	Random	0.9737009544008484	0.5220501319711566	0.4003181336161188	0.5555685581677358	0.3870101687496104
3	5	iMF (full)	0.9737009544008484	0.794556346124292	0.5551431601272534	0.6972747061753358	0.518375716393451
3	5	Popularity	0.9737009544008484	0.7219742257835259	0.5089077412513255	0.6562947728257913	0.4795125434118891
3	5	kNN (test)	0.9737009544008484	0.7893203280872635	0.5554612937433722	0.696913571800791	0.5181664137647901
3	5	Normalized kNN (test)	0.9737009544008484	0.730923440856708	0.531813361611877	0.68136820113809	0.5003511887199243
3	5	kNN (full)	0.9737009544008484	0.7878287308047704	0.5536585365853659	0.695891191427636	0.5170144645301711
3	20	Average Rating	1.0	0.6444685092558706	0.47656415694591725	0.5940536834284512	0.4397451256170466
3	20	iMF (test)	1.0	0.73953772218532	0.5339342523860021	0.6707916371227671	0.4974894640954869
3	20	Normalized kNN (full)	1.0	0.680244917483124	0.48080593849416753	0.5664597043823146	0.4337647046692919
3	20	Random	1.0	0.30451717521865473	0.2506892895015907	0.293703418158691	0.22366930151475714
3	20	iMF (full)	1.0	0.7734670768242647	0.5428419936373277	0.6774155828089504	0.504489939082653
3	20	Popularity	1.0	0.6438082225457764	0.4553552492046659	0.5687893206823074	0.4207357136270973
3	20	kNN (test)	1.0	0.7676902435775956	0.5383881230116648	0.6705684928666106	0.4993610510287981
3	20	Normalized kNN (test)	1.0	0.6652131815744835	0.4873806998939555	0.6069274823106086	0.44900687717170384
3	20	kNN (full)	1.0	0.7665581516513975	0.5376458112407211	0.6711749772884888	0.499378821127044
3	10	Average Rating	1.0	0.6910339608618036	0.5110286320254507	0.6594990497000859	0.4811273772675021
3	10	iMF (test)	1.0	0.76309918109044	0.5496288441145281	0.6947710461713597	0.5149203324705324
3	10	Normalized kNN (full)	1.0	0.7066083059531375	0.5002120890774125	0.6057089317691553	0.4561159221431877
3	10	Random	1.0	0.4221137179571277	0.33096500530222694	0.42441651193782426	0.30876597198947203
3	10	iMF (full)	1.0	0.7887434585683272	0.5519618239660657	0.6924670216800165	0.5155139757417933
3	10	Popularity	1.0	0.7133723048429823	0.5019088016967126	0.6410188544262374	0.47031119480338923
3	10	kNN (test)	1.0	0.7844876106770067	0.5511134676564158	0.6898297895699499	0.5133172115166059
3	10	Normalized kNN (test)	1.0	0.7093853212296557	0.5189819724284199	0.6636001563578094	0.4863552178195197
3	10	kNN (full)	1.0	0.7829430393984722	0.5492046659597031	0.6889681866806868	0.5122162821775679
3	1	Average Rating	0.8712619300106045	0.818350234802758	0.5663838812301166	0.7137242505672559	0.5315108591943709
3	1	iMF (test)	0.8712619300106045	0.8274558871285009	0.5737009544008483	0.71993008625123	0.5376747669224244
3	1	Normalized kNN (full)	0.8712619300106045	0.7839421397682089	0.5499469777306469	0.6950607575158358	0.51482917706572
3	1	Random	0.8712619300106045	0.6441319572089202	0.46309650053022267	0.6406335997105397	0.4535010650327712
3	1	iMF (full)	0.8712619300106045	0.8108738364146806	0.5625662778366914	0.7085704112622073	0.5273014693836452
3	1	Popularity	0.8712619300106045	0.757963203113127	0.5303287380699894	0.6889849234114663	0.5042951624683799
3	1	kNN (test)	0.8712619300106045	0.8140782583884415	0.5637327677624603	0.7077868977594612	0.5271360720596703
3	1	Normalized kNN (test)	0.8712619300106045	0.826150262688462	0.5694591728525981	0.716160178693641	0.5338601201997976
3	1	kNN (full)	0.8712619300106045	0.8128358995108199	0.562778366914104	0.7081543288238377	0.5269755696247661
3	2	Average Rating	0.9053022269353129	0.8176767972121118	0.5658536585365854	0.7128493831229292	0.5308628092356105
3	2	iMF (test)	0.9053022269353129	0.8273077829654042	0.5745493107104983	0.7186207808270605	0.5373864777422108
3	2	Normalized kNN (full)	0.9053022269353129	0.7757172065733831	0.5445387062566278	0.6870618654189461	0.5085664127423074
3	2	Random	0.9053022269353129	0.6128181323373503	0.44740190880169667	0.6209603095155006	0.43652584446440973
3	2	iMF (full)	0.9053022269353129	0.809737070204511	0.5629904559915164	0.7075463216033876	0.527029884966232
3	2	Popularity	0.9053022269353129	0.7512929429883769	0.5269353128313892	0.684236412092872	0.5004803603954833
3	2	kNN (test)	0.9053022269353129	0.8126850108402077	0.563202545068929	0.7070227037821176	0.5265196950182581
3	2	Normalized kNN (test)	0.9053022269353129	0.8254662259350818	0.5689289501590669	0.7153017229041141	0.5332139762703275
3	2	kNN (full)	0.9053022269353129	0.8111293900170216	0.5619300106044538	0.7067614422241641	0.5259415493860963
3	0	Average Rating	0.8319194061505832	0.81835410669867	0.5663838812301166	0.7137242505672559	0.5315108591943709
3	0	iMF (test)	0.8319194061505832	0.8357055816951662	0.5795334040296924	0.7226468828429513	0.5412786992791991
3	0	Normalized kNN (full)	0.8319194061505832	0.7943695632118477	0.5537645811240721	0.6999146130012801	0.5189423301729273
3	0	Random	0.8319194061505832	0.676712153658452	0.47889713679745494	0.6542403485359443	0.466929806908858
3	0	iMF (full)	0.8319194061505832	0.8132747239059605	0.563202545068929	0.7085816793100564	0.5275715811866017
3	0	Popularity	0.8319194061505832	0.7582954216579859	0.5305408271474019	0.6893030570275851	0.5045425997253612
3	0	kNN (test)	0.8319194061505832	0.8144726196397792	0.5639448568398727	0.7082110759142862	0.5274188574962202
3	0	Normalized kNN (test)	0.8319194061505832	0.8263544532541217	0.5695652173913044	0.7163722677710536	0.5340015129180725
3	0	kNN (full)	0.8319194061505832	0.8131023179478223	0.562778366914104	0.7081543288238377	0.5269755696247661
2	100	Average Rating	1.0	0.35151109221496507	0.2866383881230117	0.29956364364489235	0.2452408225213124
2	100	iMF (test)	1.0	0.671629527903299	0.5006362672322375	0.6013931901795425	0.45831929961487045
2	100	Normalized kNN (full)	1.0	0.6346272815918862	0.4534464475079534	0.48813102209645914	0.39556074708204436
2	100	Random	1.0	0.10676587477893931	0.09448568398727467	0.08904394597075044	0.07530197324219508
2	100	iMF (full)	1.0	0.7434788877726457	0.5327677624602333	0.6402119355313692	0.48909340745425933
2	100	Popularity	1.0	0.6203934515327651	0.45068928950159065	0.552121238608557	0.41527231949755766
2	100	kNN (test)	1.0	0.7412648382943374	0.5305408271474019	0.6383415057231071	0.4866588033747388
2	100	Normalized kNN (test)	1.0	0.4824231345205121	0.38430540827147397	0.40812789406804884	0.3317177784200869
2	100	kNN (full)	1.0	0.7408831543038098	0.5296924708377518	0.6360029224651931	0.4855400146695193
2	200	Average Rating	1.0	0.21301581349488008	0.19183457051961825	0.17200616249281098	0.1523110290329277
2	200	iMF (test)	1.0	0.6683760960585928	0.49618239660657476	0.5976498586773795	0.45469888722101437
2	200	Normalized kNN (full)	1.0	0.6328507523623557	0.45217391304347826	0.4853133319510914	0.393903638219456
2	200	Random	1.0	0.05629536121367378	0.04856839872746554	0.04480325560532357	0.03849718851219815
2	200	iMF (full)	1.0	0.7487185117412195	0.5338282078472958	0.6422014547817618	0.49017141360442373
2	200	Popularity	1.0	0.6203934515327651	0.45068928950159065	0.552121238608557	0.41527231949755766
2	200	kNN (test)	1.0	0.7409903916688838	0.5303287380699894	0.637722912580654	0.48634416573242356
2	200	Normalized kNN (test)	1.0	0.45439170995147543	0.3623541887592789	0.38397977808390055	0.3124844267697139
2	200	kNN (full)	1.0	0.7399602974334252	0.5289501590668081	0.6339527280502054	0.4844729657763835
2	50	Average Rating	1.0	0.4312204226372867	0.3429480381760339	0.3752107997977202	0.29838590533998915
2	50	iMF (test)	1.0	0.6740615185544794	0.5015906680805938	0.6128426511918896	0.4631646760479941
2	50	Normalized kNN (full)	1.0	0.6429818453307279	0.45906680805938493	0.5037239775091389	0.4030815720371468
2	50	Random	1.0	0.17686718853031191	0.1507953340402969	0.15155470897225165	0.1269186743379572
2	50	iMF (full)	1.0	0.7454018251158961	0.5317073170731708	0.640518464286357	0.48839029379695115
2	50	Popularity	1.0	0.6203934515327651	0.45068928950159065	0.552121238608557	0.41527231949755766
2	50	kNN (test)	1.0	0.7428116516390687	0.5317073170731708	0.6413031781969748	0.4882816835407542
2	50	Normalized kNN (test)	1.0	0.5128158098144967	0.4011664899257688	0.440398278903369	0.35165378553084903
2	50	kNN (full)	1.0	0.742960771036492	0.5311770943796394	0.6402295547936282	0.48766822870903026
5	100	Average Rating	1.0	0.33170477619913563	0.26023329798515377	0.2697444516877824	0.22164690424466132
2	1000	Average Rating	1.0	0.03898706071890661	0.040721102863202546	0.03224442068475275	0.03047844290794621
5	100	iMF (test)	1.0	0.6465568831304135	0.4865323435843054	0.5986571648356702	0.4491122803846947
2	1000	iMF (test)	1.0	0.31460541875826165	0.2452810180275716	0.2740550385018178	0.21436235248727742
5	100	Normalized kNN (full)	1.0	0.6386984330463515	0.45546129374337224	0.4981293275439715	0.3996156987706175
5	100	Random	1.0	0.09529782757061692	0.08579003181336162	0.08667925096389659	0.06904383341131942
2	1000	Normalized kNN (full)	1.0	0.4594391903368423	0.335949098621421	0.3824900575569606	0.2963653501110038
2	1000	Random	1.0	0.01733489757241683	0.01389183457051962	0.011331886712937698	0.010079812887704138
5	100	iMF (full)	1.0	0.7530832367965212	0.532237539766702	0.6487897672330718	0.4908456352932102
5	100	Popularity	1.0	0.6208124061136056	0.4427359490986214	0.5406828430211588	0.4068426257607623
5	100	kNN (test)	1.0	0.7430325917985026	0.5292682926829269	0.6465778594134425	0.4879216765210742
2	1000	iMF (full)	1.0	0.593658897343494	0.4183457051961824	0.48495004943061765	0.3732793887586434
2	1000	Popularity	1.0	0.40006650000191823	0.2955461293743372	0.3113224854137241	0.2512037539419042
2	1000	kNN (test)	1.0	0.5906863268432933	0.4218451749734889	0.47350509882484654	0.37217453514031573
5	100	Normalized kNN (test)	1.0	0.4833423958843953	0.3747613997879109	0.4117710843802356	0.3284419446282061
5	100	kNN (full)	1.0	0.7444399393402816	0.5287380699893955	0.6444499635090162	0.4867730224900706
2	1000	Normalized kNN (test)	1.0	0.10081974998559402	0.10509013785790032	0.09637654186828104	0.08447256131589476
2	1000	kNN (full)	1.0	0.5898069819751718	0.420254506892895	0.4736207201811704	0.37100175814682973
2	1682	Average Rating	1.0	0.02163031588287297	0.025980911983032873	0.01908233082132865	0.01883300253671554
2	1682	iMF (test)	1.0	0.12510558016243384	0.10116648992576883	0.10199727856694464	0.08320622300701716
2	1682	Normalized kNN (full)	1.0	0.18863420635721004	0.14750795334040295	0.17925119413398155	0.13228535362478436
2	1682	Random	1.0	0.008973481245715136	0.008695652173913045	0.005063027230947559	0.005639645669538681
5	200	Average Rating	1.0	0.26770666985164204	0.19999999999999998	0.17850369995163587	0.16018358462421584
5	200	iMF (test)	1.0	0.6451503948828248	0.4804878048780488	0.5933825886937675	0.444374973097904
2	1682	iMF (full)	1.0	0.35434279744551567	0.25705196182396606	0.2785193550457447	0.2201575259058436
2	1682	Popularity	1.0	0.16599244579065928	0.1310710498409332	0.13162110613489597	0.10764130518842448
5	200	Normalized kNN (full)	1.0	0.6371103764294858	0.45387062566277836	0.4977256543937448	0.3979926698277412
5	200	Random	1.0	0.062486241366677894	0.05503711558854719	0.05050503467798736	0.0432898555938479
2	1682	kNN (test)	1.0	0.3269718420341126	0.23520678685047722	0.2550343126678942	0.20014884970280206
2	1682	Normalized kNN (test)	1.0	0.04582690819599938	0.05153764581124072	0.03926629531572492	0.03724969241058931
2	1682	kNN (full)	1.0	0.3259793608694976	0.23584305408271475	0.25214759535881254	0.20030014645052938
5	200	iMF (full)	1.0	0.7536462361532436	0.5329798515376458	0.6526221834456791	0.49259418067674227
5	200	Popularity	1.0	0.6208124061136056	0.4427359490986214	0.5406828430211588	0.4068426257607623
5	200	kNN (test)	1.0	0.7427681029800677	0.5290562036055143	0.6460122885403425	0.48761713835863574
5	200	Normalized kNN (test)	1.0	0.3938615655310079	0.32682926829268294	0.35965368137842535	0.2866109009691464
5	200	kNN (full)	1.0	0.7441337769226127	0.528525980911983	0.6438843926359161	0.4864684843276322
2	500	Average Rating	1.0	0.07540858159748953	0.07338282078472959	0.0583351058854691	0.055471640163217935
2	500	iMF (test)	1.0	0.5246958489272721	0.3935312831389184	0.4557849974693562	0.3539515547100827
2	500	Normalized kNN (full)	1.0	0.5841426999817082	0.4185577942735949	0.456817668757742	0.366319662318428
2	500	Random	1.0	0.02632173598435891	0.02301166489925769	0.019847595073372377	0.01788616469370072
5	50	Average Rating	1.0	0.46463933493214993	0.3486744432661718	0.37452059790750136	0.3022918493802786
2	500	iMF (full)	1.0	0.7030870430850286	0.49872746553552494	0.5880021211170493	0.452071599384087
2	500	Popularity	1.0	0.578914977290258	0.4155885471898197	0.47721461059678155	0.37155308985623203
5	50	iMF (test)	1.0	0.6564234981526851	0.49247083775185574	0.6064977188807179	0.45518003441382066
2	500	kNN (test)	1.0	0.7020926999023757	0.4992576882290562	0.5797811698476105	0.44991575857681787
5	50	Normalized kNN (full)	1.0	0.6495455134520626	0.46383881230116647	0.5187625502185516	0.41064924022935345
5	50	Random	1.0	0.18028884043913787	0.14984093319194064	0.14355544202199375	0.12209834263384498
2	500	Normalized kNN (test)	1.0	0.25994449843949324	0.231813361611877	0.21953912727927985	0.18934782705128425
2	500	kNN (full)	1.0	0.7019739299782357	0.4992576882290562	0.5788936890542512	0.4499976895077471
5	50	iMF (full)	1.0	0.7543804690360532	0.5346765641569459	0.6537782774559437	0.4937084776429437
5	50	Popularity	1.0	0.6208124061136056	0.4427359490986214	0.5406828430211588	0.4068426257607623
5	50	kNN (test)	1.0	0.7449158144490495	0.5304347826086956	0.6502111472991163	0.4895565454053349
5	50	Normalized kNN (test)	1.0	0.5089631996584592	0.3900318133616119	0.4347763094266189	0.3437832620367421
5	50	kNN (full)	1.0	0.7472387231374961	0.5306468716861081	0.6502601101197991	0.48939698603005544
2	5	Average Rating	0.9741251325556735	0.6908502893059458	0.5227995758218452	0.6632835484273404	0.4921393606017193
2	5	iMF (test)	0.9741251325556735	0.7547900997694371	0.556627783669141	0.6887603535449149	0.5194810468101801
2	5	Normalized kNN (full)	0.9741251325556735	0.7302861377396052	0.5227995758218452	0.6373231521724645	0.4815119391710057
2	5	Random	0.9741251325556735	0.5222403343845252	0.39819724284199365	0.5394233787521268	0.3825782805551427
5	1000	Average Rating	1.0	0.012873455395173978	0.013785790031813362	0.009732642423414513	0.009983171521640492
5	1000	iMF (test)	1.0	0.30857883280401777	0.24623541887592787	0.28413988948708574	0.2191764075547067
2	5	iMF (full)	0.9741251325556735	0.7829760754029373	0.5582184517497348	0.6867674713114718	0.5188113721177725
2	5	Popularity	0.9741251325556735	0.7117271156667156	0.512831389183457	0.648849722689138	0.4822416682738661
5	1000	Normalized kNN (full)	1.0	0.45273733205981526	0.33149522799575826	0.38818331303956577	0.2960591570202462
2	5	kNN (test)	0.9741251325556735	0.775035007263198	0.5558854718981973	0.6857958966757034	0.517217615506998
5	1000	Random	1.0	0.015818149246779843	0.013255567338282079	0.009959788713689854	0.009893282619399915
5	1000	iMF (full)	1.0	0.6074130070152095	0.42969247083775186	0.504519902605775	0.3850496713380488
5	1000	Popularity	1.0	0.41849833523981167	0.2988335100742312	0.3252368245974926	0.25891978743809135
2	5	Normalized kNN (test)	0.9741251325556735	0.7180994470761476	0.528525980911983	0.6679041470632917	0.49658062697554745
5	1000	kNN (test)	1.0	0.5978292980535477	0.4254506892895016	0.4934666704878768	0.3791650922409916
2	5	kNN (full)	0.9741251325556735	0.775362660275035	0.5556733828207847	0.6863957773635351	0.5171607741891715
5	1000	Normalized kNN (test)	1.0	0.07119268402476929	0.07730646871686109	0.07329176884136844	0.06376944670042009
5	1000	kNN (full)	1.0	0.5968548210108072	0.4247083775185578	0.4914286654229531	0.37812209996586493
5	1682	Average Rating	1.0	0.011611721169427916	0.013255567338282079	0.009569775187376546	0.009739631921311602
2	20	Average Rating	1.0	0.6149227970531446	0.4657476139978791	0.5620969085947188	0.424383078009322
5	1682	iMF (test)	1.0	0.11647806942427291	0.0975609756097561	0.10065114880026625	0.08240550535839346
2	20	iMF (test)	1.0	0.7184829609102786	0.5309650053022269	0.6531743350445263	0.49202579067812413
5	1682	Normalized kNN (full)	1.0	0.17985171031106917	0.14146341463414636	0.17343489161899128	0.12743441657117668
5	1682	Random	1.0	0.008959013513352902	0.008059384941675504	0.005797048884597803	0.005675340517606353
2	20	Normalized kNN (full)	1.0	0.6659328381216084	0.47698833510074234	0.5404906401175023	0.42497951642057885
2	20	Random	1.0	0.3059430102185258	0.2507953340402969	0.2898204735630756	0.22404452827036117
5	1682	iMF (full)	1.0	0.36431759013201626	0.2616118769883351	0.2903702656722964	0.22655499918182123
5	1682	Popularity	1.0	0.17371348870942735	0.13054082714740192	0.1385301453424197	0.1102719554426886
5	1682	kNN (test)	1.0	0.3239229516096007	0.2342523860021209	0.2537276098666027	0.19910170920967526
2	20	iMF (full)	1.0	0.7583864246184395	0.5432661717921526	0.6585830415867148	0.5010405746334822
2	20	Popularity	1.0	0.6244045910674849	0.4535524920466596	0.5618255763351642	0.4194192191812299
2	20	kNN (test)	1.0	0.7522837430969039	0.5386002120890774	0.6569729155528202	0.4973355459419462
2	20	Normalized kNN (test)	1.0	0.659608082260041	0.48706256627783673	0.5953377245117848	0.4475395371935396
5	1682	Normalized kNN (test)	1.0	0.030226946138844284	0.035206786850477206	0.028096260124748924	0.02663018868660194
2	20	kNN (full)	1.0	0.7524644462014748	0.5380699893955461	0.656184602455993	0.49675729076802816
5	1682	kNN (full)	1.0	0.3233412367881674	0.23457051961823966	0.2522660462700662	0.19936536549599093
2	10	Average Rating	1.0	0.6596789259693103	0.5020148462354188	0.6352488528183368	0.46981900411550304
2	10	iMF (test)	1.0	0.7420857323174088	0.5468716861081655	0.6737264493832782	0.5083017616936027
5	500	Average Rating	1.0	0.07067282193263237	0.0806998939554613	0.0705433760856031	0.0640521868919
2	10	Normalized kNN (full)	1.0	0.6939173088562856	0.4966065747613998	0.5825374140170325	0.44936865772538426
2	10	Random	1.0	0.43077494494746227	0.33796394485683984	0.42704721138678037	0.31224337584773565
5	500	iMF (test)	1.0	0.5194387335527121	0.39151643690349947	0.46790727992817394	0.355425172490434
5	500	Normalized kNN (full)	1.0	0.5898481759892118	0.4188759278897137	0.4676188208854961	0.36931254435933897
5	500	Random	1.0	0.021031304946612105	0.019724284199363736	0.01517496569045076	0.014698687993261132
2	10	iMF (full)	1.0	0.7699419544019493	0.5482502651113468	0.671850026417751	0.5085047277781473
2	10	Popularity	1.0	0.6560223378435549	0.47889713679745494	0.6032216787222096	0.44684420129939934
2	10	kNN (test)	1.0	0.7611860340775655	0.5447507953340404	0.6703051471247126	0.5052776705648275
5	500	iMF (full)	1.0	0.7131768531022553	0.5007423117709437	0.6011754542608387	0.4569307400328209
5	500	Popularity	1.0	0.5959909978952896	0.4220572640509014	0.4988299293422599	0.38174459130732896
5	500	kNN (test)	1.0	0.7092880950575425	0.5022269353128315	0.5973224013642499	0.4565326947138755
2	10	Normalized kNN (test)	1.0	0.6909948659977402	0.5110286320254507	0.6427280963056561	0.4772065495038987
2	10	kNN (full)	1.0	0.7618828461048778	0.544644750795334	0.669667484602714	0.5051179614441468
5	500	Normalized kNN (test)	1.0	0.21693247785149095	0.19766702014846235	0.19606930444237816	0.16585996668394065
5	500	kNN (full)	1.0	0.7112876814840003	0.5027571580063627	0.599804884243794	0.45730684417559053
2	1	Average Rating	0.8742311770943796	0.8132880680582827	0.5717921527041357	0.7061480452201289	0.5344464926303985
2	1	iMF (test)	0.8742311770943796	0.8192232519165982	0.5809119830328737	0.7128159026998508	0.5414231986272761
2	1	Normalized kNN (full)	0.8742311770943796	0.7730620720795104	0.5478260869565218	0.6770379689434564	0.5099290173538581
2	1	Random	0.8742311770943796	0.6323733557828742	0.46171792152704133	0.627343964263423	0.45035702501929287
5	5	Average Rating	0.9753976670201484	0.6934610307875689	0.5189819724284199	0.6656917746629264	0.4894722720365229
5	5	iMF (test)	0.9753976670201484	0.7564679193807327	0.5571580063626723	0.694948360512294	0.5197980852861611
5	5	Normalized kNN (full)	0.9753976670201484	0.7381532581687326	0.5266171792152704	0.6551001367986173	0.48826212220484116
5	5	Random	0.9753976670201484	0.5281019306337391	0.4016967126193001	0.5549599679194814	0.3889827304196675
2	1	iMF (full)	0.8742311770943796	0.7962209639747553	0.5650053022269352	0.6965309864599979	0.5266603048267973
2	1	Popularity	0.8742311770943796	0.7422537164757715	0.5314952279957582	0.6768826890917394	0.5033113289462701
2	1	kNN (test)	0.8742311770943796	0.7969705937344147	0.5641569459172853	0.6963912535018008	0.5261842227438138
5	5	iMF (full)	0.9753976670201484	0.7900945751993383	0.5587486744432661	0.6993292082359345	0.5222626960107964
5	5	Popularity	0.9753976670201484	0.7130621482471953	0.5075291622481443	0.6540537666731844	0.479901879873386
5	5	kNN (test)	0.9753976670201484	0.7746275242663174	0.5524920466595971	0.6912975648495723	0.516014216576944
4	100	Average Rating	1.0	0.2813286202592204	0.2486744432661718	0.24135560666515482	0.20414190131767973
4	100	iMF (test)	1.0	0.6555798917511847	0.4902439024390244	0.5926401066469971	0.44703630584867426
2	1	Normalized kNN (test)	0.8742311770943796	0.8160711636788759	0.5755037115588547	0.7093162975248413	0.5374583394266799
2	1	kNN (full)	0.8742311770943796	0.7973064072039251	0.5643690349946978	0.6975055848413171	0.5265870700882861
4	100	Normalized kNN (full)	1.0	0.6335877422390863	0.4505832449628844	0.4820949321936611	0.38841038576454145
4	100	Random	1.0	0.09912344461643524	0.08822905620360552	0.08001359771868057	0.0691230753159559
5	5	Normalized kNN (test)	0.9753976670201484	0.7162157952444569	0.5302226935312832	0.676047872755156	0.4989539505359799
5	5	kNN (full)	0.9753976670201484	0.7773231031008588	0.5528101802757157	0.6917472791135177	0.5162678682338514
4	100	iMF (full)	1.0	0.7499381663081409	0.5329798515376458	0.6443985529802627	0.4872830924902277
4	100	Popularity	1.0	0.6375627768896409	0.45546129374337224	0.5604631075677573	0.41634008835094755
4	100	kNN (test)	1.0	0.7482846377242395	0.5291622481442205	0.6409446376538123	0.48213835342716416
4	100	Normalized kNN (test)	1.0	0.4767160554932184	0.37529162248144216	0.3929476460840059	0.32030913947943307
4	100	kNN (full)	1.0	0.7461693093787879	0.527677624602333	0.6377584066129767	0.48032243104682504
2	2	Average Rating	0.9076352067868505	0.8131751989173839	0.5716861081654295	0.7060302179548996	0.5343348668001814
2	2	iMF (test)	0.9076352067868505	0.8205175870306597	0.5800636267232238	0.7112159459717396	0.5403439098806101
5	20	Average Rating	1.0	0.5987640594311997	0.44825026511134675	0.528565413364282	0.40449985804141264
2	2	Normalized kNN (full)	0.9076352067868505	0.76890709478746	0.5426299045599151	0.6700751044249185	0.5040961927216842
5	20	iMF (test)	1.0	0.7193110449001857	0.528101802757158	0.6577379578555534	0.49084454354510254
2	2	Random	0.9076352067868505	0.6067366057707196	0.45047720042417816	0.6142216894858509	0.4393856790133574
5	20	Normalized kNN (full)	1.0	0.6694797327782781	0.47656415694591725	0.5482757201697475	0.426478483648117
5	20	Random	1.0	0.304369824290174	0.24931071049840933	0.28017159927497	0.2205438351759419
2	2	iMF (full)	0.9076352067868505	0.7964005766631287	0.5638388123011665	0.6938988733731699	0.5246351025358226
2	2	Popularity	0.9076352067868505	0.7352908775433594	0.5277836691410392	0.6718409445749155	0.49911956858025514
2	2	kNN (test)	0.9076352067868505	0.7962941099029512	0.5634146341463414	0.6953846720074143	0.5253349635781841
5	20	iMF (full)	1.0	0.7679321313969715	0.543372216330859	0.673555490644123	0.5048622020534046
5	20	Popularity	1.0	0.628473752837676	0.44888653234358433	0.5565398415663864	0.41503091764974515
5	20	kNN (test)	1.0	0.754846902004955	0.5372216330858961	0.6660513516334883	0.498485419900956
4	200	Average Rating	1.0	0.22042321799956657	0.19278897136797457	0.1620712430462865	0.14913738576964708
4	200	iMF (test)	1.0	0.625288258392602	0.46691410392364796	0.5573457586935018	0.421408075614009
2	2	Normalized kNN (test)	0.9076352067868505	0.8157877082879995	0.5753976670201485	0.7091648053266896	0.537333581145849
2	2	kNN (full)	0.9076352067868505	0.7966434783314879	0.563626723223754	0.6965579169795453	0.5257587407658221
4	200	Normalized kNN (full)	1.0	0.6275710211570044	0.44740190880169667	0.47309211399147916	0.3842527289484834
4	200	Random	1.0	0.05552385630484454	0.048356309650053025	0.04137441825210504	0.03622664168692221
5	20	Normalized kNN (test)	1.0	0.6491440003346949	0.48303287380699894	0.5897769413554363	0.442496865566185
5	20	kNN (full)	1.0	0.7564576263689237	0.5369034994697773	0.6635190174667234	0.49746884831812316
4	200	iMF (full)	1.0	0.7510064949171601	0.5360551431601273	0.6474136116200249	0.4895297729017891
4	200	Popularity	1.0	0.6375627768896409	0.45546129374337224	0.5604631075677573	0.41634008835094755
4	200	kNN (test)	1.0	0.7476527220244136	0.5287380699893955	0.6397516365933669	0.48154808414654493
4	200	Normalized kNN (test)	1.0	0.433453256099224	0.3486744432661718	0.36413352107456665	0.2978369498193878
4	200	kNN (full)	1.0	0.7454455830702093	0.5271474019088017	0.6364770351036093	0.47961125933883464
2	0	Average Rating	0.8369034994697774	0.8133026551801829	0.5717921527041357	0.7061480452201289	0.5344464926303985
2	0	iMF (test)	0.8369034994697774	0.817620968066312	0.5801696712619301	0.7110366873395811	0.5399270742637977
2	0	Normalized kNN (full)	0.8369034994697774	0.7850088449358166	0.5537645811240721	0.6845494423881218	0.5164634087464669
2	0	Random	0.8369034994697774	0.6805313391655295	0.48589607635206783	0.6508812126047077	0.47232836649233784
5	10	Average Rating	0.9998939554612937	0.6459464352695155	0.48547189819724285	0.6169423095995598	0.45247288453222845
5	10	iMF (test)	0.9998939554612937	0.7360343115611503	0.5404029692470838	0.677750381444421	0.5042411314452523
5	10	Normalized kNN (full)	0.9998939554612937	0.7054851923201472	0.5	0.6065672353964603	0.4572772068879705
5	10	Random	0.9998939554612937	0.40583916513454726	0.3267232237539767	0.41504942743795437	0.30444486688910766
2	0	iMF (full)	0.8369034994697774	0.8020735681607349	0.5670201484623543	0.6976613122646678	0.5279294408867224
2	0	Popularity	0.8369034994697774	0.7426297439044607	0.531813361611877	0.6773371656861948	0.5036856037887627
2	0	kNN (test)	0.8369034994697774	0.7972673305618926	0.5643690349946978	0.6966942378981043	0.5264337393054757
5	10	iMF (full)	0.9998939554612937	0.7801918099256729	0.5522799575821845	0.689155621450747	0.5153652799602891
5	10	Popularity	0.9998939554612937	0.6920753839918048	0.4900318133616119	0.6212394809824405	0.4583209252754821
4	50	Average Rating	1.0	0.4571034409923635	0.3390243902439024	0.3452225303013419	0.2853927163607274
5	10	kNN (test)	0.9998939554612937	0.7648384021386556	0.543796394485684	0.6793124277789758	0.5067404330039774
4	50	iMF (test)	1.0	0.6661482876073861	0.4939554612937434	0.6004685328009016	0.44948457146226223
4	50	Normalized kNN (full)	1.0	0.6406924081817823	0.45726405090137856	0.4967266993307305	0.3969392562097148
4	50	Random	1.0	0.17539596473884653	0.15217391304347827	0.1514124571284664	0.12501478686087808
2	0	Normalized kNN (test)	0.8369034994697774	0.8162610714218465	0.5757158006362673	0.7096192819211449	0.5377078559883417
2	0	kNN (full)	0.8369034994697774	0.7978041451059865	0.5646871686108166	0.6980206583150332	0.5269779793682228
5	10	Normalized kNN (test)	0.9998939554612937	0.6771467204456946	0.5030752916224814	0.634214513668211	0.4680525030862161
5	10	kNN (full)	0.9998939554612937	0.7681131696937605	0.5448568398727465	0.6801023751953621	0.5076135126992661
4	50	iMF (full)	1.0	0.7515784266098355	0.5341463414634147	0.64932259543045	0.4889294142339665
4	50	Popularity	1.0	0.6375627768896409	0.45546129374337224	0.5604631075677573	0.41634008835094755
4	50	kNN (test)	1.0	0.7512295583581071	0.5316012725344645	0.6459817532423594	0.4851873722768193
4	50	Normalized kNN (test)	1.0	0.5207235345113893	0.3994697773064687	0.4311844031920569	0.344643867182963
4	50	kNN (full)	1.0	0.7495345295708389	0.5304347826086956	0.6438446056737249	0.4838377777659643
1	100	Average Rating	1.0	0.3927958702603935	0.3090137857900318	0.32825402654428676	0.26768927565878936
1	100	iMF (test)	1.0	0.6689017438517305	0.48939554612937436	0.596239538934395	0.44770334202872647
1	100	Normalized kNN (full)	1.0	0.6281859133931815	0.4459172852598091	0.48324102003059427	0.38948448665818436
1	100	Random	1.0	0.10016105099416622	0.09141039236479322	0.08278672246178757	0.07176691200649554
5	1	Average Rating	0.8734888653234358	0.8036812465065793	0.5641569459172853	0.7071300414235695	0.5288227203598241
5	1	iMF (test)	0.8734888653234358	0.8253612774229385	0.5813361611876989	0.7213812152329184	0.5436434493313949
5	1	Normalized kNN (full)	0.8734888653234358	0.785018690574104	0.5564156945917286	0.697447500935274	0.5207628048482501
5	1	Random	0.8734888653234358	0.6419951739532943	0.46691410392364796	0.6394528903039131	0.4560035134973002
1	100	iMF (full)	1.0	0.7496746263759576	0.5277836691410392	0.6482928188060675	0.48668304179159744
1	100	Popularity	1.0	0.6192837756304493	0.4417815482502651	0.543974869871809	0.40619618997921797
1	100	kNN (test)	1.0	0.7476922530078902	0.5286320254506893	0.650287929197386	0.4884048224183573
1	100	Normalized kNN (test)	1.0	0.4737241835802838	0.3844114528101803	0.42616886104963225	0.3376770976408658
5	1	iMF (full)	0.8734888653234358	0.8059577404755812	0.5656415694591729	0.7078118456137003	0.5296619131273738
5	1	Popularity	0.8734888653234358	0.750856576625864	0.5337221633085896	0.6904727421071931	0.5090118472966546
4	1000	Average Rating	1.0	0.029330630610762642	0.03234358430540827	0.023358931729137805	0.023747284111542328
1	100	kNN (full)	1.0	0.7470936925289168	0.528101802757158	0.6493155588867707	0.4877083921911212
5	1	kNN (test)	0.8734888653234358	0.8033850345222088	0.5663838812301166	0.7100283663506721	0.5312769644443711
4	1000	iMF (test)	1.0	0.31823811051185263	0.25143160127253444	0.27647535813089696	0.21883760957380857
4	1000	Normalized kNN (full)	1.0	0.4557063556113646	0.3297985153764581	0.37576119838548655	0.28904144956758393
4	1000	Random	1.0	0.014929381886315533	0.01357370095440085	0.010210443681554807	0.009562501414997735
5	1	Normalized kNN (test)	0.8734888653234358	0.814098205004627	0.5702014846235419	0.712097715693605	0.5337196998325565
5	1	kNN (full)	0.8734888653234358	0.8053664924532885	0.5667020148462354	0.7097485691838825	0.5313260473130212
4	1000	iMF (full)	1.0	0.6002174777668071	0.4266171792152704	0.4988001683832217	0.3787451492822041
4	1000	Popularity	1.0	0.4049362760224376	0.2984093319194061	0.3232227811601071	0.25377194720175306
4	1000	kNN (test)	1.0	0.5911990074542979	0.419406150583245	0.4834083195862919	0.3696755648727708
4	1000	Normalized kNN (test)	1.0	0.08711280479038903	0.08748674443266172	0.08075645157729466	0.07128596956954186
4	1000	kNN (full)	1.0	0.5903572841887964	0.41951219512195126	0.48180737451234634	0.3695487042965111
1	200	Average Rating	1.0	0.23698171154883926	0.21113467656415694	0.19391659461059652	0.16988973730562337
1	200	iMF (test)	1.0	0.6432676604169736	0.4767762460233298	0.5787190603504387	0.4350672797510272
1	200	Normalized kNN (full)	1.0	0.6269017888845303	0.4451749734888653	0.4824552003152006	0.3887778047468799
1	200	Random	1.0	0.057571448331757036	0.04984093319194061	0.04710926675913142	0.04023872615597538
4	1682	Average Rating	1.0	0.02593385557694477	0.03064687168610817	0.022124469947950316	0.02245933635644806
4	1682	iMF (test)	1.0	0.13123528097662385	0.10583244962884411	0.11167778415793239	0.08914421787806409
5	2	Average Rating	0.9083775185577943	0.8035569022178511	0.5640509013785789	0.7069179523461568	0.5286813276415492
4	1682	Normalized kNN (full)	1.0	0.1867657488414853	0.1423117709437964	0.17595003880927906	0.1272314327212492
4	1682	Random	1.0	0.00849089707194298	0.007423117709437964	0.006659979530484214	0.00532891757898416
5	2	iMF (test)	0.9083775185577943	0.823601538553855	0.58101802757158	0.7212488424872187	0.5433642169775645
1	200	iMF (full)	1.0	0.7475331814253289	0.5259809119830329	0.6475753082708062	0.48509963144346707
1	200	Popularity	1.0	0.6192837756304493	0.4417815482502651	0.543974869871809	0.40619618997921797
5	2	Normalized kNN (full)	0.9083775185577943	0.7752392194719638	0.5495227995758218	0.6873858705661144	0.5128828024298426
5	2	Random	0.9083775185577943	0.6108188245013146	0.45206786850477204	0.6221524487740142	0.44216534355121334
1	200	kNN (test)	1.0	0.7470328679212526	0.5282078472958643	0.6489876211632497	0.4877886855973674
4	1682	iMF (full)	1.0	0.3519401290107672	0.25715800636267233	0.27663159994784364	0.21750905446863916
4	1682	Popularity	1.0	0.16152981543802306	0.12767762460233298	0.12458786267262455	0.1021973931150986
4	1682	kNN (test)	1.0	0.3165220021774868	0.22873806998939555	0.2501880509981915	0.19269551813046965
1	200	Normalized kNN (test)	1.0	0.36698020129739234	0.33022269353128314	0.3635132684992311	0.28905487081505116
5	2	iMF (full)	0.9083775185577943	0.8041391298452212	0.5658536585365854	0.7086194298771932	0.5301532801518147
5	2	Popularity	0.9083775185577943	0.7507613977990617	0.5337221633085896	0.6904727421071931	0.5090118472966546
1	200	kNN (full)	1.0	0.7456780746270334	0.5271474019088017	0.6462124936946282	0.48628468542152214
5	2	kNN (test)	0.9083775185577943	0.8032515872906154	0.5663838812301166	0.7100283663506721	0.5312769644443711
4	1682	Normalized kNN (test)	1.0	0.041971139813518035	0.043584305408271476	0.03211497371509342	0.03224244558201242
4	1682	kNN (full)	1.0	0.31575076596496154	0.22831389183457054	0.25081621707538915	0.19245687874850056
5	2	Normalized kNN (test)	0.9083775185577943	0.814053827333517	0.5702014846235419	0.712097715693605	0.5337196998325565
5	2	kNN (full)	0.9083775185577943	0.8051430606595968	0.5668080593849417	0.7099253100817264	0.5314586029864041
1	50	Average Rating	1.0	0.49532421703305224	0.36935312831389183	0.4117706584099134	0.3249259549397845
1	50	iMF (test)	1.0	0.6741290982440772	0.49247083775185574	0.6018122462803183	0.45248143411551245
1	50	Normalized kNN (full)	1.0	0.6381445752920786	0.4530222693531283	0.5006436637899844	0.3986843143081202
1	50	Random	1.0	0.18134643649623022	0.1528101802757158	0.15177279598517157	0.12709912231327472
4	500	Average Rating	1.0	0.11734911450541595	0.11484623541887592	0.11459809598934369	0.09596722916492728
5	0	Average Rating	0.8354188759278897	0.8122202720149321	0.567762460233298	0.7122373413346869	0.5329004302965591
4	500	iMF (test)	1.0	0.5398158046881194	0.4029692470837752	0.4703806840803726	0.3594851510906309
5	0	iMF (test)	0.8354188759278897	0.825973778599349	0.5818663838812301	0.722568972022002	0.5442773141914847
4	500	Normalized kNN (full)	1.0	0.588674139581011	0.41972428419936375	0.453118051805774	0.36248711798394023
4	500	Random	1.0	0.024348667920279718	0.02269353128313892	0.016705998389896413	0.016255469407283278
1	50	iMF (full)	1.0	0.7504981476425542	0.5283138918345706	0.6493980387172805	0.48736190039068145
1	50	Popularity	1.0	0.6192837756304493	0.4417815482502651	0.543974869871809	0.40619618997921797
5	0	Normalized kNN (full)	0.8354188759278897	0.7924639310586209	0.5592788971367975	0.7015605759126119	0.5240787813927112
5	0	Random	0.8354188759278897	0.6764501088740891	0.4818663838812301	0.6534912609672594	0.46964379951164054
1	50	kNN (test)	1.0	0.7496640588684444	0.5300106044538706	0.6544514397765911	0.49037542249731
4	500	iMF (full)	1.0	0.7061405811600988	0.5011664899257688	0.5936868858200349	0.4516795487826149
4	500	Popularity	1.0	0.5902383372465491	0.41664899257688226	0.47199664903514443	0.36729977296332317
1	50	Normalized kNN (test)	1.0	0.5084134730060602	0.40466595970307534	0.46582515280177	0.36093123599126153
4	500	kNN (test)	1.0	0.7068914979288373	0.4965005302226935	0.5835495883810793	0.44476408991095867
5	0	iMF (full)	0.8354188759278897	0.8057138741547865	0.5667020148462354	0.70895022874791	0.5306895209764115
1	50	kNN (full)	1.0	0.748731289934573	0.5293743372216331	0.6524905828730355	0.48944450687246704
5	0	Popularity	0.8354188759278897	0.7549901940625743	0.5358430540827147	0.6937799009551792	0.5115406765433727
5	0	kNN (test)	0.8354188759278897	0.8045707471320538	0.5674443266171793	0.7114965782377599	0.5324965860765815
4	500	Normalized kNN (test)	1.0	0.27889795539297746	0.23785790031813364	0.2310858071750385	0.1981727485411578
4	500	kNN (full)	1.0	0.7050809938261783	0.4948038176033934	0.5802011082335222	0.4428260849426511
5	0	Normalized kNN (test)	0.8354188759278897	0.8188464192555857	0.5730646871686108	0.7164598876326593	0.5370402021337344
5	0	kNN (full)	0.8354188759278897	0.8065852033420533	0.5675503711558855	0.7109853346571274	0.5323231468653871
1	1000	Average Rating	1.0	0.03784756353322083	0.043690349946977736	0.04163614695893853	0.03494793824657579
1	1000	iMF (test)	1.0	0.31848435647839235	0.24485683987274656	0.2917975186416075	0.2194918934409087
1	1000	Normalized kNN (full)	1.0	0.46065676479163803	0.3337221633085896	0.3826520976697656	0.2949390595299636
1	1000	Random	1.0	0.014565626337045683	0.011876988335100744	0.012843074854853368	0.009964600365023127
4	5	Average Rating	0.9689289501590669	0.6958395494745292	0.5204665959703075	0.6625186437368593	0.48635063703442105
4	5	iMF (test)	0.9689289501590669	0.7692246487702571	0.5613997879109226	0.6930780799947164	0.5189518882164962
4	5	Normalized kNN (full)	0.9689289501590669	0.7344674486310921	0.5255567338282079	0.6455202819739896	0.48158896079379476
4	5	Random	0.9689289501590669	0.5378330712149384	0.4063626723223754	0.5526293443897461	0.3875015531287677
1	1000	iMF (full)	1.0	0.6027701395891885	0.4216330858960764	0.49479206028588923	0.37737337198316534
1	1000	Popularity	1.0	0.3975186924069228	0.2934252386002121	0.3200454984433101	0.25239210871598955
1	1000	kNN (test)	1.0	0.5969037450686314	0.4219512195121951	0.48933274996321885	0.3753547942474144
4	5	iMF (full)	0.9689289501590669	0.7901806450870399	0.5626723223753977	0.6940335332730189	0.5203536158436827
4	5	Popularity	0.9689289501590669	0.7200568953201256	0.512407211028632	0.6533107277228579	0.47918567633804776
4	5	kNN (test)	0.9689289501590669	0.7814576305897619	0.5545068928950159	0.686034614424595	0.5127058290036148
1	1000	Normalized kNN (test)	1.0	0.09846586092155875	0.10455991516436905	0.09181539626787305	0.08213866504026314
1	1000	kNN (full)	1.0	0.5962009164334292	0.4217391304347826	0.4908397944750387	0.375767822991305
4	5	Normalized kNN (test)	0.9689289501590669	0.7153818488300661	0.5283138918345706	0.6671177883219942	0.4916895323235915
4	5	kNN (full)	0.9689289501590669	0.7815733221776574	0.5540827147401909	0.6853892019591359	0.5121555521259785
1	1682	Average Rating	1.0	0.01876229692439704	0.022163308589607637	0.015718491772926283	0.015972156087149584
1	1682	iMF (test)	1.0	0.13570005496316417	0.10880169671261931	0.1209273314374816	0.0924023692371739
1	1682	Normalized kNN (full)	1.0	0.19064809201095007	0.14549310710498412	0.18203813326297166	0.13142391383554702
1	1682	Random	1.0	0.0075833573590820165	0.006362672322375398	0.005807881737651979	0.004834257457920996
1	1682	iMF (full)	1.0	0.36082501320252525	0.2583244962884411	0.2867327576414463	0.22192346389530798
1	1682	Popularity	1.0	0.17379069834055935	0.13584305408271474	0.1414834072128964	0.11216075264519923
1	1682	kNN (test)	1.0	0.32901311809268197	0.23679745493107107	0.2627868663624222	0.20100456825645951
4	20	Average Rating	1.0	0.5514919976680817	0.4179215270413574	0.5167646899435419	0.37884325361933024
4	20	iMF (test)	1.0	0.735842793070018	0.5371155885471898	0.6580959234662062	0.4928709406337968
4	20	Normalized kNN (full)	1.0	0.6643334446274716	0.47232237539766697	0.5378068506129902	0.4169352696441957
4	20	Random	1.0	0.29997891904739743	0.2513255567338282	0.2798723824466554	0.2197174815222926
1	1682	Normalized kNN (test)	1.0	0.04248042986338403	0.04581124072110287	0.034331917685873764	0.0335729962333301
1	1682	kNN (full)	1.0	0.32999764131133874	0.2388123011664899	0.26479221800404884	0.2030879902947577
4	20	iMF (full)	1.0	0.7663315026812569	0.5464475079533404	0.6690658746812729	0.5021030318232338
4	20	Popularity	1.0	0.6380572669353481	0.45567338282078473	0.5620537756483511	0.4167096375009845
4	20	kNN (test)	1.0	0.7615840192441555	0.5391304347826087	0.6611825224860768	0.49472795297976957
4	20	Normalized kNN (test)	1.0	0.6463392604701829	0.47879109225874866	0.5842903772424772	0.4340057580189979
4	20	kNN (full)	1.0	0.7609276056667996	0.5386002120890774	0.6610985150140606	0.49427295295060525
1	500	Average Rating	1.0	0.11117352711864002	0.12269353128313892	0.1297012014779847	0.10596522831517238
1	500	iMF (test)	1.0	0.5693568337449615	0.41707317073170735	0.5020766703713372	0.3788714173324758
1	500	Normalized kNN (full)	1.0	0.5915576548074639	0.4178154825026511	0.45414784732932506	0.3643680897446952
1	500	Random	1.0	0.028050132314835274	0.024178154825026513	0.02393781153162757	0.019125199148043875
1	500	iMF (full)	1.0	0.7145007821047837	0.4981972428419936	0.6050888963078703	0.4565282267116137
1	500	Popularity	1.0	0.593032250525066	0.4211028632025451	0.4901225657013712	0.37849370450356007
1	500	kNN (test)	1.0	0.7186066199936317	0.5046659597030753	0.6056668198840983	0.460463179400844
4	10	Average Rating	0.9997879109225875	0.6426748807386421	0.4853658536585366	0.6158960800885099	0.4491075787519037
4	10	iMF (test)	0.9997879109225875	0.7483816726329906	0.5460233297985153	0.6733956920251887	0.5026845741620531
4	10	Normalized kNN (full)	0.9997879109225875	0.6939881781527013	0.4935312831389183	0.5853325274572853	0.44370290029788223
4	10	Random	0.9997879109225875	0.4199216415925582	0.33849416755037115	0.43609158217264765	0.3124496642639573
1	500	Normalized kNN (test)	1.0	0.27507173077893915	0.25365853658536586	0.24263285229080803	0.20798658169319945
1	500	kNN (full)	1.0	0.7178668209720974	0.504559915164369	0.6052917504983815	0.46040822816268095
4	10	iMF (full)	0.9997879109225875	0.7766335520178667	0.5535524920466596	0.6827223883516871	0.5109755159356251
4	10	Popularity	0.9997879109225875	0.6656203094705775	0.4775185577942736	0.6026513561009749	0.4415436451429742
4	10	kNN (test)	0.9997879109225875	0.769004301614326	0.5431601272534465	0.6699509750774351	0.4999479784308277
4	10	Normalized kNN (test)	0.9997879109225875	0.6746594608734873	0.5002120890774125	0.6254978010090493	0.4598972935645998
4	10	kNN (full)	0.9997879109225875	0.7698148063122072	0.5435843054082715	0.6711146094416078	0.5006049735375226
1	5	Average Rating	0.9732767762460233	0.737957335364129	0.5378579003181336	0.6908070526922678	0.5085698368679163
1	5	iMF (test)	0.9732767762460233	0.7752642169167432	0.5623541887592789	0.707627579071628	0.526407855373516
1	5	Normalized kNN (full)	0.9732767762460233	0.7353261584990988	0.5253446447507953	0.6576917492242685	0.4889047307260756
1	5	Random	0.9732767762460233	0.5399878367407256	0.4097560975609756	0.5685426424477092	0.39859454134801525
4	1	Average Rating	0.8655355249204666	0.8160861175378158	0.5692470837751855	0.7054356080124857	0.5290550142159274
4	1	iMF (test)	0.8655355249204666	0.8306483198440001	0.584305408271474	0.7161236285747534	0.5406235273805146
1	5	iMF (full)	0.9732767762460233	0.7936844083951028	0.5581124072110286	0.7029217464886601	0.5227055223331626
1	5	Popularity	0.9732767762460233	0.718532297082106	0.5094379639448569	0.6617422277995976	0.4825114230762465
1	5	kNN (test)	0.9732767762460233	0.7863313229918326	0.5571580063626723	0.7039834980592278	0.5227169870305693
4	1	Normalized kNN (full)	0.8655355249204666	0.7798881501420312	0.5503711558854719	0.6814055521437218	0.5085652853965247
4	1	Random	0.8655355249204666	0.6327117333875291	0.46076352067868503	0.6269519259255102	0.4456394942604244
4	1	iMF (full)	0.8655355249204666	0.8053853413072976	0.5686108165429481	0.7026468444428828	0.5270788680621389
4	1	Popularity	0.8655355249204666	0.75090211373443	0.5325556733828207	0.6803177148622854	0.5014155867372411
1	5	Normalized kNN (test)	0.9732767762460233	0.7388127983992677	0.5411452810180276	0.6946712740490301	0.5119868125601751
4	1	kNN (test)	0.8655355249204666	0.8094158442256143	0.5669141039236479	0.7020244995432808	0.5262097036077547
1	5	kNN (full)	0.9732767762460233	0.785111389022307	0.5563096500530222	0.7016130109876947	0.5215872835297319
4	1	Normalized kNN (test)	0.8655355249204666	0.8216047611010143	0.5723223753976671	0.7078368959422103	0.5314661659691138
4	1	kNN (full)	0.8655355249204666	0.8085409384612708	0.5665959703075291	0.7017804744556142	0.5257939376521495
1	20	Average Rating	1.0	0.6338050318757207	0.47041357370095443	0.5665000357350142	0.4285571357586892
1	20	iMF (test)	1.0	0.7285645962729091	0.5279957582184517	0.6585545082523263	0.48968401031976494
1	20	Normalized kNN (full)	1.0	0.6615877959855192	0.47232237539766697	0.5424064635833918	0.42304669967814157
1	20	Random	1.0	0.28947700038732926	0.24432661717921528	0.27816133384064995	0.21690115698163384
4	2	Average Rating	0.8995758218451749	0.8158610322886004	0.5691410392364794	0.7051704966657202	0.5289035220177756
4	2	iMF (test)	0.8995758218451749	0.8258658848515068	0.5827147401908802	0.7142530429006018	0.538881951389862
4	2	Normalized kNN (full)	0.8995758218451749	0.773244865515986	0.5459172852598091	0.6753570274976362	0.5034606140550549
4	2	Random	0.8995758218451749	0.611537406978734	0.4495227995758218	0.6129039966566101	0.43358504506151796
1	20	iMF (full)	1.0	0.7635919338507954	0.5364793213149522	0.6692027872368947	0.4985916463559896
1	20	Popularity	1.0	0.6221212159425966	0.44400848356309647	0.5502272247986072	0.40935518851693925
1	20	kNN (test)	1.0	0.758073219692398	0.5361611876988336	0.6688491017352287	0.49834587403092295
4	2	iMF (full)	0.8995758218451749	0.8064359969910815	0.5697773064687168	0.7028586575243978	0.5276681185838207
4	2	Popularity	0.8995758218451749	0.743998829605451	0.528525980911983	0.6744067338320042	0.4967888171675163
1	20	Normalized kNN (test)	1.0	0.6584348389939755	0.4908801696712619	0.6062810810416722	0.4523608073927976
4	2	kNN (test)	0.8995758218451749	0.8089174140190538	0.566489925768823	0.7018494418920832	0.5258079916244524
1	20	kNN (full)	1.0	0.7581082277209981	0.5360551431601273	0.6684610176052849	0.49816060140300256
4	2	Normalized kNN (test)	0.8995758218451749	0.8213681588003757	0.5722163308589608	0.7077190686769812	0.5313545401388967
4	2	kNN (full)	0.8995758218451749	0.8075846394122502	0.5658536585365854	0.7009750409354405	0.5249878444027146
1	10	Average Rating	0.9998939554612937	0.6814360328273845	0.5066808059384942	0.6536762770735036	0.4764136646167094
1	10	iMF (test)	0.9998939554612937	0.7623196347252229	0.5497348886532344	0.6911123354893435	0.513405862403988
1	10	Normalized kNN (full)	0.9998939554612937	0.6977874492078365	0.49607635206786854	0.5966133662037241	0.4528268141720562
1	10	Random	0.9998939554612937	0.4127859448997531	0.32545068928950155	0.4323412852338655	0.30706477744242233
4	0	Average Rating	0.8275715800636267	0.8162578274393606	0.5693531283138918	0.705553435277715	0.5291666400461444
4	0	iMF (test)	0.8275715800636267	0.8271941736698437	0.5840933191940615	0.7159377373331801	0.5403035566076091
4	0	Normalized kNN (full)	0.8275715800636267	0.7902676654409384	0.555779427359491	0.6887336546998201	0.5145826258873353
1	10	iMF (full)	0.9998939554612937	0.782291776961617	0.5504772004241781	0.6908358341869191	0.5141020913962631
1	10	Popularity	0.9998939554612937	0.6943924079380314	0.4919406150583245	0.6305144560959965	0.46143157897204984
4	0	Random	0.8275715800636267	0.6739334174849329	0.48207847295864265	0.6478519627990802	0.46506548019114624
1	10	kNN (test)	0.9998939554612937	0.7778659656813968	0.5498409331919406	0.6935860002001013	0.5146247964023474
1	10	Normalized kNN (test)	0.9998939554612937	0.6938941340334963	0.5177094379639449	0.6647189757733104	0.48689564588114104
1	10	kNN (full)	0.9998939554612937	0.7775235684991525	0.5501590668080594	0.6922512767746534	0.5148212492134435
4	0	iMF (full)	0.8275715800636267	0.8077750707367157	0.5700954400848357	0.7047899575416395	0.528969772841946
4	0	Popularity	0.8275715800636267	0.7511068058981487	0.5326617179215271	0.680529803939698	0.501556979455516
4	0	kNN (test)	0.8275715800636267	0.8100734986889264	0.5673382820784729	0.7032175006037262	0.5268169672054743
4	0	Normalized kNN (test)	0.8275715800636267	0.8217942675628359	0.5725344644750795	0.7080754961542994	0.5316900377730492
4	0	kNN (full)	0.8275715800636267	0.8089736148526482	0.5669141039236479	0.7026199937203721	0.5262380558057057
1	1	Average Rating	0.8697773064687169	0.8171442076644129	0.5679745493107106	0.7163974541339847	0.5343187238298305
1	1	iMF (test)	0.8697773064687169	0.8292527956456807	0.5790031813361611	0.7232032121262555	0.5417541226661099
1	1	Normalized kNN (full)	0.8697773064687169	0.7824021146998191	0.5509013785790032	0.6990237414249674	0.5177079804140499
1	1	Random	0.8697773064687169	0.6386473035123473	0.4652173913043478	0.6428036678310018	0.4562586516457713
1	1	iMF (full)	0.8697773064687169	0.8082185313193194	0.5653234358430541	0.7129860607172379	0.5306916307408179
1	1	Popularity	0.8697773064687169	0.7536424881709977	0.5319194061505833	0.6929309005086383	0.5076459289471644
1	1	kNN (test)	0.8697773064687169	0.8087297418507777	0.5646871686108166	0.7135771220800959	0.5309297230758573
1	1	Normalized kNN (test)	0.8697773064687169	0.8203656406961735	0.5741251325556733	0.7208832978021805	0.5390107033296603
1	1	kNN (full)	0.8697773064687169	0.8078830206364201	0.5642629904559915	0.7127066141947439	0.5304809082068351
1	2	Average Rating	0.9038176033934252	0.8158274375796849	0.5675503711558855	0.7159013171850376	0.5338640492063579
1	2	iMF (test)	0.9038176033934252	0.8277966943628384	0.578048780487805	0.7212589702011523	0.5406148073477826
1	2	Normalized kNN (full)	0.9038176033934252	0.7722636235867084	0.544220572640509	0.6890434042176948	0.5103156502155627
1	2	Random	0.9038176033934252	0.6153100004008081	0.45227995758218453	0.627821477928422	0.44314144019065055
1	2	iMF (full)	0.9038176033934252	0.8074919102778216	0.5641569459172853	0.7110410566453357	0.5290908974429992
1	2	Popularity	0.9038176033934252	0.7420236023931008	0.5257688229056203	0.6849668279369305	0.500894464458162
1	2	kNN (test)	0.9038176033934252	0.8075929946054905	0.5638388123011665	0.7124809724420588	0.5299916802966456
1	2	Normalized kNN (test)	0.9038176033934252	0.8176842112723811	0.5730646871686108	0.7196423506969705	0.5378816355069175
1	2	kNN (full)	0.9038176033934252	0.8063942471991726	0.5630965005302226	0.7111143276077594	0.5291588871632884
1	0	Average Rating	0.8291622481442206	0.8171579743163204	0.5679745493107106	0.7163974541339847	0.5343187238298305
1	0	iMF (test)	0.8291622481442206	0.82594340254564	0.575185577942736	0.720921096860047	0.5392235446821462
1	0	Normalized kNN (full)	0.8291622481442206	0.7920612564846231	0.5554612937433722	0.7044850429579425	0.5226811553152904
1	0	Random	0.8291622481442206	0.691369789549433	0.4853658536585366	0.6628762163237343	0.47493493397528713
1	0	iMF (full)	0.8291622481442206	0.8071901813108773	0.5655355249204665	0.712811251031315	0.5305991133465887
1	0	Popularity	0.8291622481442206	0.7538816393682164	0.5320254506892895	0.6930823927067901	0.5077706872279952
1	0	kNN (test)	0.8291622481442206	0.8088816239902495	0.5647932131495228	0.7136831666188022	0.5310357676145635
1	0	Normalized kNN (test)	0.8291622481442206	0.8205401876506127	0.5743372216330859	0.7211408345390385	0.5392415061491974
1	0	kNN (full)	0.8291622481442206	0.80822223778983	0.564475079533404	0.7129452144068329	0.5307047800107705
