fold	target size	recommender system	Coverage@10	nDCG@10	P@10	Recall@10	FScore@10
3	100	Average Rating	1.0	0.1374654176569299	0.10546448087431694	0.15103891869883512	0.09932804310865138
3	100	iMF (test)	1.0	0.31533988237880833	0.20491803278688525	0.3716459037260227	0.21144649550436503
3	100	Normalized kNN (full)	0.726775956284153	0.42693627813094215	0.2371584699453552	0.433056106616457	0.24591847298070946
3	100	Random	1.0	0.09407632083572903	0.06557377049180328	0.0975612176078264	0.05903018495142344
3	100	iMF (full)	1.0	0.45374929286872684	0.23114754098360654	0.47869316282607827	0.25618295215444786
3	100	Popularity	1.0	0.308619578364868	0.19508196721311477	0.37829882165586115	0.20482380870285355
3	100	kNN (test)	1.0	0.40229255441997963	0.24371584699453552	0.43769494789946417	0.25120249204518574
3	100	Normalized kNN (test)	1.0	0.25522140265903803	0.16612021857923495	0.2495433869260613	0.15920135074254874
3	100	kNN (full)	1.0	0.41423604039327216	0.24972677595628417	0.45149433915787174	0.2574976094677698
3	200	Average Rating	1.0	0.06508150704572166	0.05519125683060109	0.06090123027442217	0.04856383009781288
3	200	iMF (test)	1.0	0.25259082164771646	0.14972677595628417	0.3118365025898777	0.1598617477828303
3	200	Normalized kNN (full)	0.8060109289617486	0.3734738247388425	0.20218579234972678	0.40220279095881795	0.21725959576377699
3	200	Random	1.0	0.040478531059178195	0.030601092896174867	0.03687069661233917	0.024978837691803892
3	200	iMF (full)	1.0	0.3982463393246184	0.19562841530054642	0.4152233261309925	0.21793075720930255
3	200	Popularity	1.0	0.2844964999502983	0.17814207650273226	0.34343888044346094	0.18697902201055916
3	200	kNN (test)	1.0	0.35801172669955106	0.20109289617486337	0.37175382662565243	0.20719247438387123
3	200	Normalized kNN (test)	1.0	0.14464257268523767	0.1016393442622951	0.13230753765027312	0.09175582823933162
3	200	kNN (full)	1.0	0.3684203626220257	0.20765027322404372	0.38634740548152635	0.21609677683146333
2	100	Average Rating	1.0	0.12289109515551551	0.0994535519125683	0.1406583215530283	0.09177623186043132
2	100	iMF (test)	1.0	0.3111502635080308	0.1912568306010929	0.3548774132453803	0.2055674137382635
2	100	Normalized kNN (full)	0.703825136612022	0.40638497043791133	0.23114754098360654	0.3992272039251762	0.23762456277223112
2	100	Random	1.0	0.07333781209276119	0.0633879781420765	0.06651520401640384	0.05359145763033334
2	100	iMF (full)	1.0	0.47393669502534297	0.24153005464480876	0.4718917864016958	0.26655487376563497
2	100	Popularity	1.0	0.34439518638347866	0.21256830601092896	0.3818626450226659	0.22264866480425927
2	100	kNN (test)	1.0	0.4305338172763463	0.25901639344262295	0.4791813712723555	0.2742777635804104
2	100	Normalized kNN (test)	1.0	0.2752376806639152	0.17049180327868851	0.272664226992863	0.16743558723375881
2	100	kNN (full)	1.0	0.4355598046664243	0.2655737704918033	0.4768448432115393	0.2785232969151461
5	100	Average Rating	1.0	0.10499336801748489	0.0918032786885246	0.1288315299866343	0.08426313223041347
5	100	iMF (test)	1.0	0.3300091621160304	0.1923497267759563	0.4006152527758916	0.21064985804492078
5	100	Normalized kNN (full)	0.7185792349726776	0.4183669319640402	0.2262295081967213	0.4167440767073667	0.23873705327843422
5	100	Random	1.0	0.10004834402759967	0.07213114754098361	0.10534117435386733	0.06575707756231648
3	50	Average Rating	1.0	0.2038170977269818	0.1546448087431694	0.25136978916591585	0.15055326026639074
3	50	iMF (test)	1.0	0.44873696917696715	0.25846994535519124	0.5022711571646802	0.2788166068126786
3	50	Normalized kNN (full)	0.5781420765027322	0.5084244765531871	0.26284153005464483	0.46178292074426763	0.2702207503506802
3	50	Random	1.0	0.14510368184595154	0.10546448087431694	0.1472223392670998	0.10002813000111316
5	100	iMF (full)	1.0	0.4475771193108339	0.23497267759562843	0.48591818584551005	0.25740840946764754
5	100	Popularity	1.0	0.33484406545905365	0.20546448087431696	0.3897235525053729	0.2151092747206186
5	100	kNN (test)	1.0	0.4139648329452804	0.23989071038251367	0.4542894427756754	0.25158214902286197
5	100	Normalized kNN (test)	1.0	0.21346042166334392	0.14043715846994534	0.21679785796081416	0.13372610667023457
5	100	kNN (full)	1.0	0.4254887123345723	0.2459016393442623	0.45753780827513885	0.25580295219662325
3	50	iMF (full)	1.0	0.525115533862479	0.26010928961748636	0.5423937569240527	0.288760489529394
3	50	Popularity	1.0	0.44587842956539975	0.23770491803278687	0.48264074031793414	0.2575282633435405
3	50	kNN (test)	1.0	0.5462559317621376	0.29125683060109286	0.5423346837068309	0.30661345241530913
3	50	Normalized kNN (test)	1.0	0.3729691148504171	0.2366120218579235	0.3938345806306269	0.23645961750234237
3	50	kNN (full)	1.0	0.5514158934204808	0.29398907103825134	0.5457110991292122	0.30908269284591633
2	200	Average Rating	1.0	0.0613051321042983	0.048087431693989074	0.05955919048656956	0.04171005358018854
2	200	iMF (test)	1.0	0.2421258524746208	0.1448087431693989	0.27644093292461774	0.15436533173313202
2	200	Normalized kNN (full)	0.8038251366120218	0.348876526272927	0.19289617486338798	0.3566184702866236	0.20316484729703635
2	200	Random	1.0	0.04157034925699278	0.03224043715846995	0.05162582155408596	0.02946439505685151
2	200	iMF (full)	1.0	0.38269043304746986	0.19398907103825136	0.3861261845023013	0.21366517379903405
2	200	Popularity	1.0	0.3091141243098525	0.18524590163934426	0.3395822594520609	0.19502021719057874
2	200	kNN (test)	1.0	0.36413900478473477	0.20437158469945355	0.37734767120411544	0.2164984513364051
2	200	Normalized kNN (test)	1.0	0.14593257969714749	0.1098360655737705	0.14842050130169826	0.10297790209173527
2	200	kNN (full)	1.0	0.37239197270760355	0.21092896174863388	0.38556868279460094	0.22266984179805682
5	200	Average Rating	1.0	0.05742693874786864	0.05081967213114755	0.061779278432589305	0.044138474562598305
5	200	iMF (test)	1.0	0.24404141166231522	0.14207650273224043	0.29938318346716136	0.15530477193924952
5	200	Normalized kNN (full)	0.7928961748633879	0.3546533887943439	0.1825136612021858	0.36565393581721867	0.19902661854180723
5	200	Random	1.0	0.043552745154215436	0.03551912568306011	0.04014856686214392	0.032110189354728626
3	2000	Average Rating	1.0	0.014298015658866221	0.01092896174863388	0.008704488690827489	0.00872725381504032
3	2000	iMF (test)	1.0	0.06286012000698157	0.03825136612021858	0.09150146640744519	0.04452492599458779
3	2000	Normalized kNN (full)	0.976502732240437	0.17076609854809707	0.09508196721311477	0.22446106520359174	0.10934071416829286
3	2000	Random	1.0	0.004199654268592382	0.0032786885245901644	0.007660144955226922	0.0036202741276309576
5	200	iMF (full)	1.0	0.3753659793387467	0.18961748633879782	0.41004577445719037	0.21241687157433015
5	200	Popularity	1.0	0.30234105154309693	0.1830601092896175	0.3645775073237079	0.19563837007471896
5	200	kNN (test)	1.0	0.3536358212672999	0.19071038251366118	0.3712608598163413	0.2007928682685194
5	200	Normalized kNN (test)	1.0	0.12267210885485208	0.09071038251366122	0.1362443274447482	0.08461486308059676
5	200	kNN (full)	1.0	0.3673489069570341	0.19672131147540983	0.39000985520468096	0.20760990701086712
3	2000	iMF (full)	1.0	0.2383595216163601	0.11530054644808745	0.2635068380998146	0.13367691463131307
3	2000	Popularity	1.0	0.12517987988504056	0.07540983606557378	0.14346058108112109	0.07821383712152881
3	2000	kNN (test)	1.0	0.19243869821650758	0.11311475409836065	0.21252258930457257	0.11619604744229338
3	2000	Normalized kNN (test)	1.0	0.011206152091664342	0.012021857923497269	0.00936109615232084	0.008979232212531186
3	2000	kNN (full)	1.0	0.21382471067822081	0.126775956284153	0.24393930555735444	0.1313553944177848
3	10681	Average Rating	1.0	0.011693192513747664	0.00819672131147541	0.006212195010009218	0.006214747314650713
3	10681	iMF (test)	1.0	0.02865615301295534	0.018032786885245903	0.039472147463950745	0.02084003491689893
3	10681	Normalized kNN (full)	0.9978142076502732	0.09913584517315133	0.05245901639344262	0.1479137511000256	0.06610758951098927
3	10681	Random	1.0	7.096995172313702E-4	0.001092896174863388	2.733554646122952E-4	4.209975945419699E-4
2	50	Average Rating	1.0	0.2226777821927118	0.1792349726775956	0.28963851404527685	0.1785659770677356
2	50	iMF (test)	1.0	0.4339261607601174	0.2579234972677596	0.5018279373761894	0.28115006327893655
2	50	Normalized kNN (full)	0.5693989071038251	0.46973587727430594	0.25136612021857924	0.41833828526074585	0.25522361082295614
2	50	Random	1.0	0.12206849335321707	0.09071038251366122	0.14247301891382017	0.08754404977255863
3	10681	iMF (full)	1.0	0.16987461272314122	0.0825136612021858	0.19145458140797258	0.09603598894454027
3	10681	Popularity	1.0	0.08274030460057195	0.04972677595628415	0.09393965128053844	0.050255815643327505
3	10681	kNN (test)	1.0	0.14805930897789524	0.08743169398907104	0.16530597283771503	0.08913722342120758
3	10681	Normalized kNN (test)	1.0	0.0020319888381208503	0.0016393442622950822	5.594587561800677E-4	8.173368829106533E-4
3	10681	kNN (full)	1.0	0.15666909042515792	0.0896174863387978	0.17158192749843346	0.09223906361834118
2	50	iMF (full)	1.0	0.542673622950245	0.28469945355191256	0.5243528713075647	0.3050712516221185
2	50	Popularity	1.0	0.4486473304743305	0.23442622950819672	0.435014830825125	0.24776692344506923
2	50	kNN (test)	1.0	0.5424433329574566	0.2885245901639344	0.5258142712422667	0.3063602099881151
2	50	Normalized kNN (test)	1.0	0.3675145296880569	0.22240437158469947	0.38578197255235164	0.2290985252612887
2	50	kNN (full)	1.0	0.5476109285469282	0.292896174863388	0.5319617626054723	0.31044553065162106
5	50	Average Rating	1.0	0.18633659302665506	0.15737704918032788	0.25014012855295376	0.15317905714288077
5	50	iMF (test)	1.0	0.45880595990490053	0.2502732240437158	0.5168904810909617	0.27438626154582224
5	50	Normalized kNN (full)	0.5797814207650273	0.49439995409641363	0.25573770491803277	0.4511090154358891	0.2629554206105689
5	50	Random	1.0	0.11998533432376063	0.08633879781420765	0.14600222539114222	0.08135754864184189
5	50	iMF (full)	1.0	0.5154972010501474	0.2644808743169399	0.5410777553673308	0.2891420781444776
5	50	Popularity	1.0	0.46420061112178773	0.24153005464480876	0.47471778214333715	0.2555721341182582
5	50	kNN (test)	1.0	0.5567000195724291	0.2885245901639344	0.5526937111211515	0.3068616615080712
5	50	Normalized kNN (test)	1.0	0.3374069903293492	0.22131147540983606	0.3958863454997765	0.2265387702730545
5	50	kNN (full)	1.0	0.5634841654183422	0.29508196721311475	0.5590787980977348	0.3124264484161271
3	1000	Average Rating	1.0	0.01591277676729433	0.013114754098360657	0.009855932875058558	0.01006068055830313
3	1000	iMF (test)	1.0	0.09988645619086202	0.06775956284153006	0.14331470559572457	0.076483072330653
3	1000	Normalized kNN (full)	0.9420765027322404	0.22439899260893484	0.126775956284153	0.2948051952214601	0.14514622391122078
3	1000	Random	1.0	0.006561767715208996	0.006010928961748634	0.0025051223821715624	0.0030258640911603693
2	2000	Average Rating	1.0	0.01219049433290433	0.00819672131147541	0.012317062356723913	0.007044910351087602
2	2000	iMF (test)	1.0	0.08737832925846846	0.04480874316939891	0.101255923868565	0.049789558326184646
2	2000	Normalized kNN (full)	0.9841530054644808	0.18782329784255775	0.09726775956284153	0.21685515954448237	0.10887144248829064
2	2000	Random	1.0	0.009518843754090896	0.006010928961748634	0.008300129419907315	0.005471738949987082
3	1000	iMF (full)	1.0	0.2696975053735143	0.12622950819672132	0.2974908693994197	0.1469844243878763
3	1000	Popularity	1.0	0.1522703316276589	0.09890710382513662	0.18763749276486338	0.10231049595137325
3	1000	kNN (test)	1.0	0.2334170727057872	0.14153005464480875	0.27149278153778317	0.14744490331859902
3	1000	Normalized kNN (test)	1.0	0.025638580503624383	0.0273224043715847	0.027406016724563814	0.02334923086882372
3	1000	kNN (full)	1.0	0.2442758139008514	0.14426229508196722	0.2782689126087551	0.15084932807598558
2	2000	iMF (full)	1.0	0.232914900060469	0.11530054644808745	0.26745520900507685	0.13445214273609749
2	2000	Popularity	1.0	0.16112211663153556	0.0896174863387978	0.16263155680863622	0.09332102596501154
2	2000	kNN (test)	1.0	0.2107947838062923	0.12076502732240438	0.2155880286482612	0.12418842687018757
2	2000	Normalized kNN (test)	1.0	0.010769779423549333	0.009836065573770493	0.009963303381534987	0.008236657073458787
2	2000	kNN (full)	1.0	0.22367680344662708	0.1284153005464481	0.23179766454534487	0.1323973091636173
2	10681	Average Rating	1.0	0.008516513076853293	0.004918032786885246	0.009844615595541032	0.004890569869221718
2	10681	iMF (test)	1.0	0.03458708039254804	0.019672131147540985	0.05652771218578292	0.023449567070279634
2	10681	Normalized kNN (full)	0.9994535519125683	0.1264105046704447	0.061202185792349734	0.15108151555100074	0.07226955092302607
2	10681	Random	1.0	0.0011168437026693233	5.46448087431694E-4	0.00273224043715847	9.107468123861568E-4
1	100	Average Rating	1.0	0.1116412400029777	0.08579234972677596	0.12482240947798183	0.0790580768778057
1	100	iMF (test)	1.0	0.38966411559779596	0.22240437158469947	0.4269715278157323	0.23667670003023433
1	100	Normalized kNN (full)	0.7071038251366121	0.42002962497684726	0.23278688524590166	0.41202772580602154	0.24278666653556638
1	100	Random	1.0	0.0708903012524887	0.056284153005464486	0.07035876380243511	0.04876705550245719
2	10681	iMF (full)	1.0	0.16398518763802508	0.07377049180327869	0.19466662842777965	0.09074074359210227
2	10681	Popularity	1.0	0.11718003147936677	0.06721311475409837	0.13053193019759443	0.07047069291216732
2	10681	kNN (test)	1.0	0.16772053284066704	0.08852459016393442	0.1720560729069764	0.09366952347635196
2	10681	Normalized kNN (test)	1.0	0.0020187730535430005	0.0016393442622950822	0.0022055182023452777	0.0015296266525072547
2	10681	kNN (full)	1.0	0.17287328930044277	0.08961748633879782	0.1682129574623086	0.09282040660205355
1	100	iMF (full)	1.0	0.4787144011200835	0.2366120218579235	0.4918235811496889	0.26343466972465246
1	100	Popularity	1.0	0.3481626341579229	0.2092896174863388	0.4070575777048281	0.225051962651485
1	100	kNN (test)	1.0	0.4518853434262069	0.2530054644808743	0.47823191906071716	0.27005256551236445
1	100	Normalized kNN (test)	1.0	0.27200976063805754	0.1628415300546448	0.2706296386465656	0.15881037888601263
1	100	kNN (full)	1.0	0.46315639598616576	0.2579234972677596	0.48998340488551423	0.2756019649699653
2	5	Average Rating	0.8497267759562842	0.5391229618787886	0.359016393442623	0.6817172287861871	0.39591909328747144
2	5	iMF (test)	0.9010928961748634	0.6531573855180562	0.3693989071038251	0.6959326622460705	0.40387599702200283
2	5	Normalized kNN (full)	0.4245901639344262	0.5225908383940847	0.26994535519125684	0.4314788488861557	0.2695014219760341
2	5	Random	0.9010928961748634	0.4870095162635697	0.3098360655737705	0.6284101328776843	0.3480367735512438
2	5	iMF (full)	0.9010928961748634	0.6858349003061308	0.3672131147540984	0.6955175291021507	0.40234590201170767
2	5	Popularity	0.8497267759562842	0.6640686553178154	0.3573770491803279	0.6773762704731967	0.3926308512595082
2	5	kNN (test)	0.8475409836065574	0.7076678436941809	0.3797814207650273	0.6976517111606532	0.4117646216807195
2	5	Normalized kNN (test)	0.7797814207650272	0.6154288761300135	0.3622950819672131	0.6756790598227844	0.3952054082645995
2	5	kNN (full)	0.8158469945355192	0.7093232124298624	0.3797814207650273	0.696749933486885	0.41110953257006444
5	2000	Average Rating	1.0	0.008169883723720503	0.006557377049180329	0.0036691667344875907	0.0042681174162381656
5	2000	iMF (test)	1.0	0.06884110926352106	0.03989071038251366	0.0926194104588813	0.0448314575342432
5	2000	Normalized kNN (full)	0.980327868852459	0.177845454017088	0.09234972677595629	0.22343923898906795	0.10719533862731398
5	2000	Random	1.0	0.002893140881414388	0.002185792349726776	0.003812125943273484	0.0020890377421313435
4	100	Average Rating	1.0	0.10358890065953157	0.08743169398907104	0.11145446168245268	0.07839586807380891
4	100	iMF (test)	1.0	0.3330687111744848	0.20054644808743172	0.397163653223518	0.21601587865336794
4	100	Normalized kNN (full)	0.7114754098360655	0.4327967170269095	0.22786885245901642	0.4313778831694794	0.23963761610511408
4	100	Random	1.0	0.07258597334849393	0.053551912568306013	0.07409281182814348	0.04826239209458082
5	2000	iMF (full)	1.0	0.21640678928430954	0.10546448087431694	0.25123722829940953	0.12170058359110632
5	2000	Popularity	1.0	0.1408678662585322	0.08469945355191257	0.15342177490180384	0.08511596629833322
5	2000	kNN (test)	1.0	0.20653251191463082	0.119672131147541	0.2436163420867397	0.12722493479420013
5	2000	Normalized kNN (test)	1.0	0.007499443818291026	0.006557377049180329	0.008707619997159653	0.004851797276595859
5	2000	kNN (full)	1.0	0.21952596281658374	0.12459016393442623	0.2519042970563446	0.1322966637013776
5	10681	Average Rating	1.0	0.006890168604825953	0.004918032786885246	0.0029318955054130832	0.003323587961373714
5	10681	iMF (test)	1.0	0.03234977869463637	0.018032786885245903	0.05123973497348286	0.02151127176087351
5	10681	Normalized kNN (full)	1.0	0.11631483407068577	0.0644808743169399	0.16337303953838134	0.07591258315708677
5	10681	Random	1.0	0.002259662130684978	0.001092896174863388	0.0031876138433515485	0.001407517800960424
4	100	iMF (full)	1.0	0.4559667385995026	0.2306010928961749	0.4894178646105692	0.2565042213397732
4	100	Popularity	1.0	0.34901896313483455	0.21147540983606558	0.40649373258358806	0.22385788718476035
4	100	kNN (test)	1.0	0.4267422512911785	0.253551912568306	0.47806698705511874	0.26649136028412146
4	100	Normalized kNN (test)	1.0	0.21590048738681422	0.15737704918032788	0.2311431615874968	0.14917794617086236
4	100	kNN (full)	1.0	0.44108183909445914	0.2551912568306011	0.4884084180652296	0.26943953021345685
3	500	Average Rating	1.0	0.030035921596223362	0.025136612021857928	0.023112616486933427	0.01997770775253562
3	500	iMF (test)	1.0	0.15410306039948057	0.09071038251366122	0.19545759828466355	0.09822581673509194
3	500	Normalized kNN (full)	0.8978142076502733	0.27767994059679146	0.15355191256830603	0.32975305418892686	0.1687012939293043
3	500	Random	1.0	0.0191965310589159	0.01639344262295082	0.021478144654374164	0.013730109811414141
5	10681	iMF (full)	1.0	0.16049981751479034	0.07978142076502732	0.20413765085358096	0.0939231477481407
5	10681	Popularity	1.0	0.09596148723984553	0.05792349726775956	0.10903855910013106	0.05937731892036536
5	10681	kNN (test)	1.0	0.1582833369991668	0.09071038251366122	0.18831547553559028	0.0962830092645657
5	10681	Normalized kNN (test)	1.0	0.0011382167530619221	0.001092896174863388	5.299604296212549E-4	7.005744710662745E-4
5	10681	kNN (full)	1.0	0.16966524587727957	0.09672131147540983	0.1993626061467094	0.10313835310640906
2	1000	Average Rating	1.0	0.016590549815433987	0.014207650273224045	0.015323157376811605	0.010795512587170373
2	1000	iMF (test)	1.0	0.11612888386276699	0.06994535519125683	0.15078185071059466	0.07690032844588227
2	1000	Normalized kNN (full)	0.9562841530054644	0.22628796552721475	0.11693989071038252	0.2493735293495138	0.12946756616452398
2	1000	Random	1.0	0.005030978566711306	0.004371584699453552	0.003444620124507309	0.003340746906250459
3	500	iMF (full)	1.0	0.32201451919084506	0.15901639344262297	0.35127677283013187	0.17978954148582
3	500	Popularity	1.0	0.19848027784514818	0.12295081967213115	0.2352550966867103	0.12679230607707118
3	500	kNN (test)	1.0	0.2700336167795731	0.15683060109289618	0.30734309501586904	0.16556818433265297
3	500	Normalized kNN (test)	1.0	0.09078421748443333	0.0633879781420765	0.07319885893776926	0.05466516648545248
3	500	kNN (full)	1.0	0.28152684429571895	0.15956284153005465	0.31635756419788885	0.17002606858714275
1	200	Average Rating	1.0	0.05970588915926613	0.04918032786885246	0.058845334188164754	0.04294855447948587
1	200	iMF (test)	1.0	0.2588042700742213	0.146448087431694	0.30912974786718705	0.15731165846651923
1	200	Normalized kNN (full)	0.7956284153005464	0.3533440590790283	0.1923497267759563	0.3604394663429074	0.20337335657408973
1	200	Random	1.0	0.04667249491511021	0.034972677595628415	0.051919087797955954	0.03209909609943185
2	500	Average Rating	1.0	0.03324902483569935	0.029508196721311476	0.03241567601000769	0.024182226840984287
2	500	iMF (test)	1.0	0.1730818403945489	0.10710382513661203	0.22395742995243806	0.11575181160230959
2	500	Normalized kNN (full)	0.8918032786885245	0.27167261847771174	0.14808743169398908	0.290251090378406	0.15922533994803265
2	500	Random	1.0	0.01866739677178725	0.016939890710382516	0.015238297229663786	0.012841664384004154
2	1000	iMF (full)	1.0	0.2689486102084771	0.13278688524590165	0.2855775639427251	0.1503712739117879
2	1000	Popularity	1.0	0.1764114464672251	0.10218579234972677	0.18520928603983838	0.10585876597789302
2	1000	kNN (test)	1.0	0.23938200327767942	0.14371584699453552	0.2557976810887692	0.1487186775750329
2	1000	Normalized kNN (test)	1.0	0.04549590736040203	0.03333333333333333	0.04556118561728615	0.02950576381028818
2	1000	kNN (full)	1.0	0.25609560343474735	0.15245901639344264	0.2823561518492744	0.15944092180863645
2	20	Average Rating	1.0	0.4173752564414101	0.30327868852459017	0.5794506096738733	0.32923392355222125
2	20	iMF (test)	1.0	0.5649307710995859	0.3251366120218579	0.6253068329472725	0.3555873729414202
2	20	Normalized kNN (full)	0.5010928961748634	0.48885465532640326	0.26338797814207654	0.42807006341131015	0.26520165759210523
2	20	Random	1.0	0.24517591295102753	0.1759562841530055	0.3019211265036579	0.18018735161748253
1	200	iMF (full)	1.0	0.40378138531748226	0.19617486338797813	0.4145969639982351	0.217410376280503
1	200	Popularity	1.0	0.2978086692942405	0.1830601092896175	0.3551262579471718	0.19674867887473682
1	200	kNN (test)	1.0	0.36988223891510463	0.19726775956284154	0.39327583372803454	0.21318744790525926
1	200	Normalized kNN (test)	1.0	0.15239966875406305	0.1098360655737705	0.17029859545733253	0.10409777909159483
1	200	kNN (full)	1.0	0.3781937668136403	0.1989071038251366	0.39537950331612687	0.21431366588142542
2	500	iMF (full)	1.0	0.3104431478448052	0.1562841530054645	0.32083568144670466	0.17366649998688527
2	500	Popularity	1.0	0.22795006895975942	0.13278688524590165	0.2449549541374156	0.13825889914469744
2	500	kNN (test)	1.0	0.2745658909115707	0.16174863387978142	0.3040658204694152	0.1709867476953587
2	500	Normalized kNN (test)	1.0	0.08525581658079467	0.05792349726775956	0.08039894116137139	0.053821704362977965
2	500	kNN (full)	1.0	0.2844845602259953	0.16612021857923498	0.3127840091481224	0.17638325792888965
4	5	Average Rating	0.8573770491803279	0.5461127573252855	0.3530054644808743	0.7106574831298087	0.39025383971311944
4	5	iMF (test)	0.907103825136612	0.7017131737261749	0.3633879781420765	0.7335485696861217	0.40119144723896427
4	5	Normalized kNN (full)	0.44699453551912566	0.5653254842479846	0.2748633879781421	0.4839994079491039	0.2806299773130956
4	5	Random	0.907103825136612	0.5095547567150356	0.3038251366120219	0.6696205648764347	0.3473197017633021
2	20	iMF (full)	1.0	0.6057540967608466	0.3289617486338798	0.6134033677034633	0.3596038663882817
2	20	Popularity	1.0	0.5332632083864859	0.2983606557377049	0.5832726697232021	0.3291746714379963
2	20	kNN (test)	0.9978142076502732	0.6092664848777585	0.33770491803278685	0.6357624625246049	0.36685630873667224
2	20	Normalized kNN (test)	0.9841530054644808	0.5056633750787788	0.31420765027322406	0.5939984208964674	0.33891156254226357
2	20	kNN (full)	0.9846994535519125	0.6169376579565977	0.3437158469945355	0.6461215952679669	0.37301001919962046
4	5	iMF (full)	0.907103825136612	0.6850098573373533	0.351912568306011	0.7317485009680518	0.39625532711118483
4	5	Popularity	0.8573770491803279	0.6751101083755772	0.3513661202185792	0.7161383205284698	0.3915455237142823
4	5	kNN (test)	0.855191256830601	0.710883166436356	0.3672131147540984	0.722465642669786	0.4011368646207729
4	5	Normalized kNN (test)	0.7923497267759563	0.6052344353756531	0.3502732240437158	0.6977103740871075	0.38397777156689783
4	5	kNN (full)	0.8284153005464481	0.7145430601332058	0.36666666666666664	0.7185348484071727	0.399939866528857
4	200	Average Rating	1.0	0.0651587895069443	0.05519125683060109	0.05320582791207359	0.04376383182374489
4	200	iMF (test)	1.0	0.25168406919461256	0.14590163934426228	0.3049476655623059	0.156656366019758
4	200	Normalized kNN (full)	0.8092896174863388	0.37792124952021566	0.18961748633879782	0.39508564888668957	0.20655123649272994
4	200	Random	1.0	0.043765693201632365	0.03224043715846995	0.046616960067635584	0.028896089677363544
2	1	Average Rating	0.6852459016393443	0.7231410461962627	0.38142076502732236	0.7057683815931748	0.41696747862100414
2	1	iMF (test)	0.6912568306010929	0.7174917798503101	0.38633879781420766	0.7174130608306074	0.42125556345319076
2	1	Normalized kNN (full)	0.41475409836065574	0.5281851136571027	0.2715846994535519	0.4324861900574312	0.2707300430817044
2	1	Random	0.6912568306010929	0.6259606119858004	0.3562841530054645	0.6906819281317749	0.39609156019406977
4	200	iMF (full)	1.0	0.3799791302774955	0.18415300546448088	0.4019156878101276	0.20545870489259682
4	200	Popularity	1.0	0.3123782484818602	0.1825136612021858	0.3656599345054617	0.1960990940544331
4	200	kNN (test)	1.0	0.3628347980284628	0.19672131147540983	0.39906132397870714	0.21130426290693685
4	200	Normalized kNN (test)	1.0	0.13407799094608225	0.11038251366120218	0.1497261259802655	0.10068762294407849
4	200	kNN (full)	1.0	0.3781465666620293	0.20109289617486342	0.410541803421047	0.21728884805919665
5	1000	Average Rating	1.0	0.012178392257771047	0.012021857923497269	0.00653215750891001	0.007565495591020217
5	1000	iMF (test)	1.0	0.086056854407605	0.06065573770491804	0.13129926478920453	0.06485168627450676
5	1000	Normalized kNN (full)	0.9540983606557377	0.21886080505567324	0.11420765027322406	0.264873479559089	0.13102963663375378
5	1000	Random	1.0	0.008628972589414636	0.007650273224043717	0.006473894320698464	0.00606686538211979
2	1	iMF (full)	0.6912568306010929	0.7069458753003416	0.37923497267759565	0.7142791389192893	0.4171779436393462
2	1	Popularity	0.6852459016393443	0.7118313329822639	0.3743169398907104	0.6977867013611757	0.40982579152238224
2	1	kNN (test)	0.6836065573770491	0.7351281336620905	0.39016393442622954	0.7114763352311789	0.4233082925475899
2	1	Normalized kNN (test)	0.6644808743169398	0.7246718109171518	0.3846994535519126	0.6967787060898507	0.4147359627813896
2	1	kNN (full)	0.6650273224043716	0.7341034632983581	0.39016393442622954	0.7106618055713704	0.4226610013344788
3	5	Average Rating	0.8573770491803279	0.5606818350009597	0.3584699453551912	0.7281954834425904	0.39793496830687597
3	5	iMF (test)	0.9065573770491804	0.6845774266536974	0.36830601092896176	0.7335295112521084	0.40505660447131864
3	5	Normalized kNN (full)	0.4382513661202186	0.5627569651255262	0.28469945355191256	0.47716750272359404	0.28682123431185697
3	5	Random	0.9065573770491804	0.491691973121645	0.3016393442622951	0.642859770219542	0.33706074367556643
5	1000	iMF (full)	1.0	0.25859860019606207	0.13169398907103827	0.3059881240512619	0.1510233542817585
5	1000	Popularity	1.0	0.15567206067577913	0.09781420765027324	0.1802027254031473	0.09818043845779897
5	1000	kNN (test)	1.0	0.22797459688745786	0.13224043715846995	0.2590363577861107	0.13791662302223245
5	1000	Normalized kNN (test)	1.0	0.026658454116193955	0.025136612021857928	0.02609027884546698	0.01982083928498249
5	1000	kNN (full)	1.0	0.2462337442535885	0.14371584699453552	0.2749409146742741	0.14989155449739922
2	0	Average Rating	0.619672131147541	0.7299759315388318	0.3836065573770492	0.7095154541927065	0.4197104337265436
2	0	iMF (test)	0.6267759562841531	0.7202085279261918	0.3868852459016393	0.7236109950701118	0.4246233390539896
2	0	Normalized kNN (full)	0.41475409836065574	0.5281851136571027	0.2715846994535519	0.4324861900574312	0.2707300430817044
2	0	Random	0.6267759562841531	0.6535933745729379	0.35792349726775957	0.7046256137465597	0.40404611567004745
2	0	kNN (full)	0.6163934426229508	0.735040898207352	0.3907103825136612	0.71134486568066	0.4232681658760695
3	5	iMF (full)	0.9065573770491804	0.6814930373008038	0.3513661202185792	0.7087677114633881	0.38851387160321665
3	5	Popularity	0.8573770491803279	0.6677274518289609	0.351912568306011	0.7107451989270536	0.3902844368886053
3	5	kNN (test)	0.8540983606557377	0.7107184624148387	0.37759562841530053	0.7279601142960994	0.4085723114378782
3	5	Normalized kNN (test)	0.781967213114754	0.5843590364074442	0.34972677595628415	0.6806997020087666	0.38011650123654034
3	5	kNN (full)	0.8240437158469947	0.7118711744155626	0.3797814207650273	0.7251418424546037	0.40982128058813805
1	50	Average Rating	1.0	0.23052417646980475	0.17540983606557378	0.3644094764549282	0.19090063573898663
1	50	iMF (test)	1.0	0.47931908027220727	0.25573770491803277	0.5047138829861445	0.2766709585416275
1	50	Normalized kNN (full)	0.5825136612021857	0.4833280609881795	0.2617486338797814	0.43650631147136504	0.26732150031044066
1	50	Random	1.0	0.11633154549118578	0.08196721311475409	0.1347602668418119	0.08115135895901493
2	0	iMF (full)	0.6267759562841531	0.7246485459838723	0.38743169398907107	0.7233272825529661	0.42527278853248945
2	0	Popularity	0.619672131147541	0.7163478085534305	0.3765027322404372	0.7015337739607073	0.41256874662792176
2	0	kNN (test)	0.6180327868852459	0.7364676079792167	0.3907103825136612	0.7121593953404686	0.42391545708918066
2	0	Normalized kNN (test)	0.6043715846994535	0.7325962567049434	0.38633879781420766	0.6996475585488672	0.4168003222227982
2	10	Average Rating	0.8972677595628414	0.5379990822162201	0.3584699453551912	0.680806481973801	0.3952360331781818
2	10	iMF (test)	0.9994535519125683	0.6525342676275733	0.3721311475409836	0.6809295903538021	0.4057153339364125
2	10	Normalized kNN (full)	0.4245901639344262	0.5225908383940847	0.26994535519125684	0.4314788488861557	0.2695014219760341
2	10	Random	0.9994535519125683	0.357686527596809	0.24426229508196723	0.46225106289023904	0.2641725419624511
1	50	iMF (full)	1.0	0.5618251040147711	0.2814207650273224	0.5690266885555907	0.31197135869997
1	50	Popularity	1.0	0.47024862026538583	0.2459016393442623	0.4937438546373637	0.2690359741200079
1	50	kNN (test)	1.0	0.5782910846925049	0.30601092896174864	0.5795222436266415	0.32880187097139346
1	50	Normalized kNN (test)	1.0	0.3906623468935082	0.22786885245901642	0.41635100526912683	0.2367891754832987
1	50	kNN (full)	1.0	0.5830836427461152	0.30710382513661205	0.5789315447399977	0.3295799863878888
4	20	Average Rating	1.0	0.41231412222666075	0.29617486338797816	0.5898425896124353	0.32118873712050483
4	20	iMF (test)	1.0	0.5653479025495405	0.31748633879781424	0.6509935520990632	0.3490181595707342
4	20	Normalized kNN (full)	0.5262295081967213	0.5281600700891614	0.26721311475409837	0.47801358973581626	0.2745144450828757
4	20	Random	1.0	0.23909752383214145	0.1557377049180328	0.2883951229575171	0.15906630911866182
2	10	iMF (full)	0.9994535519125683	0.6565252707590166	0.3573770491803279	0.6458672113969952	0.3873369385356306
2	10	Popularity	0.8972677595628414	0.6640686553178154	0.3573770491803279	0.6773762704731967	0.3926308512595082
2	10	kNN (test)	0.8672131147540983	0.7076678436941809	0.3797814207650273	0.6976517111606532	0.4117646216807195
2	10	Normalized kNN (test)	0.7797814207650272	0.6154288761300135	0.3622950819672131	0.6756790598227844	0.3952054082645995
2	10	kNN (full)	0.8316939890710382	0.7093232124298624	0.3797814207650273	0.696749933486885	0.41110953257006444
4	20	iMF (full)	1.0	0.6115525118648266	0.31366120218579235	0.651081496235761	0.35072752679149327
4	20	Popularity	1.0	0.5399972066871009	0.29890710382513663	0.63145241599345	0.3334157957131692
4	20	kNN (test)	1.0	0.6179345265473513	0.32786885245901637	0.6509619641779858	0.3570995697926881
4	20	Normalized kNN (test)	0.9879781420765028	0.49305788299003006	0.3016393442622951	0.6091789504247498	0.32875847586268325
4	20	kNN (full)	0.9874316939890709	0.6283702997583105	0.33060109289617484	0.657076474004367	0.35957815921706743
4	50	Average Rating	1.0	0.21846994081682405	0.17704918032786884	0.28248803946186	0.17288295565734726
4	50	iMF (test)	1.0	0.4291226541971378	0.2546448087431694	0.4934768175068514	0.27454538252358013
4	50	Normalized kNN (full)	0.5868852459016394	0.5013471662137541	0.24972677595628417	0.46332360024603086	0.260263161420559
4	50	Random	1.0	0.138795998427132	0.10054644808743168	0.1530421062896228	0.09697414828714689
2	2	Average Rating	0.746448087431694	0.5577958183312849	0.3650273224043716	0.6908468915802666	0.4030187516086019
2	2	iMF (test)	0.7513661202185792	0.7021921573428243	0.3819672131147541	0.7128940636631188	0.41731680671564925
2	2	Normalized kNN (full)	0.41639344262295086	0.5264768285820102	0.27103825136612025	0.4322378045631441	0.2703885130270596
2	2	Random	0.7513661202185792	0.5769098526818018	0.34262295081967215	0.6806805449748603	0.3852587241609169
4	50	iMF (full)	1.0	0.5302364666255774	0.2612021857923497	0.552449344648924	0.2917477341807359
4	50	Popularity	1.0	0.45745829405180455	0.23825136612021858	0.4794256628087513	0.25668854825732257
4	50	kNN (test)	1.0	0.5541135285010393	0.2863387978142076	0.5531683625409172	0.30614261194170206
4	50	Normalized kNN (test)	1.0	0.3426423389314797	0.20765027322404372	0.33618481437046394	0.2056739597699475
4	50	kNN (full)	1.0	0.5682664143600739	0.29125683060109286	0.5646449261141158	0.3120142650702871
5	500	Average Rating	1.0	0.021468006926010235	0.02185792349726776	0.01636418256676693	0.0157707053328998
5	500	iMF (test)	1.0	0.1567450740763303	0.09289617486338798	0.2265879178086878	0.10855712960669325
5	500	Normalized kNN (full)	0.9010928961748634	0.2777516654933295	0.1469945355191257	0.31294704127313194	0.16250657623303355
5	500	Random	1.0	0.01466547217235292	0.014207650273224045	0.010731540905951912	0.010499481643724407
2	2	iMF (full)	0.7513661202185792	0.6984306831222736	0.37595628415300547	0.7082400691719277	0.41239197083172513
2	2	Popularity	0.746448087431694	0.701588395959257	0.3699453551912568	0.6914087138356472	0.4049056868611214
2	2	kNN (test)	0.7448087431693989	0.7208678009118735	0.3846994535519126	0.7043786211662517	0.4173638616643172
2	2	Normalized kNN (test)	0.7262295081967214	0.6271592871323108	0.3672131147540984	0.6829804105667581	0.4010090594154059
2	2	kNN (full)	0.7240437158469946	0.7229352169392661	0.38633879781420766	0.704815481282423	0.4181295290772794
5	500	iMF (full)	1.0	0.3036301472944868	0.1540983606557377	0.3391919482524614	0.17303323708003285
5	500	Popularity	1.0	0.2139728741295971	0.13005464480874318	0.25671478181369317	0.1354957980599325
5	500	kNN (test)	1.0	0.27112290244334425	0.15355191256830603	0.304180114885724	0.16277867851603084
5	500	Normalized kNN (test)	1.0	0.06944885459210162	0.048087431693989074	0.05621162559771868	0.04071203060192921
5	500	kNN (full)	1.0	0.2839765374129138	0.15901639344262297	0.31562297308150794	0.16886331345322325
3	20	Average Rating	1.0	0.45141381670256336	0.30327868852459017	0.5798521752632168	0.3260362058574797
3	20	iMF (test)	1.0	0.5847155338770528	0.3262295081967213	0.6459773159266892	0.355208516549247
3	20	Normalized kNN (full)	0.4950819672131147	0.5532859217061807	0.2819672131147541	0.4756452544800343	0.284908986503258
3	20	Random	1.0	0.27639256236095266	0.17759562841530055	0.31480604120631445	0.1814038728304995
3	20	iMF (full)	1.0	0.6078648799609326	0.32076502732240436	0.6254691437144828	0.34945924376877174
3	20	Popularity	1.0	0.5437970254881868	0.3081967213114754	0.6309715186892944	0.3420388347975908
3	20	kNN (test)	1.0	0.6450668621999468	0.346448087431694	0.6673569488894143	0.3719412030638108
3	20	Normalized kNN (test)	0.9879781420765028	0.49380348736370006	0.3087431693989071	0.5940595336304112	0.3293166380907566
3	20	kNN (full)	0.9934426229508198	0.6483075484234191	0.3475409836065574	0.6630513210523657	0.3722891667229012
1	2000	Average Rating	1.0	0.011417775683362498	0.008743169398907104	0.008734943834167303	0.0070720048208875565
1	2000	iMF (test)	1.0	0.08875917097267483	0.04918032786885246	0.1129454717468443	0.05393476077283256
1	2000	Normalized kNN (full)	0.9759562841530054	0.18434303939669852	0.10382513661202186	0.22242889683154574	0.11522992708408168
1	2000	Random	1.0	0.0038736074362944657	0.004371584699453552	0.004509931477144591	0.003798273033370756
4	10	Average Rating	0.9306010928961749	0.5343344539031568	0.3475409836065574	0.7013656971986786	0.38367385434183326
4	10	iMF (test)	1.0	0.6492784968899761	0.35355191256830604	0.7216961550897556	0.3939140078347254
4	10	Normalized kNN (full)	0.48415300546448087	0.5474367224349153	0.2721311475409836	0.48185363326234565	0.27837171709022945
4	10	Random	1.0	0.4046921843616631	0.25300546448087435	0.553919727521959	0.28263851304523047
1	2000	iMF (full)	1.0	0.23729064390397867	0.11420765027322406	0.27552611886134415	0.13133985179507782
1	2000	Popularity	1.0	0.1420773389803467	0.08306010928961749	0.1826023574550486	0.09165449156615961
1	2000	kNN (test)	1.0	0.22049577287766803	0.12131147540983606	0.2492047321980043	0.1292144034023381
4	1	Average Rating	0.6972677595628415	0.7270435676711958	0.3819672131147541	0.7466085425111452	0.4189823718213475
1	2000	Normalized kNN (test)	1.0	0.007176217756867297	0.006010928961748634	0.0035489578220623003	0.00355081632284336
1	2000	kNN (full)	1.0	0.2356062071401948	0.1273224043715847	0.266210251210398	0.13797803557258878
4	1	iMF (test)	0.7071038251366121	0.7309275861749995	0.38633879781420766	0.766413244466061	0.4270648453452352
4	1	Normalized kNN (full)	0.43989071038251365	0.567718167117913	0.27595628415300544	0.48475426116297354	0.28143771692721636
4	1	Random	0.7071038251366121	0.6430130497301952	0.346448087431694	0.7341422482639629	0.3946926331576981
1	10681	Average Rating	1.0	0.007120864638748702	0.004371584699453552	0.004754571475882951	0.003280968066173529
1	10681	iMF (test)	1.0	0.03801309992199809	0.018032786885245903	0.056627309393702835	0.02344928789632642
1	10681	Normalized kNN (full)	1.0	0.10824305476659941	0.0644808743169399	0.15433371232206983	0.07541680190386776
1	10681	Random	1.0	0.0012026872475304929	0.001092896174863388	2.2927891780350797E-4	3.78661757121126E-4
4	10	iMF (full)	1.0	0.6574773274704909	0.34262295081967215	0.6931924540312615	0.3818141015161538
4	10	Popularity	0.9306010928961749	0.5973346799110121	0.3355191256830601	0.6932620515983366	0.37509686826228217
4	10	kNN (test)	0.921311475409836	0.6693748187942059	0.3562841530054645	0.7083391443525554	0.3902351352840116
4	10	Normalized kNN (test)	0.8327868852459017	0.5908574440787395	0.34262295081967215	0.6826743779035702	0.37444834804848787
4	10	kNN (full)	0.8852459016393442	0.6768752276721935	0.35683060109289616	0.7069491759914236	0.39043127045944787
4	1	iMF (full)	0.7071038251366121	0.7165365554503594	0.3699453551912568	0.7511781904922065	0.41315144510491036
4	1	Popularity	0.6972677595628415	0.7226513389420322	0.36830601092896176	0.7389730651053349	0.4093037686124446
4	1	kNN (test)	0.6950819672131148	0.7360716749430619	0.380327868852459	0.7416037141133439	0.4158808098004873
4	1	Normalized kNN (test)	0.6775956284153005	0.6930479319164106	0.373224043715847	0.7258041723324942	0.4064131152795927
4	1	kNN (full)	0.6819672131147541	0.7387710487898277	0.3797814207650273	0.7373693375799352	0.41457596011236786
1	10681	iMF (full)	1.0	0.1805685267789574	0.08251366120218578	0.2099571434246207	0.09729918431892205
1	10681	Popularity	1.0	0.09225918376795196	0.05300546448087432	0.10733614883807688	0.05791841924315788
1	10681	kNN (test)	1.0	0.17081152901680616	0.08907103825136613	0.18673790991693032	0.09544240017490768
1	10681	Normalized kNN (test)	1.0	0.0014286514986068314	0.0016393442622950822	8.224319699729537E-4	9.86422392932253E-4
1	10681	kNN (full)	1.0	0.1811281873927754	0.09344262295081968	0.1969320304594115	0.10027777777150716
4	2000	Average Rating	1.0	0.015786443687891175	0.012568306010928964	0.009148942139582185	0.009269965435352367
4	2000	iMF (test)	1.0	0.09222234592657662	0.05136612021857924	0.10871225814452083	0.05472597503643429
4	2000	Normalized kNN (full)	0.9830601092896175	0.19360953126040278	0.10054644808743171	0.24373435685129188	0.1143921341429558
4	2000	Random	1.0	0.0016679501854628478	0.001092896174863388	2.843006941367597E-4	4.5111033600744106E-4
4	2000	iMF (full)	1.0	0.23506081158517408	0.1098360655737705	0.2697277733677134	0.1286712909816716
4	2000	Popularity	1.0	0.1407922928700101	0.07923497267759563	0.147423469714401	0.08350216607992023
4	2000	kNN (test)	1.0	0.2044835268143075	0.12295081967213115	0.23815996501303696	0.12942173417573857
4	2000	Normalized kNN (test)	1.0	0.008278860996370868	0.009289617486338799	0.007267273305524672	0.007130828611301951
4	2000	kNN (full)	1.0	0.2189059264919852	0.126775956284153	0.24742884380305466	0.134181922068489
4	10681	Average Rating	1.0	0.011534544180431783	0.00819672131147541	0.006356273340503919	0.006229219679568654
4	10681	iMF (test)	1.0	0.03941457174837481	0.02295081967213115	0.04303511970710133	0.024746251672769948
4	10681	Normalized kNN (full)	1.0	0.1250949997473265	0.06612021857923497	0.17516835742711057	0.07934373867687505
4	10681	Random	1.0	3.620449369092297E-4	5.46448087431694E-4	6.583711896767398E-5	1.1751571772724603E-4
5	5	Average Rating	0.8524590163934426	0.5500598022309825	0.3513661202185792	0.7239958443044877	0.3878330171002276
5	5	iMF (test)	0.9021857923497267	0.677354199041624	0.35683060109289616	0.7250279974859546	0.3922862763959382
5	5	Normalized kNN (full)	0.43606557377049177	0.5568193021594892	0.2786885245901639	0.46412366702465063	0.2785536567649032
5	5	Random	0.9021857923497267	0.5124028812105511	0.30601092896174864	0.665631562267548	0.3437403732443803
4	10681	iMF (full)	1.0	0.17607139105029973	0.07814207650273225	0.2000524822950024	0.09437662836274745
4	10681	Popularity	1.0	0.10576770789553008	0.061748633879781425	0.11369773165996093	0.06382989183496154
4	10681	kNN (test)	1.0	0.14744675652988773	0.08907103825136613	0.16543719585880667	0.09249145998612245
4	10681	Normalized kNN (test)	1.0	0.0011279559138529455	0.0016393442622950822	6.025648102150834E-4	8.74493524172783E-4
4	10681	kNN (full)	1.0	0.16160183756973903	0.09562841530054644	0.18481950977607042	0.09988473912985445
5	5	iMF (full)	0.9021857923497267	0.6836311319426176	0.33934426229508197	0.7117739810637823	0.38000757727591666
5	5	Popularity	0.8524590163934426	0.6805621344113874	0.34918032786885245	0.7214070632916832	0.38627113668644836
5	5	kNN (test)	0.8377049180327869	0.7281408769187344	0.36775956284153005	0.7284801811891533	0.39886342498445304
5	5	Normalized kNN (test)	0.7808743169398907	0.6114976613302806	0.3475409836065574	0.695730013891276	0.3793109205913113
5	5	kNN (full)	0.8125683060109289	0.7323732564871188	0.37103825136612023	0.7305119153930186	0.4015322305297359
3	10	Average Rating	0.940983606557377	0.550020732740488	0.3513661202185792	0.7104359206010604	0.3880293456963353
3	10	iMF (test)	1.0	0.6693781910153307	0.3601092896174864	0.7096659692022919	0.3945771994662134
3	10	Normalized kNN (full)	0.4382513661202186	0.5627569651255262	0.28469945355191256	0.47716750272359404	0.28682123431185697
3	10	Random	1.0	0.37077408150893154	0.23169398907103825	0.48166750017842913	0.2557224964358172
3	10	iMF (full)	1.0	0.6586873665643491	0.34153005464480873	0.6621685468655896	0.37241730459342626
3	10	Popularity	0.940983606557377	0.6664490322053457	0.3513661202185792	0.7096523027521903	0.3895558394386964
3	10	kNN (test)	0.9092896174863389	0.7106495521494055	0.37759562841530053	0.7279601142960994	0.4085723114378782
3	10	Normalized kNN (test)	0.781967213114754	0.5843590364074442	0.34972677595628415	0.6806997020087666	0.38011650123654034
3	10	kNN (full)	0.8633879781420765	0.7117652478516425	0.3797814207650273	0.7251418424546037	0.40982128058813805
4	2	Average Rating	0.7546448087431694	0.5593755857931605	0.3601092896174864	0.7231699197984652	0.3989250808498058
4	2	iMF (test)	0.7633879781420765	0.7197970664698154	0.37814207650273224	0.7581764140126097	0.4200774010389505
4	2	Normalized kNN (full)	0.44098360655737706	0.5667857583651766	0.2754098360655738	0.48460657249069466	0.2812051858261816
4	2	Random	0.7633879781420765	0.6076810289864687	0.34098360655737703	0.7232469275514449	0.38881326746992534
1	1000	Average Rating	1.0	0.012797781000756214	0.010382513661202186	0.009486592711379674	0.007956533164432294
1	1000	iMF (test)	1.0	0.10313436740725097	0.06612021857923497	0.16404182532159425	0.0757529041477665
1	1000	Normalized kNN (full)	0.9579234972677596	0.22702855342335088	0.1273224043715847	0.2693973154364543	0.13979438001933697
1	1000	Random	1.0	0.007632317541333578	0.006010928961748634	0.007236782476237256	0.0053577461359657404
4	2	iMF (full)	0.7633879781420765	0.7185891856895292	0.3672131147540984	0.7535537443410768	0.4131514745391415
4	2	Popularity	0.7546448087431694	0.7109707775897597	0.3633879781420765	0.7306962478121241	0.40359352754828487
4	2	kNN (test)	0.7524590163934426	0.723195730305621	0.3737704918032787	0.7312323762829898	0.40837018891610305
4	2	Normalized kNN (test)	0.7382513661202186	0.6148120109840192	0.35573770491803275	0.7062713941235372	0.39049700949886484
4	2	kNN (full)	0.7371584699453553	0.7258357785264048	0.373224043715847	0.726997999749581	0.40706533922798355
1	1000	iMF (full)	1.0	0.27347186732102013	0.12950819672131147	0.2890546913491578	0.14528190172270053
1	1000	Popularity	1.0	0.1541327407316836	0.09234972677595629	0.1926227711639869	0.10012805697576556
1	1000	kNN (test)	1.0	0.2476696715657859	0.14098360655737704	0.28443210564750543	0.1508656050636448
1	1000	Normalized kNN (test)	1.0	0.021688762875737348	0.02185792349726776	0.02301779937462093	0.01862218061850023
1	1000	kNN (full)	1.0	0.25547757987140435	0.14043715846994534	0.28268548250743963	0.15016360720317698
4	1000	Average Rating	1.0	0.02160078151370864	0.01912568306010929	0.014894173005170494	0.01359905501328849
4	1000	iMF (test)	1.0	0.09901853913988827	0.0644808743169399	0.1366522412400117	0.07107933850387145
4	1000	Normalized kNN (full)	0.9628415300546448	0.23089194282622336	0.12349726775956285	0.2771104703836385	0.13813088910468
4	1000	Random	1.0	0.01051420655858152	0.007103825136612022	0.009878491705977965	0.00572341172990586
5	20	Average Rating	1.0	0.4680336944583269	0.30327868852459017	0.598271220607474	0.32475821048794395
5	20	iMF (test)	1.0	0.5956039557854793	0.31530054644808747	0.658670276403619	0.34912693174348725
5	20	Normalized kNN (full)	0.4918032786885246	0.5423748088256827	0.27595628415300544	0.4628019389244869	0.27683707574344785
5	20	Random	1.0	0.24768790524590178	0.16612021857923498	0.3156544761364104	0.17327568119552134
4	1000	iMF (full)	1.0	0.27815048802939685	0.13169398907103827	0.31920758498319995	0.15464497238669472
4	1000	Popularity	1.0	0.15128073003931333	0.08688524590163935	0.16580357412566626	0.09134459264241918
4	1000	kNN (test)	1.0	0.23265571284628866	0.14153005464480875	0.26916420504673766	0.14828826081085267
4	1000	Normalized kNN (test)	1.0	0.03768332808659375	0.030601092896174867	0.03869993956074267	0.027020102575219675
4	1000	kNN (full)	1.0	0.2433104675644307	0.14153005464480875	0.2698803630104974	0.14788053091464085
5	20	iMF (full)	1.0	0.6065261725300316	0.30218579234972676	0.625354090686563	0.33509173580612595
5	20	Popularity	1.0	0.5578991382361546	0.30218579234972676	0.6263614263179403	0.3312298862748262
5	20	kNN (test)	0.9994535519125683	0.6632056760728162	0.3437158469945355	0.6691081318842528	0.3697810356205213
5	20	Normalized kNN (test)	0.9890710382513661	0.5419465759844457	0.312568306010929	0.6171747430616585	0.3366904975925551
5	20	kNN (full)	0.9918032786885246	0.6678368985541137	0.3475409836065574	0.6670528104013798	0.37232634339313075
3	1	Average Rating	0.6950819672131148	0.7391446189414357	0.3836065573770492	0.7522957666938702	0.41989795437229144
3	1	iMF (test)	0.7016393442622951	0.7460564347925448	0.3846994535519126	0.7516096393784436	0.4218075701346483
3	1	Normalized kNN (full)	0.4333333333333333	0.5644322869351234	0.2857923497267759	0.47778359615550225	0.28756639079471835
3	1	Random	0.7016393442622951	0.6584389413331886	0.3502732240437158	0.7323295742288832	0.3966677584479427
4	0	Average Rating	0.6338797814207651	0.7592127808202848	0.3879781420765027	0.7559580775509305	0.42571538062921976
4	0	iMF (test)	0.6442622950819672	0.7505441404596119	0.38633879781420766	0.7714354023413	0.42918001801230493
4	0	Normalized kNN (full)	0.43879781420765024	0.5683786752316036	0.27650273224043714	0.4852096345691666	0.28193448791579057
4	0	Random	0.6442622950819672	0.6979245084833594	0.35573770491803275	0.7438848026785035	0.40339688130571416
3	1	iMF (full)	0.7016393442622951	0.7154956517344567	0.3704918032786885	0.7394385162321517	0.4102456811484033
3	1	Popularity	0.6950819672131148	0.7230030434598007	0.36885245901639346	0.7342233157332804	0.4078069480598704
3	1	kNN (test)	0.6912568306010929	0.7394671361084765	0.38633879781420766	0.7426161625587051	0.4188637387422742
3	1	Normalized kNN (test)	0.666120218579235	0.6991967116605963	0.3699453551912568	0.7001850230052576	0.39800640990856384
3	1	kNN (full)	0.6754098360655737	0.7396804871505827	0.38852459016393437	0.7388936492391973	0.419868694075714
1	500	Average Rating	1.0	0.027324456410356218	0.02568306010928962	0.0235375848092036	0.020311076570246965
1	500	iMF (test)	1.0	0.17848404068675208	0.09781420765027324	0.21290324924896348	0.10817809828919919
1	500	Normalized kNN (full)	0.8825136612021858	0.2792729425119343	0.15191256830601094	0.30040651097068233	0.16130134364707044
1	500	Random	1.0	0.01673784384235486	0.012021857923497269	0.018825448938717352	0.011222531397440626
4	0	iMF (full)	0.6442622950819672	0.7238717346314815	0.37486338797814206	0.7649151700786592	0.4211647585509545
4	0	Popularity	0.6338797814207651	0.7255087569146368	0.3699453551912568	0.7412174054644293	0.41119669335975706
4	0	kNN (test)	0.6316939890710382	0.7469214735632382	0.3836065573770492	0.7457454436649095	0.4195313161155625
4	0	Normalized kNN (test)	0.6103825136612022	0.7413652052474332	0.3819672131147541	0.7369128869762036	0.4149786978796351
4	0	kNN (full)	0.6289617486338798	0.7461914274074455	0.3836065573770492	0.7424218139438871	0.41890952653673263
1	500	iMF (full)	1.0	0.3255256781355406	0.15737704918032788	0.3454369520031615	0.17773631418669023
1	500	Popularity	1.0	0.21516823129383486	0.1273224043715847	0.2616822985354175	0.13782235035831514
1	500	kNN (test)	1.0	0.2862354483894211	0.15737704918032788	0.3205995568969239	0.17104555199245752
1	500	Normalized kNN (test)	1.0	0.08790768388049452	0.06502732240437159	0.09049872674317241	0.059875649476870435
1	500	kNN (full)	1.0	0.29305859574643145	0.15901639344262297	0.32190150567514536	0.17248616869456218
4	500	Average Rating	1.0	0.0309104943715436	0.025136612021857928	0.020241713434678135	0.01871798917766549
4	500	iMF (test)	1.0	0.14006770769178442	0.08196721311475409	0.17004857568045154	0.08937239299663385
4	500	Normalized kNN (full)	0.8950819672131148	0.2940958906121284	0.15191256830601094	0.3267135372168455	0.1672284535397745
4	500	Random	1.0	0.024089291618783953	0.015300546448087433	0.028096104036133614	0.015694534517458867
5	10	Average Rating	0.9846994535519125	0.5166897753386511	0.333879781420765	0.6869730214749349	0.36622236533427094
5	10	iMF (test)	0.9994535519125683	0.6492533891117068	0.3475409836065574	0.7062397537518333	0.3836495130504942
5	10	Normalized kNN (full)	0.473224043715847	0.5447403219154577	0.27650273224043714	0.46325731233068	0.2773338467320221
5	10	Random	0.9994535519125683	0.39021523344067777	0.24316939890710382	0.5075459829918493	0.26708961876359666
4	500	iMF (full)	1.0	0.32299410846181675	0.15081967213114755	0.3481626071539482	0.1731416496367415
4	500	Popularity	1.0	0.2223083246671607	0.126775956284153	0.24628135967662618	0.13324624645090621
4	500	kNN (test)	1.0	0.28617716900322804	0.16502732240437157	0.32986539558935657	0.17633184596285248
4	500	Normalized kNN (test)	1.0	0.08394638399427465	0.06557377049180328	0.08463494267711821	0.0590350800227826
4	500	kNN (full)	1.0	0.3005820022285354	0.16885245901639345	0.3402984266982577	0.18049888478831877
5	10	iMF (full)	0.9994535519125683	0.6401931644197482	0.3256830601092896	0.6739922271989921	0.36174280228328454
5	10	Popularity	0.9846994535519125	0.5998483763036643	0.3295081967213115	0.6864303135870002	0.36500068702501953
5	10	kNN (test)	0.9513661202185792	0.6852484432089624	0.3562841530054645	0.7153038808194322	0.3877773457449862
5	10	Normalized kNN (test)	0.8737704918032787	0.5695022914773609	0.3295081967213115	0.670011068848804	0.361095169851615
5	10	kNN (full)	0.9163934426229507	0.692205460371675	0.3601092896174864	0.7193817201073385	0.39103861312275817
3	2	Average Rating	0.7546448087431694	0.5778663411579736	0.36448087431693993	0.7388380740032138	0.4050542553976527
3	2	iMF (test)	0.7612021857923498	0.7350412042837511	0.3765027322404372	0.7444052082600782	0.41475968447332995
3	2	Normalized kNN (full)	0.4333333333333333	0.5636417247623836	0.28524590163934427	0.47762287612978704	0.2873180053004313
3	2	Random	0.7612021857923498	0.6054079760584269	0.3371584699453552	0.7042134197249111	0.3792111777357261
3	2	iMF (full)	0.7612021857923498	0.7087384201579764	0.36666666666666664	0.7359774816597381	0.4074422857493741
3	2	Popularity	0.7546448087431694	0.7157648010940848	0.3672131147540984	0.7325729321156836	0.4061648647094177
3	2	kNN (test)	0.7513661202185792	0.7289858984070401	0.3830601092896175	0.7383227783472881	0.41529100688561293
3	2	Normalized kNN (test)	0.7262295081967214	0.5975087769417539	0.3562841530054645	0.6900173728018473	0.38756481457879177
3	2	kNN (full)	0.7327868852459016	0.7311406310943283	0.38579234972677595	0.7347864176729494	0.4166747024535643
1	5	Average Rating	0.8010928961748633	0.5557481020088043	0.3540983606557377	0.7165817668602631	0.3964429950594162
1	5	iMF (test)	0.9054644808743169	0.7414402726827916	0.3808743169398907	0.7493240197429335	0.42206890457888635
1	5	Normalized kNN (full)	0.43224043715846994	0.5318093296578226	0.27704918032786885	0.4492372946484	0.28003172176812985
1	5	Random	0.9054644808743169	0.4920159186479307	0.3	0.6522499838361527	0.3423264502925657
1	5	iMF (full)	0.9054644808743169	0.7039282948186316	0.3622950819672131	0.7279787739002609	0.40412064885730725
1	5	Popularity	0.8010928961748633	0.7011332870925029	0.3601092896174864	0.7233287467722579	0.4029280157986731
1	5	kNN (test)	0.7983606557377049	0.7258488967981667	0.3765027322404372	0.7211529572780403	0.41176271422051286
1	5	Normalized kNN (test)	0.7245901639344262	0.6121804849772656	0.3551912568306011	0.6810811402671241	0.38953101513948596
1	5	kNN (full)	0.7743169398907103	0.7288883683636033	0.37595628415300547	0.7205696456291548	0.41126888616489216
5	1	Average Rating	0.6814207650273224	0.7260039343316317	0.37595628415300547	0.7482713031467311	0.41023782424968214
5	1	iMF (test)	0.687431693989071	0.744485229107536	0.3721311475409836	0.7550296309630451	0.4117635746504558
5	1	Normalized kNN (full)	0.4240437158469945	0.5619104729244813	0.28032786885245903	0.46484205179909044	0.27951317633871614
5	1	Random	0.687431693989071	0.6334660674099869	0.3371584699453552	0.7164898064562489	0.3789195608361981
5	1	iMF (full)	0.687431693989071	0.7214877515558532	0.359016393442623	0.741120708827784	0.39932247310239866
5	1	Popularity	0.6814207650273224	0.7299525102451571	0.3622950819672131	0.7351401872922791	0.3985875389782862
5	1	kNN (test)	0.6792349726775956	0.7588478295238373	0.37759562841530053	0.7416422364349013	0.4098455973634195
5	1	Normalized kNN (test)	0.6612021857923497	0.7065780884937369	0.36775956284153005	0.7161489237553414	0.397437653461719
5	1	kNN (full)	0.6644808743169398	0.7584253697587596	0.3797814207650273	0.742216775738949	0.41128489471198104
3	0	Average Rating	0.63224043715847	0.7539908328535203	0.38524590163934425	0.754043199588844	0.4215624548125245
3	0	iMF (test)	0.639344262295082	0.743268951194918	0.3846994535519126	0.7537689805967691	0.4230518904504539
3	0	Normalized kNN (full)	0.4333333333333333	0.5644322869351234	0.2857923497267759	0.47778359615550225	0.28756639079471835
3	0	Random	0.639344262295082	0.6916931199762527	0.359016393442623	0.7335637338630749	0.402480266996002
3	0	iMF (full)	0.639344262295082	0.7312016110686279	0.3737704918032787	0.7472892720337272	0.4151097711210887
3	0	Popularity	0.63224043715847	0.727784505447421	0.3699453551912568	0.7369555561704388	0.40933069753443946
3	0	kNN (test)	0.6289617486338798	0.7471099786215771	0.3896174863387978	0.7468079634718175	0.4224860619885125
3	0	Normalized kNN (test)	0.6081967213114754	0.7436396824010084	0.37868852459016394	0.7077118601186425	0.4056918271156056
3	0	kNN (full)	0.6267759562841531	0.7458037104645185	0.3907103825136612	0.7415803523357365	0.4222518149014578
1	20	Average Rating	1.0	0.43015998412219725	0.3016393442622951	0.5954728885210138	0.330048417450049
1	20	iMF (test)	1.0	0.568482900130001	0.31748633879781424	0.6356859957173077	0.3506293927401937
1	20	Normalized kNN (full)	0.5191256830601093	0.4983429990002375	0.26994535519125684	0.4447576961839044	0.2749348065543796
1	20	Random	1.0	0.2469158218821384	0.173224043715847	0.3190188130555623	0.18109736225659664
1	20	iMF (full)	1.0	0.61719983435585	0.31748633879781424	0.6233765981340579	0.3484651416879498
1	20	Popularity	1.0	0.5342752532629443	0.2972677595628415	0.6108987118914444	0.3334316651144402
1	20	kNN (test)	0.9994535519125683	0.6194279905314838	0.3366120218579235	0.6512636624992079	0.3678171758865613
1	20	Normalized kNN (test)	0.9885245901639345	0.5167005655209131	0.30655737704918035	0.596528164815955	0.3323186066020049
1	20	kNN (full)	0.9896174863387978	0.6267131779218905	0.33770491803278685	0.6525150522751878	0.36858263386513407
5	2	Average Rating	0.7442622950819672	0.5629075569791918	0.35792349726775957	0.7339072036765891	0.3955075874622584
5	2	iMF (test)	0.7491803278688525	0.7265124492848629	0.36284153005464487	0.7433022900614807	0.4019721298081652
5	2	Normalized kNN (full)	0.4245901639344262	0.5604695493392342	0.2792349726775956	0.46451398708710184	0.2790090301710962
5	2	Random	0.7491803278688525	0.6001665714257782	0.3284153005464481	0.7075620100140292	0.37093558530379106
5	2	iMF (full)	0.7491803278688525	0.7111279738288846	0.351912568306011	0.7373534057007347	0.39495336055804997
5	2	Popularity	0.7442622950819672	0.7163999021166767	0.359016393442623	0.7318033553963446	0.3954067260463677
5	2	kNN (test)	0.7420765027322405	0.7408341819869815	0.3726775956284153	0.7352039267179031	0.4043912350030022
5	2	Normalized kNN (test)	0.7240437158469946	0.6200721427075366	0.35081967213114756	0.7006754375597367	0.3831137965560933
5	2	kNN (full)	0.7256830601092897	0.7438752330031632	0.3765027322404372	0.7381464077341546	0.40774310065757474
1	10	Average Rating	0.9617486338797814	0.5278902582120468	0.33934426229508197	0.6909481867184862	0.37846202118340094
1	10	iMF (test)	0.9994535519125683	0.6471639211035088	0.35355191256830604	0.7070532414703908	0.39225563496142885
1	10	Normalized kNN (full)	0.47759562841530057	0.5171719911427678	0.2743169398907104	0.4478250075407137	0.27821074927736084
1	10	Random	0.9994535519125683	0.38113532031429803	0.24808743169398906	0.5065238269378259	0.2754731870265041
1	10	iMF (full)	0.9994535519125683	0.6594837308018221	0.33934426229508197	0.6651073029703864	0.37389130913736746
1	10	Popularity	0.9617486338797814	0.6013757732626324	0.3360655737704918	0.6935668073744907	0.3797340085890827
1	10	kNN (test)	0.9306010928961749	0.6752954672289921	0.359016393442623	0.7013866200919912	0.3948762780298082
1	10	Normalized kNN (test)	0.819672131147541	0.5884654419590598	0.3404371584699453	0.6570206254011922	0.3721151960779784
1	10	kNN (full)	0.8918032786885245	0.6830224534080167	0.36174863387978146	0.7038955107156359	0.39751823294019933
5	0	Average Rating	0.6158469945355192	0.7522346795050896	0.37923497267759565	0.7532037161464434	0.4138647136594998
5	0	iMF (test)	0.6224043715846995	0.7450642420605548	0.3770491803278688	0.7577634061811857	0.41511537800046444
5	0	Normalized kNN (full)	0.4240437158469945	0.5622754881522481	0.2808743169398907	0.46518358185373526	0.27993352102135594
5	0	Random	0.6224043715846995	0.6863021624121327	0.34863387978142074	0.7335224058719101	0.3910610041965011
5	0	iMF (full)	0.6224043715846995	0.7225960825881104	0.3562841530054645	0.7387918894635707	0.39694265057100164
5	0	Popularity	0.6158469945355192	0.7371355753274662	0.36393442622950817	0.737644741026341	0.4005608237384562
5	0	kNN (test)	0.6131147540983607	0.7661872817412153	0.37868852459016394	0.7428405875038305	0.410905518222662
5	0	Normalized kNN (test)	0.5934426229508196	0.7577874486748359	0.37759562841530053	0.7236622106474033	0.4056649287651676
5	0	kNN (full)	0.6109289617486339	0.7685579245338257	0.38142076502732236	0.7452366204326504	0.41318550493650313
1	1	Average Rating	0.6852459016393443	0.722203143944504	0.3765027322404372	0.7376443621881547	0.41624762559840583
1	1	iMF (test)	0.6956284153005464	0.7402280181274125	0.38579234972677595	0.7532916410050453	0.42640964797627
1	1	Normalized kNN (full)	0.43169398907103823	0.5330334037644628	0.2781420765027322	0.44950528952381513	0.2804617966517567
1	1	Random	0.6956284153005464	0.6355364762967683	0.34316939890710385	0.7124787280247448	0.38916200620259483
1	1	iMF (full)	0.6956284153005464	0.728342646909576	0.37158469945355194	0.7428224433842083	0.41533485656857355
1	1	Popularity	0.6852459016393443	0.7148284602125866	0.366120218579235	0.7316409870517112	0.40961265716331247
1	1	kNN (test)	0.6830601092896175	0.7384634878687334	0.3830601092896175	0.7320497866174924	0.4196502718010106
1	1	Normalized kNN (test)	0.6644808743169398	0.6884059080973525	0.373224043715847	0.6959207577531853	0.40436657789580316
1	1	kNN (full)	0.6704918032786885	0.7390995106286478	0.3819672131147541	0.729712203132368	0.41825813024493463
1	0	Average Rating	0.6207650273224044	0.7525909582338117	0.3836065573770492	0.747762719847496	0.42426672485488004
1	0	iMF (test)	0.63224043715847	0.7531223936248874	0.38579234972677595	0.7544796090782593	0.42695416974952455
1	0	Normalized kNN (full)	0.4311475409836066	0.5330748942330443	0.2781420765027322	0.44950528952381513	0.2804617966517567
1	0	Random	0.63224043715847	0.6733972112588439	0.35355191256830604	0.7297693325718816	0.40250830721720937
1	0	iMF (full)	0.63224043715847	0.7383575039836134	0.3743169398907104	0.7472128311365739	0.4190031147474918
1	0	Popularity	0.6207650273224044	0.7243891634183325	0.36775956284153005	0.7335383762441824	0.41137023873107514
1	0	kNN (test)	0.6180327868852459	0.7497287461731722	0.3846994535519126	0.7339471758099637	0.4214078533687734
1	0	Normalized kNN (test)	0.5972677595628415	0.7254878370085267	0.380327868852459	0.7030817891342062	0.41094081662575926
1	0	kNN (full)	0.6163934426229508	0.748532839405423	0.3836065573770492	0.7316095923248392	0.4200157118126974
1	2	Average Rating	0.7442622950819672	0.5563597550184773	0.3540983606557377	0.7165817668602631	0.3964429950594162
1	2	iMF (test)	0.7524590163934426	0.7261662287960055	0.37540983606557377	0.744403368122574	0.4170198457706187
1	2	Normalized kNN (full)	0.43224043715846994	0.5318093296578226	0.27704918032786885	0.4492372946484	0.28003172176812985
1	2	Random	0.7524590163934426	0.5818909748679089	0.3355191256830601	0.6979857442896007	0.37902833508379224
1	2	iMF (full)	0.7524590163934426	0.7104967087261995	0.3655737704918033	0.7327851317280442	0.4079226796775421
1	2	Popularity	0.7442622950819672	0.7032742528762584	0.36065573770491804	0.7238751948596895	0.40347446388610475
1	2	kNN (test)	0.7420765027322405	0.7258756494607042	0.3765027322404372	0.7211529572780403	0.41176271422051286
1	2	Normalized kNN (test)	0.7245901639344262	0.6121804849772656	0.3551912568306011	0.6810811402671241	0.38953101513948596
1	2	kNN (full)	0.7295081967213115	0.7288883683636033	0.37595628415300547	0.7205696456291548	0.41126888616489216
