fold	target size	recommender system	Coverage@10	nDCG@10	P@10	Recall@10	FScore@10
1	0	kNN (full)	0.8269230769230769	0.8337563837469266	0.5596153846153846	0.7805297864019536	0.5572355573298354
1	0	Random	0.8269230769230769	0.7293110534388713	0.5019230769230769	0.7417319013505772	0.5166455868397436
1	0	iMF (full)	0.8269230769230769	0.8257157339361191	0.5596153846153846	0.7768423768902407	0.554681965222328
1	0	Popularity	0.8269230769230769	0.8080219867449787	0.5442307692307693	0.7762195789973935	0.5502964392500755
1	0	kNN (test)	0.8269230769230769	0.8403915652199996	0.5711538461538461	0.7961535723382396	0.5704414368476345
1	0	Normalized kNN (test)	0.8269230769230769	0.8288524906152008	0.5461538461538461	0.7768733304138412	0.5511257540092415
1	0	Average Rating	0.8269230769230769	0.8183001614843104	0.5461538461538461	0.7807409847016638	0.554100827288805
1	0	Normalized kNN (full)	0.8269230769230769	0.7910642231415217	0.5307692307692308	0.7690510672732552	0.541956191431533
1	0	iMF (test)	0.8269230769230769	0.8190114890079896	0.5538461538461539	0.7759205498260816	0.553248003750666
2	0	kNN (full)	0.8	0.766618645158816	0.5115384615384616	0.7648909520762899	0.5076045015917413
2	0	Random	0.8	0.7274365131282969	0.45769230769230773	0.7347411459965183	0.47284038170453135
2	0	iMF (full)	0.8	0.7734005532630803	0.5057692307692307	0.7620335970130524	0.5030088231473786
2	0	Popularity	0.8	0.763569335056584	0.5057692307692307	0.7691417515056144	0.5092930168944331
2	0	kNN (test)	0.8	0.7639181395419316	0.5134615384615384	0.7670098979452358	0.5094010533882931
2	0	Normalized kNN (test)	0.8	0.7449111182241855	0.49230769230769234	0.7567831018346993	0.4969993651642364
2	0	Average Rating	0.8	0.739314800574918	0.48846153846153845	0.7581806013939636	0.49645310951929655
2	0	Normalized kNN (full)	0.8	0.7265664513765044	0.48846153846153845	0.7609139650110676	0.49811342367961065
2	0	iMF (test)	0.8	0.7637942378575429	0.4942307692307692	0.75789313015061	0.4983970310355865
3	0	kNN (full)	0.7692307692307693	0.8075115009656516	0.5192307692307693	0.7655849650387461	0.5175766483153915
3	0	Random	0.7692307692307693	0.7688617158114399	0.5057692307692307	0.7608704657203731	0.5124720289750346
3	0	iMF (full)	0.7692307692307693	0.7891734445075292	0.5173076923076922	0.7604102872053994	0.5144105229169612
3	0	Popularity	0.7692307692307693	0.8154049025590852	0.5288461538461539	0.7767966432427769	0.5276739185096881
3	0	kNN (test)	0.7692307692307693	0.8115238521508709	0.5269230769230769	0.7733458320153553	0.5244112887707216
3	0	Normalized kNN (test)	0.7692307692307693	0.8052619321200611	0.525	0.7727487232595511	0.524238599588334
3	0	Average Rating	0.7692307692307693	0.8369639675135	0.5288461538461539	0.7722913328275708	0.5248982169723766
3	0	Normalized kNN (full)	0.7692307692307693	0.794424623664037	0.5230769230769231	0.7661692647064083	0.5197449383796091
3	0	iMF (test)	0.7692307692307693	0.8146724053487985	0.525	0.7709137867379897	0.5233384404655684
4	0	kNN (full)	0.8076923076923077	0.8780388119054023	0.5403846153846155	0.7822778710216777	0.5243436062549761
4	0	Random	0.8076923076923077	0.7637412362580819	0.5057692307692307	0.7484952090641888	0.4941762537103359
4	0	iMF (full)	0.8076923076923077	0.8469353642862043	0.5269230769230769	0.7642977957070763	0.5103531257065357
4	0	Popularity	0.8076923076923077	0.8662285748230012	0.5403846153846155	0.783002616793403	0.5254025945557717
4	0	kNN (test)	0.8076923076923077	0.8760771605965304	0.5423076923076923	0.7844909357347424	0.5263300099441661
4	0	Normalized kNN (test)	0.8076923076923077	0.8422065131607789	0.5230769230769231	0.77341989090876	0.5142522873839419
4	0	Average Rating	0.8076923076923077	0.8230135483284565	0.5096153846153846	0.761507670332464	0.5022761368074443
4	0	Normalized kNN (full)	0.8076923076923077	0.8159810491574168	0.5096153846153846	0.7550142936570088	0.4984803067221491
4	0	iMF (test)	0.8076923076923077	0.8308082352372035	0.5230769230769231	0.7709280690515145	0.5123319394629202
5	0	kNN (full)	0.8211538461538462	0.8130364717925121	0.5403846153846155	0.7226159921526054	0.5217167757140045
5	0	Random	0.8211538461538462	0.707905795503653	0.49807692307692303	0.7014811340427171	0.49692694150794264
5	0	iMF (full)	0.8211538461538462	0.7866662364208394	0.5442307692307693	0.7266094796019752	0.5249235462914648
5	0	Popularity	0.8211538461538462	0.7855858595934779	0.5269230769230769	0.7209808162888994	0.5164415397254112
5	0	kNN (test)	0.8211538461538462	0.8094960012039658	0.5384615384615384	0.7233734091104699	0.521340471695259
5	0	Normalized kNN (test)	0.8211538461538462	0.7834105359866463	0.5365384615384615	0.7207904826717082	0.5186079725932662
5	0	Average Rating	0.8211538461538462	0.7791800369401819	0.5307692307692308	0.7260732417083372	0.5208137716272343
5	0	Normalized kNN (full)	0.8211538461538462	0.7829038686041948	0.5326923076923077	0.7092116881233014	0.5109984892155651
5	0	iMF (test)	0.8211538461538462	0.8043235945657229	0.5423076923076923	0.7224648482901613	0.5222935414961835
1	1	kNN (full)	0.8653846153846154	0.8302005127821043	0.5576923076923077	0.7773246581968254	0.5548317111759893
1	1	Random	0.8653846153846154	0.7070863536468036	0.5	0.729717819101845	0.5093176874630098
1	1	iMF (full)	0.8653846153846154	0.8207855645081963	0.5557692307692308	0.7714337230440869	0.5510189615593244
1	1	Popularity	0.8653846153846154	0.7939411666882408	0.5365384615384615	0.7684996641083609	0.5432767338423611
1	1	kNN (test)	0.8653846153846154	0.8324680413811378	0.5653846153846154	0.7869960631807303	0.5633713011010282
1	1	Normalized kNN (test)	0.8653846153846154	0.8089590720220566	0.5442307692307693	0.7761292827947937	0.5497878667833452
1	1	Average Rating	0.8653846153846154	0.7878161843923315	0.5346153846153846	0.7672471256195693	0.5422082722460952
1	1	Normalized kNN (full)	0.8653846153846154	0.7649108301276027	0.5192307692307693	0.7461344006065885	0.5269249619772265
1	1	iMF (test)	0.8653846153846154	0.820263038247262	0.5576923076923077	0.7786851459538011	0.5570192430234533
2	1	kNN (full)	0.8442307692307692	0.7564671065474372	0.5057692307692307	0.7578701950555329	0.5012934751568758
2	1	Random	0.8442307692307692	0.6733656822499751	0.45769230769230773	0.7305963211099643	0.4710056699271201
2	1	iMF (full)	0.8442307692307692	0.767949825945618	0.5019230769230769	0.7568824981119536	0.4986096275717124
2	1	Popularity	0.8442307692307692	0.7517859821315742	0.49807692307692303	0.7591295414934044	0.5006793588806203
2	1	kNN (test)	0.8442307692307692	0.7515339080554881	0.5057692307692307	0.7583484205337583	0.5013750022120871
2	1	Normalized kNN (test)	0.8442307692307692	0.7317075070454592	0.4846153846153846	0.7496319196835172	0.4895400352784359
2	1	Average Rating	0.8442307692307692	0.7082727845532448	0.47692307692307695	0.7444824939458562	0.48395674795172755
2	1	Normalized kNN (full)	0.8442307692307692	0.7100175991062596	0.4788461538461538	0.7492832346303372	0.48769274056155915
2	1	iMF (test)	0.8442307692307692	0.7437542224823959	0.49038461538461536	0.7511581984156782	0.49256300760287886
3	1	kNN (full)	0.8134615384615385	0.8001930739399972	0.5153846153846154	0.7620593240131049	0.5139053196440628
3	1	Random	0.8134615384615385	0.7193888113395407	0.475	0.7296005875688293	0.48398506927210394
3	1	iMF (full)	0.8134615384615385	0.7700459319741496	0.5115384615384616	0.7520769538720662	0.5079919414983798
3	1	Popularity	0.8134615384615385	0.809315757359702	0.5269230769230769	0.7751940791402129	0.5259256667614364
3	1	kNN (test)	0.8134615384615385	0.8019727200510806	0.5211538461538462	0.7659740371435605	0.5181758575352904
3	1	Normalized kNN (test)	0.8134615384615385	0.7902067282656684	0.5211538461538462	0.7715216170324448	0.5219056384318433
3	1	Average Rating	0.8134615384615385	0.8106786014000279	0.5173076923076924	0.7628453621316	0.5149860702955241
3	1	Normalized kNN (full)	0.8134615384615385	0.7854196751338787	0.5153846153846154	0.7585319020690456	0.5129164727276141
3	1	iMF (test)	0.8134615384615385	0.802151489647067	0.5173076923076922	0.7662688812049263	0.5179492893867622
4	1	kNN (full)	0.8500000000000001	0.864460548732818	0.5365384615384615	0.7771267721205788	0.5199444106793099
4	1	Random	0.8500000000000001	0.6849151945149136	0.4519230769230769	0.7106690919121414	0.4548842965925255
4	1	iMF (full)	0.8500000000000001	0.8229785853097632	0.5269230769230769	0.7654730093822901	0.5106374904645846
4	1	Popularity	0.8500000000000001	0.8545878762778822	0.5326923076923077	0.7708002358410221	0.5160354502621568
4	1	kNN (test)	0.8500000000000001	0.8629337136247148	0.5365384615384615	0.7769359906797975	0.5197940622317477
4	1	Normalized kNN (test)	0.8500000000000001	0.8261942827055084	0.5192307692307693	0.7658649458538148	0.5092425911977752
4	1	Average Rating	0.8500000000000001	0.8110334838305039	0.5076923076923077	0.7587604175852113	0.5000136933685303
4	1	Normalized kNN (full)	0.8500000000000001	0.7986221574868421	0.5076923076923077	0.7550129061556212	0.4974058823505111
4	1	iMF (test)	0.8500000000000001	0.8239293989071593	0.5230769230769231	0.7615607609932975	0.5078436380272804
5	1	kNN (full)	0.8653846153846154	0.8047591761080792	0.5346153846153846	0.7169535989902123	0.5160211555447002
5	1	Random	0.8653846153846154	0.6866789595760431	0.49807692307692303	0.6931748339672522	0.49212252914499605
5	1	iMF (full)	0.8653846153846154	0.7711590424570473	0.5365384615384615	0.7187034966959923	0.5174651056093398
5	1	Popularity	0.8653846153846154	0.76612137333552	0.5211538461538462	0.7154786795367627	0.5109984448086321
5	1	kNN (test)	0.8653846153846154	0.8025613036825455	0.5365384615384615	0.7212366569737179	0.5193161801972832
5	1	Normalized kNN (test)	0.8653846153846154	0.7550235969881047	0.5288461538461539	0.7083973202785459	0.5092118862234957
5	1	Average Rating	0.8653846153846154	0.7582202563261828	0.525	0.7168852075203032	0.5138215314113098
5	1	Normalized kNN (full)	0.8653846153846154	0.7766508058106083	0.5346153846153846	0.7145154121770254	0.5142803703031738
5	1	iMF (test)	0.8653846153846154	0.7977458478219849	0.5461538461538461	0.7222071839845093	0.5226560998247257
1	2	kNN (full)	0.8980769230769231	0.8230100851370212	0.5538461538461539	0.773897529769697	0.5511173205614439
1	2	Random	0.8980769230769231	0.6700642611912736	0.475	0.7064698763400641	0.49211709330709674
1	2	iMF (full)	0.8980769230769231	0.8054101026651032	0.55	0.7637330903434543	0.5445211701350624
1	2	Popularity	0.8980769230769231	0.7871132598434658	0.5288461538461539	0.7571553099331244	0.5338914798304102
1	2	kNN (test)	0.8980769230769231	0.8212235349214777	0.5557692307692308	0.7747548321894994	0.5527124660420383
1	2	Normalized kNN (test)	0.8980769230769231	0.7980079178871274	0.5365384615384615	0.7646320994226102	0.5404669189502516
1	2	Average Rating	0.8980769230769231	0.7407221091534664	0.5211538461538462	0.7475658265265055	0.526451221562574
1	2	Normalized kNN (full)	0.8980769230769231	0.7633892018763798	0.5134615384615384	0.7416763586485465	0.5215525566048211
1	2	iMF (test)	0.8980769230769231	0.8043454120954099	0.5346153846153846	0.7605329922110625	0.5383508554838202
2	2	kNN (full)	0.8846153846153846	0.7458119344706546	0.5038461538461538	0.754855848291186	0.49891857107918536
2	2	Random	0.8846153846153846	0.6763208817992186	0.43076923076923074	0.6956313803662789	0.4453457662857799
2	2	iMF (full)	0.8846153846153846	0.7543150731079975	0.4942307692307692	0.7438788351082906	0.48897538926100353
2	2	Popularity	0.8846153846153846	0.730009016197096	0.48846153846153845	0.7485449871588501	0.49121100001210666
2	2	kNN (test)	0.8846153846153846	0.7369028067367298	0.5038461538461538	0.7537696659550038	0.49831127672189096
2	2	Normalized kNN (test)	0.8846153846153846	0.7119756276600507	0.4826923076923077	0.7465148978164954	0.4872717679850138
2	2	Average Rating	0.8846153846153846	0.6918968985363543	0.4730769230769231	0.7380722375355997	0.47914905564403526
2	2	Normalized kNN (full)	0.8846153846153846	0.6956956016375008	0.4730769230769231	0.7378529982001006	0.47979842899077696
2	2	iMF (test)	0.8846153846153846	0.7379252024390006	0.49230769230769234	0.7513014647354151	0.4936930894314901
3	2	kNN (full)	0.8634615384615384	0.7958809810657944	0.5134615384615384	0.760456759910541	0.5121570678958111
3	2	Random	0.8634615384615384	0.68478366249722	0.4807692307692308	0.7343553234356358	0.4856645345982914
3	2	iMF (full)	0.8634615384615384	0.7688817467165722	0.5076923076923077	0.7485513128464251	0.5043206128270511
3	2	Popularity	0.8634615384615384	0.791373577096368	0.5211538461538462	0.7675017714479051	0.5199732858090554
3	2	kNN (test)	0.8634615384615384	0.7955078361565424	0.5173076923076922	0.7619676268871503	0.5142908536502865
3	2	Normalized kNN (test)	0.8634615384615384	0.7662468136193052	0.5096153846153846	0.7554410309518589	0.5087679591176935
3	2	Average Rating	0.8634615384615384	0.7610200622406478	0.5038461538461538	0.746776157643278	0.5019940841077442
3	2	Normalized kNN (full)	0.8634615384615384	0.7699998726595314	0.5096153846153846	0.7542034527405964	0.5067885964758989
3	2	iMF (test)	0.8634615384615384	0.7908576455063245	0.5115384615384616	0.7597436582394859	0.5117165374643551
4	2	kNN (full)	0.8865384615384616	0.8597443885284313	0.5326923076923077	0.7720214607652675	0.5157577476691174
4	2	Random	0.8865384615384616	0.6449317381560159	0.4461538461538461	0.7102306105372053	0.4529558636154289
4	2	iMF (full)	0.8865384615384616	0.8324591702839597	0.5192307692307693	0.756582594241875	0.502465751642691
4	2	Popularity	0.8865384615384616	0.8258441232452244	0.5230769230769231	0.7609602360971762	0.5076955067896988
4	2	kNN (test)	0.8865384615384616	0.8443301230127823	0.5326923076923077	0.7703425840863907	0.5149675162287312
4	2	Normalized kNN (test)	0.8865384615384616	0.7995396517209238	0.5153846153846154	0.7607138469527158	0.504843395622109
4	2	Average Rating	0.8865384615384616	0.7624793852086987	0.49230769230769234	0.7398272674020612	0.48430663898500537
4	2	Normalized kNN (full)	0.8865384615384616	0.7673372691940317	0.49615384615384617	0.7373777635204787	0.4840750061403779
4	2	iMF (test)	0.8865384615384616	0.818798616318351	0.525	0.7646212983231044	0.5090874106930008
5	2	kNN (full)	0.9038461538461539	0.7901454528437639	0.5288461538461539	0.7087950908317041	0.509381961405506
5	2	Random	0.9038461538461539	0.6662030889931446	0.4846153846153846	0.6752970641591249	0.4768058110610539
5	2	iMF (full)	0.9038461538461539	0.7763195662203105	0.5326923076923077	0.7140331670256627	0.513279585247349
5	2	Popularity	0.9038461538461539	0.7608145823741395	0.5192307692307693	0.7122118075198908	0.5085701219275228
5	2	kNN (test)	0.9038461538461539	0.7891523057818461	0.5346153846153846	0.71842002915709	0.5171051237099109
5	2	Normalized kNN (test)	0.9038461538461539	0.7254024460617926	0.5192307692307693	0.7012586256398513	0.5016108708577923
5	2	Average Rating	0.9038461538461539	0.716753450969979	0.5173076923076922	0.7102807009157964	0.5073181026695089
5	2	Normalized kNN (full)	0.9038461538461539	0.7430670732735186	0.5134615384615384	0.682518242679856	0.48977211711845
5	2	iMF (test)	0.9038461538461539	0.7848216991389599	0.5307692307692308	0.7081915863266819	0.5108481942288634
1	5	kNN (full)	0.9788461538461538	0.7685878254798857	0.5326923076923077	0.7303230486952159	0.5237886765532334
1	5	Random	0.9788461538461538	0.5646852542359856	0.43076923076923074	0.6343663546841127	0.43454379676067073
1	5	iMF (full)	0.9788461538461538	0.7644307753889785	0.5230769230769231	0.7228510557114196	0.5128535064434049
1	5	Popularity	0.9788461538461538	0.7287507273411299	0.5096153846153846	0.7219127746905892	0.5107962937127783
1	5	kNN (test)	0.9788461538461538	0.7640326852293728	0.5326923076923077	0.7278607540454213	0.5229642644672113
1	5	Normalized kNN (test)	0.9788461538461538	0.7228306872654738	0.5115384615384616	0.7200412735817845	0.5107611263768119
1	5	Average Rating	0.9788461538461538	0.6556955616944633	0.4788461538461538	0.697300683357227	0.48424853471409884
1	5	Normalized kNN (full)	0.9788461538461538	0.703353611362095	0.4807692307692308	0.6939587984309863	0.48398907304675554
1	5	iMF (test)	0.9788461538461538	0.7476990755312969	0.5269230769230769	0.7316582462357707	0.5229267320705064
2	5	kNN (full)	0.9750000000000001	0.7354697824237812	0.5	0.7506891816245194	0.4952326736432879
2	5	Random	0.9750000000000001	0.49424017952269766	0.375	0.5901988968205288	0.37780178625058647
2	5	iMF (full)	0.9750000000000001	0.7163417236058653	0.46923076923076923	0.7075998363292917	0.4604192468310221
2	5	Popularity	0.9750000000000001	0.6849587556331476	0.47115384615384615	0.7105574985817389	0.47177074767711746
2	5	kNN (test)	0.9750000000000001	0.70865076521915	0.48846153846153845	0.7184750994104372	0.48077687399011987
2	5	Normalized kNN (test)	0.9750000000000001	0.6567083000945407	0.4596153846153846	0.7008971169045968	0.4614510898407938
2	5	Average Rating	0.9750000000000001	0.6311151117996183	0.4461538461538461	0.6904704772461048	0.4510793419206713
2	5	Normalized kNN (full)	0.9750000000000001	0.6706297490082729	0.44999999999999996	0.7080820746791772	0.4542546487256345
2	5	iMF (test)	0.9750000000000001	0.7327978067450763	0.4846153846153846	0.7351868195766524	0.4807695782591399
3	5	kNN (full)	0.9692307692307692	0.7648657660410352	0.49230769230769234	0.730408682987464	0.48928559071398914
3	5	Random	0.9692307692307692	0.6057090801275029	0.4269230769230769	0.6649079360983671	0.4314023480401354
3	5	iMF (full)	0.9692307692307692	0.7292912401903882	0.48846153846153845	0.7258816579399281	0.48504994183614303
3	5	Popularity	0.9692307692307692	0.7664429432141706	0.5	0.7454102965313528	0.4991051756701008
3	5	kNN (test)	0.9692307692307692	0.7684231255754468	0.5	0.7413746781692014	0.49711923216832027
3	5	Normalized kNN (test)	0.9692307692307692	0.7153573954110279	0.4942307692307692	0.7353074839433119	0.4939371255028308
3	5	Average Rating	0.9692307692307692	0.6862540970093024	0.4730769230769231	0.7041366402978783	0.46847898809264815
3	5	Normalized kNN (full)	0.9692307692307692	0.7142074031379496	0.475	0.701643998306142	0.4685901055388659
3	5	iMF (test)	0.9692307692307692	0.7732335390254074	0.5057692307692307	0.7492541922475129	0.5037295503698629
4	5	kNN (full)	0.9769230769230769	0.8539946092157764	0.525	0.7599728790051472	0.5073651658700828
4	5	Random	0.9769230769230769	0.601574272360317	0.4096153846153846	0.6380825104009676	0.40741034749148713
4	5	iMF (full)	0.9769230769230769	0.8104449574618839	0.5096153846153846	0.746280876728619	0.4926397365097705
4	5	Popularity	0.9769230769230769	0.8051797523046275	0.5076923076923077	0.7455840856365387	0.49350279932027824
4	5	kNN (test)	0.9769230769230769	0.8356641005975258	0.5134615384615384	0.7440235505558188	0.49444113642515547
4	5	Normalized kNN (test)	0.9769230769230769	0.7699139054752568	0.5	0.7416063518836824	0.48853676143504
4	5	Average Rating	0.9769230769230769	0.6983959994298766	0.4653846153846154	0.7115710506843059	0.459270730542644
4	5	Normalized kNN (full)	0.9769230769230769	0.7659498007811265	0.4788461538461538	0.7071718583145734	0.4630989432918454
4	5	iMF (test)	0.9769230769230769	0.7891064301321211	0.49038461538461536	0.7240132888406698	0.4765099119055225
5	5	kNN (full)	0.9826923076923078	0.7699734030287579	0.5153846153846154	0.680361718648332	0.4913877957645792
5	5	Random	0.9826923076923078	0.5272079867256072	0.3923076923076923	0.5568877700679592	0.38398608270309526
5	5	iMF (full)	0.9826923076923078	0.7408516941293938	0.5173076923076922	0.6889797482222438	0.4945268832709627
5	5	Popularity	0.9826923076923078	0.7180028002690666	0.48846153846153845	0.66417143415057	0.4742506338257065
5	5	kNN (test)	0.9826923076923078	0.7547353264736282	0.5076923076923077	0.6682986227856836	0.48293303174429675
5	5	Normalized kNN (test)	0.9826923076923078	0.7064888973742799	0.5019230769230769	0.6661650427521507	0.4790114439532153
5	5	Average Rating	0.9826923076923078	0.665944691997839	0.4788461538461538	0.6603933321985045	0.46854870334495946
5	5	Normalized kNN (full)	0.9826923076923078	0.7273771564603598	0.5019230769230769	0.6575397489513622	0.4745103529373002
5	5	iMF (test)	0.9826923076923078	0.7638234386938907	0.5134615384615384	0.6795323982924939	0.4899725087667616
1	10	kNN (full)	1.0	0.755491551543736	0.5134615384615384	0.7048457052612161	0.5034375221463514
1	10	Random	1.0	0.4379392063739178	0.3288461538461539	0.47445119727626267	0.3210756756522054
1	10	iMF (full)	1.0	0.7431773578075215	0.5	0.6760300316445514	0.4858225844687463
1	10	Popularity	1.0	0.6896795505624598	0.4846153846153846	0.6718648629360211	0.47994387635911057
1	10	kNN (test)	1.0	0.7328783938425902	0.5115384615384616	0.6953931786211894	0.5002305983511922
1	10	Normalized kNN (test)	1.0	0.6341994523781886	0.46153846153846156	0.6421449260288786	0.4542423829419445
1	10	Average Rating	1.0	0.5395807466605065	0.4076923076923077	0.5842803598245291	0.40234260534571764
1	10	Normalized kNN (full)	1.0	0.6742889691170698	0.4519230769230769	0.6365913945743175	0.4489582795258454
1	10	iMF (test)	1.0	0.734717133602886	0.5019230769230769	0.6933777946517297	0.49663264695546516
2	10	kNN (full)	1.0	0.6912621674261904	0.4673076923076923	0.6779098775952155	0.4536336642736784
2	10	Random	1.0	0.4218850427453891	0.31153846153846154	0.4587393704807571	0.2977105586200542
2	10	iMF (full)	1.0	0.6907028880769865	0.4519230769230769	0.6671083833378387	0.43664386285826967
2	10	Popularity	1.0	0.6381031205178146	0.4326923076923077	0.6331693340954623	0.42533188313126313
2	10	kNN (test)	1.0	0.6667906569297423	0.45769230769230773	0.6383621567974946	0.4393039811939953
2	10	Normalized kNN (test)	1.0	0.6122560568799525	0.4346153846153846	0.6507243729818529	0.4293180859601244
2	10	Average Rating	1.0	0.5130246307092655	0.38653846153846155	0.5578890220582666	0.3788257859254506
2	10	Normalized kNN (full)	1.0	0.5977756546610673	0.4019230769230769	0.5928799157270183	0.39332954375730494
2	10	iMF (test)	1.0	0.6805785442969601	0.44999999999999996	0.6628792388131893	0.4411027757188085
3	10	kNN (full)	1.0	0.7217128228935434	0.4673076923076923	0.6917573916459552	0.46058570853092945
3	10	Random	1.0	0.4368506567006699	0.33269230769230773	0.49267160073776944	0.326037377122149
3	10	iMF (full)	1.0	0.6939800616197007	0.45576923076923076	0.6750284833367535	0.4477794148716413
3	10	Popularity	1.0	0.7018271483521463	0.4538461538461539	0.6774456506681001	0.44957864920304663
3	10	kNN (test)	1.0	0.716985604512804	0.4673076923076923	0.6929688439849145	0.4603852902484145
3	10	Normalized kNN (test)	1.0	0.6304067969508653	0.44423076923076926	0.6640257919566965	0.44018434644024895
3	10	Average Rating	1.0	0.5764939141864516	0.4096153846153846	0.5788331816792023	0.3936727527109781
3	10	Normalized kNN (full)	1.0	0.6617879174742206	0.4326923076923077	0.634683845901985	0.42054639594755877
3	10	iMF (test)	1.0	0.7210626487469024	0.475	0.7228676414917671	0.477007816730226
4	10	kNN (full)	1.0	0.8099677167418904	0.49615384615384617	0.7179778547985846	0.47462149649597857
4	10	Random	1.0	0.4746716532457556	0.35	0.5191284009071302	0.33312433602522673
4	10	iMF (full)	1.0	0.7735390034676747	0.4807692307692308	0.6966252485403821	0.4591810247312207
4	10	Popularity	1.0	0.7491937901242005	0.47692307692307695	0.7051703219669611	0.46193690643363067
4	10	kNN (test)	1.0	0.7939450671408126	0.49038461538461536	0.6972742528449826	0.46645694003420857
4	10	Normalized kNN (test)	1.0	0.7010875685316097	0.4634615384615385	0.6877824158482079	0.44918271519037795
4	10	Average Rating	1.0	0.6198737861997136	0.4096153846153846	0.6189230753644812	0.3983746322579206
4	10	Normalized kNN (full)	1.0	0.7019242764937421	0.44999999999999996	0.6417729409925792	0.42991464735037127
4	10	iMF (test)	1.0	0.7806069684267192	0.4788461538461538	0.7040731609734401	0.4593300216683985
5	10	kNN (full)	1.0	0.7145655133224798	0.4846153846153846	0.6261340823554782	0.4564818783360373
5	10	Random	1.0	0.4717940763327586	0.3596153846153846	0.5165838056683897	0.35325510791664205
5	10	iMF (full)	1.0	0.6955808894753509	0.49230769230769234	0.640600892778171	0.4645428625683185
5	10	Popularity	1.0	0.6448803250923798	0.46153846153846156	0.6186904649563656	0.4438845304498656
5	10	kNN (test)	1.0	0.712757283678306	0.4846153846153846	0.6286230206100814	0.45648031779158277
5	10	Normalized kNN (test)	1.0	0.6405289247096457	0.46923076923076923	0.6186506006724912	0.4439612218113822
5	10	Average Rating	1.0	0.5754101859035132	0.4230769230769231	0.576865871097514	0.4059567335363905
5	10	Normalized kNN (full)	1.0	0.6358673330278712	0.44423076923076926	0.5544005270621404	0.40702168143423856
5	10	iMF (test)	1.0	0.7170862509431962	0.49038461538461536	0.6377912690513645	0.4623593630311463
1	20	kNN (full)	1.0	0.6845074705614161	0.46153846153846156	0.616719577003509	0.44088707478999783
1	20	Random	1.0	0.32835480172805825	0.25	0.32257269529271865	0.22429069390273454
1	20	iMF (full)	1.0	0.7020125722996015	0.4788461538461538	0.6477268743372382	0.4618206169043234
1	20	Popularity	1.0	0.5944988193990999	0.43076923076923074	0.5792687685542124	0.41935092912093713
1	20	kNN (test)	1.0	0.6560111138684603	0.4538461538461539	0.6096815009922186	0.43463225825188645
1	20	Normalized kNN (test)	1.0	0.5076953604362451	0.3903846153846154	0.5277338123197677	0.37184407603076425
1	20	Average Rating	1.0	0.39898783335208954	0.3288461538461539	0.3933617775526836	0.3035683355135246
1	20	Normalized kNN (full)	1.0	0.594056057944043	0.3961538461538462	0.5431211885127705	0.3844251271715915
1	20	iMF (test)	1.0	0.6851637889270623	0.4634615384615385	0.6395836978849617	0.45052759556640465
2	20	kNN (full)	1.0	0.6453137189767387	0.43653846153846154	0.6145551767405146	0.41745807987895195
2	20	Random	1.0	0.2650071728881303	0.2173076923076923	0.27705649017651635	0.1935969885030577
2	20	iMF (full)	1.0	0.6585501427866747	0.4211538461538461	0.6059820097114652	0.401396016941889
2	20	Popularity	1.0	0.5576577192893819	0.3807692307692308	0.5624817055767005	0.36991493895792343
2	20	kNN (test)	1.0	0.6255511707472324	0.42500000000000004	0.5855843790197168	0.40277874644961853
2	20	Normalized kNN (test)	1.0	0.47131200308136745	0.36153846153846153	0.5253304701943331	0.3449852191565848
2	20	Average Rating	1.0	0.3765613901395176	0.29038461538461535	0.3570179663999769	0.26122387485404025
2	20	Normalized kNN (full)	1.0	0.549234226403533	0.375	0.5518991644521493	0.3626011201309467
2	20	iMF (test)	1.0	0.6284087530190106	0.4096153846153846	0.6083766199723352	0.39919011418451567
3	20	kNN (full)	1.0	0.6832338933936367	0.44423076923076926	0.6438178838357577	0.4331357405951316
3	20	Random	1.0	0.35843601627613647	0.27884615384615385	0.372165373262952	0.2586337144207552
3	20	iMF (full)	1.0	0.6522599935908192	0.43846153846153846	0.6259066370158421	0.42402843933411555
3	20	Popularity	1.0	0.6445576545995354	0.4403846153846154	0.6380521334422327	0.43063914795166486
3	20	kNN (test)	1.0	0.6736656346669564	0.4423076923076923	0.6287060800049136	0.42749758172811486
3	20	Normalized kNN (test)	1.0	0.5263869643101364	0.3903846153846154	0.5511631784602089	0.3760313578364982
3	20	Average Rating	1.0	0.44368044696553455	0.3269230769230769	0.419472677165245	0.2967783798729282
3	20	Normalized kNN (full)	1.0	0.6037624873109699	0.4	0.5617086736015475	0.38237618720569305
3	20	iMF (test)	1.0	0.6989596594655391	0.4538461538461539	0.6547904656146686	0.44379272063685843
4	20	kNN (full)	1.0	0.7222193914831208	0.4519230769230769	0.6489993795701092	0.42758516938641977
4	20	Random	1.0	0.3111256907098922	0.24423076923076922	0.3072118357724944	0.21903368121036695
4	20	iMF (full)	1.0	0.6953709847891939	0.44423076923076926	0.6319345926707964	0.41943609869522636
4	20	Popularity	1.0	0.6690699727547388	0.4230769230769231	0.6211880176576947	0.4031513452095662
4	20	kNN (test)	1.0	0.718017133861928	0.44999999999999996	0.6356479162186459	0.42195974178730794
4	20	Normalized kNN (test)	1.0	0.5615155397131077	0.38461538461538464	0.5561867145409681	0.36129436768606343
4	20	Average Rating	1.0	0.43615699554959897	0.2980769230769231	0.41373046534372054	0.27090008433144974
4	20	Normalized kNN (full)	1.0	0.6185066944164757	0.3923076923076923	0.5247277354858352	0.3610793735648246
4	20	iMF (test)	1.0	0.7012305684551813	0.4423076923076923	0.6654424470408478	0.4264820781628179
5	20	kNN (full)	1.0	0.688696761822163	0.4538461538461539	0.5810372810086769	0.421647947957549
5	20	Random	1.0	0.31457264336070884	0.24423076923076925	0.29003857515644094	0.21599207714004395
5	20	iMF (full)	1.0	0.6684161138873506	0.47115384615384615	0.6023021284563888	0.43895538796024375
5	20	Popularity	1.0	0.6261579105874102	0.4269230769230769	0.5642131408099237	0.40289396717551756
5	20	kNN (test)	1.0	0.6648724373618632	0.4423076923076923	0.5610801468172076	0.4083151172551989
5	20	Normalized kNN (test)	1.0	0.541432973560522	0.40576923076923077	0.5191742056078609	0.37413003321224914
5	20	Average Rating	1.0	0.42073337199430044	0.31346153846153846	0.4005954503417991	0.285271792062363
5	20	Normalized kNN (full)	1.0	0.5817544976964455	0.40576923076923077	0.47799013190174516	0.3600621099648793
5	20	iMF (test)	1.0	0.6816972009797269	0.4519230769230769	0.593010031664292	0.42422232075918387
1	50	kNN (full)	1.0	0.6011203720508728	0.4269230769230769	0.564850327352701	0.40416580551971565
1	50	Random	1.0	0.19774486955443388	0.16153846153846155	0.1779051682608629	0.13819894308558722
1	50	iMF (full)	1.0	0.6287200982898559	0.4519230769230769	0.5889917981389267	0.4297611224132976
1	50	Popularity	1.0	0.46803298709643887	0.3480769230769231	0.42003861930801245	0.326661977649584
1	50	kNN (test)	1.0	0.5499245444496034	0.4096153846153846	0.5082259508234331	0.3778975111206163
1	50	Normalized kNN (test)	1.0	0.35892323996165615	0.3038461538461539	0.35164274038281307	0.27117112144750727
1	50	Average Rating	1.0	0.2559354077681343	0.20384615384615384	0.18760174089451967	0.16386452818810726
1	50	Normalized kNN (full)	1.0	0.4878357378113734	0.3403846153846154	0.43416769959051776	0.323135581872719
1	50	iMF (test)	1.0	0.5836766183901063	0.4153846153846154	0.5844567407922827	0.410439230323512
2	50	kNN (full)	1.0	0.5626311374294318	0.36730769230769234	0.5174476526070204	0.34587231584409295
2	50	Random	1.0	0.14886253569653835	0.1346153846153846	0.14431289683270343	0.11119246705657448
2	50	iMF (full)	1.0	0.5692895284080529	0.3692307692307692	0.5107018249053104	0.34616382364036374
2	50	Popularity	1.0	0.4596139201327419	0.32499999999999996	0.41847121700372814	0.30213042351920466
2	50	kNN (test)	1.0	0.5348662228762514	0.3596153846153846	0.4923459025052704	0.3329986553742786
2	50	Normalized kNN (test)	1.0	0.32113086142441755	0.27115384615384613	0.32013851055636783	0.23768794708496174
2	50	Average Rating	1.0	0.2544420223264621	0.2076923076923077	0.2216186707065636	0.1708158914826305
2	50	Normalized kNN (full)	1.0	0.46447354419327913	0.31923076923076926	0.4391653704683553	0.3010028778192905
2	50	iMF (test)	1.0	0.5663230615666207	0.36538461538461536	0.5264181377918773	0.35059154352035143
3	50	kNN (full)	1.0	0.6133927337511884	0.3923076923076923	0.5453258199605964	0.3747431152331026
3	50	Random	1.0	0.18430867162774847	0.15576923076923077	0.13890431361337416	0.12161451747375326
3	50	iMF (full)	1.0	0.5762515148453771	0.38846153846153847	0.5331802694326929	0.3671842254295178
3	50	Popularity	1.0	0.5189382394217932	0.3480769230769231	0.501111475180433	0.3357293435376476
3	50	kNN (test)	1.0	0.5892312705963147	0.3807692307692308	0.5203674982311749	0.35928718792762776
3	50	Normalized kNN (test)	1.0	0.39145986879597605	0.29230769230769227	0.36169418340297843	0.2606480247663288
3	50	Average Rating	1.0	0.3031544246736354	0.22884615384615387	0.2578898596951139	0.19646932636155234
3	50	Normalized kNN (full)	1.0	0.529257207270602	0.34423076923076923	0.4590703995193079	0.320761153949218
3	50	iMF (test)	1.0	0.6215531252366321	0.41346153846153844	0.590169094124102	0.39840230022898726
4	50	kNN (full)	1.0	0.6798491493842239	0.4269230769230769	0.5917027410234708	0.39545987882757366
4	50	Random	1.0	0.1666304659371255	0.14423076923076922	0.15615811964483273	0.11603445443952398
4	50	iMF (full)	1.0	0.6253540497142418	0.42500000000000004	0.5723862930514266	0.3906005106526713
4	50	Popularity	1.0	0.56229860093926	0.3596153846153846	0.5186292686092137	0.33676988475198855
4	50	kNN (test)	1.0	0.6557565598726434	0.41730769230769227	0.5790799471506769	0.38589394259397836
4	50	Normalized kNN (test)	1.0	0.4599942640443808	0.3173076923076923	0.4454789113801445	0.29003302978525164
4	50	Average Rating	1.0	0.3056965419942659	0.2153846153846154	0.2631089689023814	0.1774243274980483
4	50	Normalized kNN (full)	1.0	0.5336771372501415	0.3403846153846154	0.44716349668600613	0.31155594526015185
4	50	iMF (test)	1.0	0.6377688519732231	0.4019230769230769	0.6048206845062375	0.38649413845523
5	50	kNN (full)	1.0	0.6101450605045995	0.4076923076923077	0.5082471626303232	0.3707052566707282
5	50	Random	1.0	0.16876970848969822	0.14038461538461539	0.1238580508876814	0.10635396668751401
5	50	iMF (full)	1.0	0.5721940558724155	0.4076923076923077	0.488295151134194	0.36654007062789884
5	50	Popularity	1.0	0.4762181639373266	0.32499999999999996	0.4202969263054739	0.2956115698893217
5	50	kNN (test)	1.0	0.5863790880581289	0.3961538461538462	0.5056582048530831	0.36398707562213023
5	50	Normalized kNN (test)	1.0	0.35722256422265936	0.29038461538461535	0.32715564804170266	0.2493790584888393
5	50	Average Rating	1.0	0.28850372686381975	0.22307692307692306	0.2414048790937504	0.1833441439822002
5	50	Normalized kNN (full)	1.0	0.507325912600976	0.3403846153846154	0.39990152517536753	0.29688106941739517
5	50	iMF (test)	1.0	0.6097203456872997	0.4153846153846154	0.5434302707501489	0.38692238398726364
1	100	kNN (full)	1.0	0.5114523527146304	0.3692307692307692	0.4900543775042302	0.34086118109745733
1	100	Random	1.0	0.12528840116531123	0.1	0.1085894794654085	0.07870773344796066
1	100	iMF (full)	1.0	0.5341265434952503	0.3807692307692308	0.46663796732921353	0.34819287390649223
1	100	Popularity	1.0	0.35562927256490123	0.25961538461538464	0.2905862826133051	0.22799654141176257
1	100	kNN (test)	1.0	0.47468147257562276	0.35	0.43345336443000276	0.3156774353675565
1	100	Normalized kNN (test)	1.0	0.2514924908738218	0.21538461538461537	0.2055941712769504	0.1729762639548538
1	100	Average Rating	1.0	0.19647402187038826	0.15192307692307694	0.13610608803217883	0.11695833719240455
1	100	Normalized kNN (full)	1.0	0.45750738825306464	0.3057692307692308	0.40875140406306276	0.2921442627545042
1	100	iMF (test)	1.0	0.5305912084702846	0.3807692307692308	0.5184164150956933	0.3656779251032749
2	100	kNN (full)	1.0	0.4927228248238252	0.3384615384615385	0.46603642564041176	0.31083365875383845
2	100	Random	1.0	0.09776774642523191	0.09038461538461538	0.08055380126040385	0.06954444069470976
2	100	iMF (full)	1.0	0.5198658880009893	0.34615384615384615	0.46996346265568406	0.3190568983492029
2	100	Popularity	1.0	0.3618092153247056	0.24615384615384617	0.3073987896707039	0.22392151522918546
2	100	kNN (test)	1.0	0.47017443974477485	0.32499999999999996	0.4301898647938509	0.2945049260283446
2	100	Normalized kNN (test)	1.0	0.24351166682379455	0.2153846153846154	0.22017017569580324	0.17652703555551488
2	100	Average Rating	1.0	0.2017184198283177	0.15192307692307694	0.13903650208716092	0.1195101322216361
2	100	Normalized kNN (full)	1.0	0.42637619674399335	0.2865384615384615	0.4036329819527271	0.2705489233796425
2	100	iMF (test)	1.0	0.4848698006438512	0.3096153846153846	0.4496246813989216	0.28978947769299157
3	100	kNN (full)	1.0	0.4941724528832373	0.3269230769230769	0.4386272266435259	0.3006407768093124
3	100	Random	1.0	0.13046896702460342	0.11153846153846153	0.12480212371347411	0.08922736996498401
3	100	iMF (full)	1.0	0.4896699296639172	0.34423076923076923	0.4603478144922097	0.3183998472335802
3	100	Popularity	1.0	0.4075845196911224	0.275	0.35734997277615543	0.24850444322501503
3	100	kNN (test)	1.0	0.4870893033159861	0.3230769230769231	0.43265054665616837	0.29391311987306723
3	100	Normalized kNN (test)	1.0	0.2482244038249514	0.21346153846153845	0.19919841094918678	0.16757269577871362
3	100	Average Rating	1.0	0.22406221574753266	0.1769230769230769	0.180553119917938	0.14224048725618268
3	100	Normalized kNN (full)	1.0	0.4623692157694953	0.3096153846153846	0.4164153660067426	0.281964019909169
3	100	iMF (test)	1.0	0.5243904251572926	0.34615384615384615	0.4657487087267613	0.32111766271382475
4	100	kNN (full)	1.0	0.6078818534409778	0.37692307692307697	0.539323707406104	0.34985065294915346
4	100	Random	1.0	0.09009330653893638	0.08461538461538462	0.08871856888687689	0.06516621540135754
4	100	iMF (full)	1.0	0.541756929269511	0.37884615384615383	0.490641423671903	0.33905817267390986
4	100	Popularity	1.0	0.46953054315995174	0.31346153846153846	0.40117700229737674	0.2803147445574401
4	100	kNN (test)	1.0	0.5745391521171573	0.3576923076923077	0.492292746913605	0.3258972284179258
4	100	Normalized kNN (test)	1.0	0.31675151600710905	0.24423076923076922	0.3122248085919565	0.20864963870880476
4	100	Average Rating	1.0	0.23395181440665297	0.16153846153846155	0.1921360153848789	0.12820952975260427
4	100	Normalized kNN (full)	1.0	0.4715297382713978	0.3057692307692308	0.3974306703645511	0.27625322963261395
4	100	iMF (test)	1.0	0.5557522860262052	0.3480769230769231	0.5186923238834173	0.32823869836251435
5	100	kNN (full)	1.0	0.5547901138944519	0.375	0.47590075205501237	0.3416956546519102
5	100	Random	1.0	0.12683783002347443	0.09615384615384616	0.10623826494569528	0.08066928006109057
5	100	iMF (full)	1.0	0.5056187420232937	0.36153846153846153	0.42785654408433377	0.3190900646576264
5	100	Popularity	1.0	0.4134358338589533	0.27884615384615385	0.3481037531931831	0.24899658069705535
5	100	kNN (test)	1.0	0.528982389934897	0.3596153846153846	0.45947130495101285	0.327115015597587
5	100	Normalized kNN (test)	1.0	0.2796483160173622	0.23269230769230773	0.2433813477232847	0.18666243883078762
5	100	Average Rating	1.0	0.20716271837323078	0.15961538461538463	0.15631880503708812	0.12227741031931266
5	100	Normalized kNN (full)	1.0	0.4726857061273606	0.3211538461538461	0.3730091027599104	0.2754399530107417
5	100	iMF (test)	1.0	0.5631004646188863	0.37307692307692303	0.47896486404655403	0.3384595157867549
1	200	kNN (full)	1.0	0.4129097382189691	0.3096153846153846	0.36142791794578105	0.2771930793994675
1	200	Random	1.0	0.06488076757487474	0.057692307692307696	0.03596005994464377	0.037420646707538675
1	200	iMF (full)	1.0	0.45752960158474915	0.3288461538461539	0.3878216039540266	0.2918620709782852
1	200	Popularity	1.0	0.25390201933236367	0.18076923076923077	0.19513857202986915	0.15171095990981429
1	200	kNN (test)	1.0	0.3791059424051799	0.29615384615384616	0.3239305643119185	0.25677154980313444
1	200	Normalized kNN (test)	1.0	0.1510324248951481	0.14423076923076922	0.1252699037887813	0.11014308794265434
1	200	Average Rating	1.0	0.13230946319911016	0.10384615384615385	0.07850518651956791	0.07333987988588692
1	200	Normalized kNN (full)	1.0	0.34170573019350176	0.23076923076923078	0.29437018046578434	0.21303992092581014
1	200	iMF (test)	1.0	0.42338745556042423	0.3173076923076923	0.40172598715759683	0.29251480840855665
2	200	kNN (full)	1.0	0.4320541661506103	0.28076923076923077	0.3900866678510313	0.2517637961458591
2	200	Random	1.0	0.07307278986307139	0.06538461538461539	0.046630101202296395	0.04590411279652766
2	200	iMF (full)	1.0	0.4512430225815789	0.2980769230769231	0.3992384793964599	0.2669533038410949
2	200	Popularity	1.0	0.2904950951520368	0.18846153846153849	0.2516710297453325	0.17568021930898267
2	200	kNN (test)	1.0	0.3968087365757382	0.2692307692307692	0.3228409506053141	0.23253673789618887
2	200	Normalized kNN (test)	1.0	0.14459310817201293	0.13653846153846153	0.12111186544765075	0.10792174704146833
2	200	Average Rating	1.0	0.13638085757847893	0.1076923076923077	0.09096607871063558	0.08107295929559678
2	200	Normalized kNN (full)	1.0	0.3440075171305814	0.23653846153846156	0.3447773888638944	0.222468018147409
2	200	iMF (test)	1.0	0.3968380896052865	0.2557692307692308	0.38834678345992607	0.24186667572242285
3	200	kNN (full)	1.0	0.4257823191771787	0.29038461538461535	0.4004672673040266	0.2688600529062852
3	200	Random	1.0	0.052598044015204945	0.04423076923076923	0.038009260572647995	0.033367859725325785
3	200	iMF (full)	1.0	0.39864161704305706	0.29423076923076924	0.3849785162889598	0.2678237756218659
3	200	Popularity	1.0	0.32941882641359793	0.20961538461538462	0.28193222217092306	0.19240160131726064
3	200	kNN (test)	1.0	0.4130574312838048	0.28076923076923077	0.38631550013115973	0.2573384964811803
3	200	Normalized kNN (test)	1.0	0.16908672459923554	0.15	0.16087205259278872	0.12269590980942617
3	200	Average Rating	1.0	0.14297959310346559	0.11730769230769232	0.1050436336617106	0.09260119345243266
3	200	Normalized kNN (full)	1.0	0.3870529461335258	0.2519230769230769	0.3619870316371661	0.2352314010768713
3	200	iMF (test)	1.0	0.43127106424818307	0.29423076923076924	0.39721346758039583	0.2665085285838072
4	200	kNN (full)	1.0	0.5204249784258212	0.3230769230769231	0.4477738946917712	0.2906086951679861
4	200	Random	1.0	0.052792527193324876	0.04807692307692308	0.04174333491574575	0.03359758133753777
4	200	iMF (full)	1.0	0.458639861389296	0.3269230769230769	0.41095081977561343	0.2851353557736242
4	200	Popularity	1.0	0.3623016639889754	0.2403846153846154	0.28742314866157287	0.2080623239565207
4	200	kNN (test)	1.0	0.4843295525372612	0.29230769230769227	0.3822787487292728	0.257285316155861
4	200	Normalized kNN (test)	1.0	0.19916078977536472	0.15384615384615385	0.1875969047936798	0.12377356880178804
4	200	Average Rating	1.0	0.16482798344558663	0.11538461538461539	0.12441964081142755	0.08490130090555667
4	200	Normalized kNN (full)	1.0	0.40818331656902335	0.26153846153846155	0.35928257709621325	0.24465845109445894
4	200	iMF (test)	1.0	0.48398046647260096	0.31346153846153846	0.42925972548342756	0.2823701384557906
5	200	kNN (full)	1.0	0.44465215520625134	0.29230769230769227	0.36405326721233977	0.25892807918779465
5	200	Random	1.0	0.06809677051150251	0.05384615384615385	0.061843185375121026	0.04242442601161754
5	200	iMF (full)	1.0	0.4111120628979203	0.3038461538461539	0.35830635209042466	0.26707994045843103
5	200	Popularity	1.0	0.33800316355279647	0.22115384615384615	0.25505562485093713	0.1857177138278632
5	200	kNN (test)	1.0	0.4356246147087631	0.28846153846153844	0.3492610344853244	0.25270423554771476
5	200	Normalized kNN (test)	1.0	0.16141683621870648	0.14615384615384616	0.14751178542570387	0.11355576688569212
5	200	Average Rating	1.0	0.14382659396424644	0.1076923076923077	0.09843508075184614	0.08122769336668821
5	200	Normalized kNN (full)	1.0	0.34953321681730787	0.2557692307692308	0.3256145457775051	0.2231100237750498
5	200	iMF (test)	1.0	0.43615571209855725	0.3038461538461539	0.3896239587756784	0.27397186940881446
1	500	kNN (full)	1.0	0.2874718012494433	0.1980769230769231	0.21342107649589306	0.16099343969355012
1	500	Random	1.0	0.02087837612247528	0.023076923076923075	0.01689102936038209	0.014995669995404302
1	500	iMF (full)	1.0	0.3046949514939293	0.23461538461538464	0.24828632903503584	0.19559663097609603
1	500	Popularity	1.0	0.1722806932784048	0.11346153846153847	0.12440401769995736	0.09378958659473059
1	500	kNN (test)	1.0	0.2682917794277768	0.1903846153846154	0.18277641877722642	0.14759012116386583
1	500	Normalized kNN (test)	1.0	0.07786540579747322	0.07500000000000001	0.052898722678170494	0.05083752343791619
1	500	Average Rating	1.0	0.09343342938601061	0.07115384615384615	0.04836633901585684	0.04624282575423536
1	500	Normalized kNN (full)	1.0	0.2241519563708732	0.16346153846153846	0.21421580925140216	0.1497879818702215
1	500	iMF (test)	1.0	0.27241560436652945	0.20961538461538462	0.227353929642139	0.17687166193987675
2	500	kNN (full)	1.0	0.32886934840147786	0.2173076923076923	0.28734098848127	0.19076259396297673
2	500	Random	1.0	0.022959494843942344	0.025	0.012858809190160879	0.01576969970433468
2	500	iMF (full)	1.0	0.3148344636702405	0.21346153846153845	0.2646477659757821	0.18371362884735884
2	500	Popularity	1.0	0.20811110471733232	0.12115384615384615	0.15785536628394445	0.10853753970946813
2	500	kNN (test)	1.0	0.2934973349903759	0.19423076923076923	0.2223961001868823	0.16099670656804074
2	500	Normalized kNN (test)	1.0	0.06465412774059885	0.07115384615384615	0.045589003110197056	0.04647184060005084
2	500	Average Rating	1.0	0.08636861099235488	0.06923076923076923	0.04984709067067321	0.04904990563629526
2	500	Normalized kNN (full)	1.0	0.22195699719183015	0.15576923076923077	0.21377282038574455	0.13823008944934576
2	500	iMF (test)	1.0	0.3020321539539604	0.1903846153846154	0.2454001845468478	0.17400733025375315
3	500	kNN (full)	1.0	0.294223534760166	0.2076923076923077	0.2601906190592315	0.18338919462960696
3	500	Random	1.0	0.017986305917317355	0.015384615384615385	0.016492914979757085	0.011677836474996718
3	500	iMF (full)	1.0	0.2618889937322245	0.2173076923076923	0.2538492341920931	0.18373577084441126
3	500	Popularity	1.0	0.23494521740244897	0.14423076923076922	0.20409471281733538	0.13125490270392381
3	500	kNN (test)	1.0	0.30204292514083336	0.20192307692307693	0.26004824935164444	0.17867404509575058
3	500	Normalized kNN (test)	1.0	0.07545557007068107	0.08076923076923077	0.06137352615811402	0.05862764831382154
3	500	Average Rating	1.0	0.07941659514079423	0.05576923076923078	0.034445035673979135	0.03717555343968858
3	500	Normalized kNN (full)	1.0	0.24180258599314702	0.17884615384615385	0.26255581710710196	0.16786301007569826
3	500	iMF (test)	1.0	0.2920058017459325	0.21538461538461537	0.2566601225722764	0.1871935947254578
4	500	kNN (full)	1.0	0.394772561664995	0.23846153846153847	0.3043022022244161	0.20308709274127715
4	500	Random	1.0	0.04046469799058786	0.03076923076923077	0.034161305952916284	0.025875888754877615
4	500	iMF (full)	1.0	0.33299876819215324	0.22884615384615387	0.26910563083693584	0.1876687751603915
4	500	Popularity	1.0	0.2565353111350612	0.16346153846153846	0.21232285053837266	0.14652840792520827
4	500	kNN (test)	1.0	0.38655163723878033	0.23461538461538464	0.2997853824902051	0.19725014757740889
4	500	Normalized kNN (test)	1.0	0.11079906642190311	0.09038461538461538	0.09615913533619593	0.06208090729213625
4	500	Average Rating	1.0	0.1032882876466468	0.06923076923076923	0.06680117442779433	0.0464513749023554
4	500	Normalized kNN (full)	1.0	0.2878083995327573	0.18076923076923077	0.24884649616594628	0.1640479712560913
4	500	iMF (test)	1.0	0.32676585439388084	0.20384615384615384	0.24877417579923375	0.1708714397911839
5	500	kNN (full)	1.0	0.344387726964018	0.23076923076923078	0.28564946105118066	0.19730536077765354
5	500	Random	1.0	0.016990455603200744	0.015384615384615385	0.008151634728647113	0.008628932801504953
5	500	iMF (full)	1.0	0.2987739035828301	0.23461538461538461	0.25242570513720736	0.19291251012749452
5	500	Popularity	1.0	0.23621970945204598	0.14807692307692308	0.18049520315176865	0.125530813688921
5	500	kNN (test)	1.0	0.3255152130471926	0.2057692307692308	0.2508423209518579	0.170755209578804
5	500	Normalized kNN (test)	1.0	0.07484365396281037	0.08269230769230769	0.0591444516127347	0.05353336291029119
5	500	Average Rating	1.0	0.09595418581031177	0.06923076923076923	0.054007441326141686	0.04716047474271593
5	500	Normalized kNN (full)	1.0	0.25408849133379	0.18653846153846151	0.23635132959613037	0.16024482444618046
5	500	iMF (test)	1.0	0.312705750231741	0.20961538461538462	0.2566750964924508	0.18047843678501907
1	1042	kNN (full)	1.0	0.22585997448320702	0.1576923076923077	0.15957881160844212	0.12317312546516253
1	1042	Random	1.0	0.01802333797467062	0.019230769230769232	0.01365252571426975	0.012918975841582319
1	1042	iMF (full)	1.0	0.24631553382190363	0.18653846153846157	0.1848476071010408	0.14818148653676605
1	1042	Popularity	1.0	0.12429556777047292	0.08269230769230769	0.10155906064252097	0.07216759878313457
1	1042	kNN (test)	1.0	0.20795486206148023	0.14807692307692308	0.14313889134208996	0.11371513562925896
1	1042	Normalized kNN (test)	1.0	0.03877237889752456	0.03653846153846154	0.03000100965786239	0.026030192728850706
1	1042	Average Rating	1.0	0.06857844435069661	0.05384615384615385	0.035313287154166526	0.033903082164491775
1	1042	Normalized kNN (full)	1.0	0.15155538797340165	0.1076923076923077	0.14291462498744412	0.10040660340033034
1	1042	iMF (test)	1.0	0.16812687728511472	0.12115384615384615	0.13727395111909588	0.10278855228254341
2	1042	kNN (full)	1.0	0.23553539174236454	0.16346153846153846	0.20304671370375552	0.141779507403163
2	1042	Random	1.0	0.007075408792567938	0.00576923076923077	0.001751733591356233	0.0025918525918525916
2	1042	iMF (full)	1.0	0.2330088314745364	0.16153846153846155	0.21208174388240272	0.13874083522005168
2	1042	Popularity	1.0	0.15644735382379998	0.07884615384615386	0.11633336552870405	0.07146904888554687
2	1042	kNN (test)	1.0	0.2187792350998817	0.14423076923076922	0.18043657399411644	0.12427700857393699
2	1042	Normalized kNN (test)	1.0	0.02437875644205585	0.026923076923076925	0.014171207637686962	0.01613987033067229
2	1042	Average Rating	1.0	0.05576243767371905	0.04615384615384616	0.03157247161869685	0.03287814313356109
2	1042	Normalized kNN (full)	1.0	0.142804027051428	0.10384615384615385	0.1270132443573006	0.08967146272613108
2	1042	iMF (test)	1.0	0.2262750996696742	0.14038461538461539	0.19441595330412723	0.12940145234746386
3	1042	kNN (full)	1.0	0.2180655188005128	0.15	0.17474166030086036	0.1226040334759262
3	1042	Random	1.0	0.023906953355721423	0.01730769230769231	0.02076709118320524	0.015212076303797652
3	1042	iMF (full)	1.0	0.1735163391475535	0.14423076923076922	0.1383782061773176	0.10824847385132674
3	1042	Popularity	1.0	0.17002303815721784	0.10192307692307692	0.16146011476945135	0.09543058142175544
3	1042	kNN (test)	1.0	0.2265826602998488	0.14615384615384613	0.18024368869842625	0.12155721704449439
3	1042	Normalized kNN (test)	1.0	0.029095337160160908	0.032692307692307694	0.01865505764988061	0.01935149715409383
3	1042	Average Rating	1.0	0.06091624658392702	0.04230769230769231	0.027452405951886936	0.02974034938644739
3	1042	Normalized kNN (full)	1.0	0.16201690158600096	0.13076923076923078	0.18679182004107212	0.11705865133533667
3	1042	iMF (test)	1.0	0.21448542401930265	0.15192307692307694	0.19636714552015722	0.1314417550917826
4	1042	kNN (full)	1.0	0.3253199607933705	0.1903846153846154	0.25973384466461547	0.16370783393149915
4	1042	Random	1.0	0.02709040310433883	0.025	0.013077932455467501	0.015385586728848731
4	1042	iMF (full)	1.0	0.26036102609396455	0.18269230769230768	0.20734818287646742	0.14639586697175314
4	1042	Popularity	1.0	0.18026313175227832	0.10961538461538461	0.15017563456689878	0.10127124096422385
4	1042	kNN (test)	1.0	0.31054931409104847	0.18846153846153849	0.25426547044624126	0.16022123638381564
4	1042	Normalized kNN (test)	1.0	0.05890102186296929	0.044230769230769226	0.04666919659139727	0.026620443121692615
4	1042	Average Rating	1.0	0.07434731392964453	0.051923076923076926	0.05105402264340851	0.031945559080750106
4	1042	Normalized kNN (full)	1.0	0.19934658510707906	0.12692307692307694	0.1783520261727038	0.11315566784772556
4	1042	iMF (test)	1.0	0.269487588699151	0.17307692307692307	0.21714891294586683	0.14467034285133773
5	1042	kNN (full)	1.0	0.2660036640489844	0.18076923076923077	0.20296865465713898	0.14328377852634086
5	1042	Random	1.0	0.007212093318432065	0.00576923076923077	0.0051240154181330655	0.004477729477729477
5	1042	iMF (full)	1.0	0.21103440677069327	0.17307692307692307	0.16140560051416156	0.13187278326792964
5	1042	Popularity	1.0	0.17430474595863774	0.10576923076923077	0.1400526419346247	0.09474646075122665
5	1042	kNN (test)	1.0	0.25606884802992647	0.15961538461538463	0.17721325394043794	0.12599311332379276
5	1042	Normalized kNN (test)	1.0	0.02680350781129935	0.032692307692307694	0.021178339456792143	0.020523746399386398
5	1042	Average Rating	1.0	0.062039178573366535	0.04423076923076923	0.03268818717987516	0.029343396695373426
5	1042	Normalized kNN (full)	1.0	0.1645205054602173	0.12884615384615386	0.1678312999667657	0.1099490848702136
5	1042	iMF (test)	1.0	0.23182986576206513	0.15192307692307694	0.17313534537084138	0.12079065703048766
