fold	target size	recommender system	Coverage@10	nDCG@10	P@10	Recall@10	FScore@10
2	100	Average Rating	1.0	0.17958077021739932	0.1630965005302227	0.13527343503808426	0.1241379287636826
2	100	iMF (test)	1.0	0.38880905802135496	0.2907741251325557	0.34614022673681905	0.2597092918943348
2	100	Normalized kNN (full)	1.0	0.42037160756319625	0.30424178154825027	0.3650072336702994	0.2743229806218483
2	100	Random	1.0	0.12672047144533566	0.11219512195121951	0.09715213632902814	0.08610969194690098
2	100	iMF (full)	1.0	0.544508209286195	0.3928950159066808	0.45931573222725014	0.35018769658739074
2	100	Popularity	1.0	0.3038292323403822	0.2388123011664899	0.24506149637012045	0.1998006692410769
2	100	kNN (test)	1.0	0.5040278178949571	0.355355249204666	0.4221695837964513	0.31851236419037765
2	100	Normalized kNN (test)	1.0	0.21717432286044167	0.1968186638388123	0.1618277924338048	0.1504640881913063
2	100	kNN (full)	1.0	0.5056090718580375	0.3555673382820785	0.4233605798676491	0.31902218944615807
2	200	Average Rating	1.0	0.1265468446292157	0.11580063626723223	0.09900525216429179	0.08858781054833742
2	200	iMF (test)	1.0	0.2618475373334911	0.2088016967126193	0.23067711299414226	0.17988446236226793
2	200	Normalized kNN (full)	1.0	0.33595109796599937	0.24814422057264052	0.3061504841407778	0.2252461961178161
2	200	Random	1.0	0.07296119982855992	0.06511134676564158	0.052511037242172556	0.047729838747223065
2	200	iMF (full)	1.0	0.46721430700418815	0.3397667020148462	0.38871279179371054	0.2991421265044891
2	200	Popularity	1.0	0.23021682502616836	0.18589607635206787	0.18674093803038394	0.1539725810368832
2	200	kNN (test)	1.0	0.42709821184991076	0.3056203605514316	0.3547580035742745	0.2693992924994943
2	200	Normalized kNN (test)	1.0	0.15724795386974968	0.1383881230116649	0.11270100284396208	0.105141534089999
2	200	kNN (full)	1.0	0.43073226211082594	0.3080593849416755	0.3594135909798969	0.2724671129024986
2	50	Average Rating	1.0	0.2642193654626946	0.23987274655355248	0.22258672978579078	0.19426344135363174
2	50	iMF (test)	1.0	0.5087501776418725	0.36914103923647934	0.4500498043468787	0.33605749952528885
2	50	Normalized kNN (full)	1.0	0.5096012126963406	0.3678685047720042	0.4288506966667082	0.32947720636668154
2	50	Random	1.0	0.1982493234086437	0.16967126193001061	0.16438153779898831	0.138600790980614
2	50	iMF (full)	1.0	0.6272702160218353	0.45217391304347826	0.53590484490699	0.40809934796693004
2	50	Popularity	1.0	0.3860506943119484	0.3012725344644751	0.31946561921388555	0.2567579101031227
2	50	kNN (test)	1.0	0.595283709232928	0.4246023329798515	0.505265628263254	0.3835069793424663
2	50	Normalized kNN (test)	1.0	0.27603269870190683	0.24125132555673381	0.21547162658089558	0.19183218583971168
2	50	kNN (full)	1.0	0.5962996605251175	0.42407211028632025	0.504963262436824	0.38302711528905853
2	1000	Average Rating	1.0	0.0333149936208946	0.03913043478260869	0.027878805767031403	0.027370765151468676
2	1000	iMF (test)	1.0	0.14711408987973137	0.11792152704135737	0.12815765589741784	0.09935663012829188
2	1000	Normalized kNN (full)	1.0	0.19821600968259057	0.15312831389183457	0.19133488644304	0.13859678810588213
2	1000	Random	1.0	0.01600769109565378	0.014952279957582186	0.009478654001198515	0.010159462831316577
2	1000	iMF (full)	1.0	0.36312589413873897	0.2610816542948038	0.2826703246541398	0.22372258942618975
2	1000	Popularity	1.0	0.1686725357829988	0.1327677624602333	0.1341618959562793	0.10940121451682151
2	1000	kNN (test)	1.0	0.3315404054033011	0.23806998939554613	0.2602525495395117	0.2033168549401317
2	1000	Normalized kNN (test)	1.0	0.058059998679472556	0.06002120890774125	0.04720392741903234	0.04413050010129826
2	1000	kNN (full)	1.0	0.33116660737591536	0.2388123011664899	0.2588482059254864	0.2037221480922144
2	1682	Average Rating	1.0	0.02163031588287297	0.025980911983032873	0.01908233082132865	0.01883300253671554
2	1682	iMF (test)	1.0	0.12937661664584332	0.10413573700954401	0.11523778106637374	0.08827918594335314
2	1682	Normalized kNN (full)	1.0	0.18863420635721004	0.14750795334040295	0.17925119413398155	0.13228535362478436
2	1682	Random	1.0	0.008167585199924093	0.0072110286320254515	0.006194953532397865	0.005432198343654727
2	1682	iMF (full)	1.0	0.35541932421521516	0.25726405090137855	0.2780457196257765	0.22004671747044854
2	1682	Popularity	1.0	0.16599244579065928	0.1310710498409332	0.13162110613489597	0.10764130518842448
2	1682	kNN (test)	1.0	0.3269718420341126	0.23520678685047722	0.2550343126678942	0.20014884970280206
2	1682	Normalized kNN (test)	1.0	0.04582690819599938	0.05153764581124072	0.03926629531572492	0.03724969241058931
2	1682	kNN (full)	1.0	0.3259793608694976	0.23584305408271475	0.25214759535881254	0.20030014645052938
2	500	Average Rating	1.0	0.06595000847927562	0.07401908801696712	0.05176031693551849	0.05229259363922615
2	500	iMF (test)	1.0	0.17609830637547286	0.14050901378579003	0.15080793280763688	0.11821330348639847
2	500	Normalized kNN (full)	1.0	0.22790852111459683	0.17550371155885472	0.21970997968005454	0.1591304497077701
2	500	Random	1.0	0.03262932409372683	0.03107104984093319	0.022983285316230933	0.022466446309522964
2	500	iMF (full)	1.0	0.38904175671096997	0.2841993637327678	0.3114737863655791	0.24410717258353515
2	500	Popularity	1.0	0.18151495720278998	0.14559915164369036	0.14514265050724312	0.11934517651763815
2	500	kNN (test)	1.0	0.3476754906112746	0.25196182396606576	0.2744602213835618	0.21534203238441105
2	500	Normalized kNN (test)	1.0	0.10199256236539453	0.09310710498409332	0.07540530482217603	0.06987396124579599
2	500	kNN (full)	1.0	0.3491279023797011	0.25376458112407213	0.27744113016556304	0.2172867340160259
2	5	Average Rating	0.9763520678685048	0.6950318559502849	0.5180275715800636	0.6338976757506152	0.4773628725206913
2	5	iMF (test)	0.9763520678685048	0.7801550256533621	0.5540827147401909	0.683152029874414	0.5156973658405668
2	5	Normalized kNN (full)	0.9763520678685048	0.7279808154218093	0.5154825026511135	0.634640146802616	0.476343937050432
2	5	Random	0.9763520678685048	0.5239367871125888	0.4061505832449629	0.548652228431348	0.3901834490522292
2	5	iMF (full)	0.9763520678685048	0.7792578137303648	0.5530222693531283	0.6822670560900536	0.5142921761450701
2	5	Popularity	0.9763520678685048	0.6625000533610261	0.48197242841993637	0.609276089013368	0.45077176543038233
2	5	kNN (test)	0.9763520678685048	0.7666711752662689	0.5411452810180276	0.6716756376042027	0.5039101567162733
2	5	Normalized kNN (test)	0.9763520678685048	0.6912454494698168	0.5209968186638388	0.6368718940884931	0.47974148498792896
2	5	kNN (full)	0.9763520678685048	0.7675349972625322	0.5415694591728526	0.6721208751751065	0.5044470966647299
2	20	Average Rating	1.0	0.5313237348601632	0.41378579003181337	0.45001383998175376	0.3590523014576852
2	20	iMF (test)	1.0	0.677325078848609	0.4923647932131495	0.5942565705396895	0.4505023192976718
2	20	Normalized kNN (full)	1.0	0.6181481268385778	0.44464475079533405	0.5102065205115653	0.39771346007134306
2	20	Random	1.0	0.3249218807220605	0.2651113467656416	0.2973154453978414	0.2310826562126531
2	20	iMF (full)	1.0	0.6970994969748133	0.504559915164369	0.6085125101081165	0.46149873544568426
2	20	Popularity	1.0	0.4582992831418264	0.34337221633085896	0.37519276868769946	0.29776988770834434
2	20	kNN (test)	1.0	0.6695360391297221	0.4802757158006362	0.5836634186611078	0.44003969624015843
2	20	Normalized kNN (test)	1.0	0.4904503905492269	0.3954400848356309	0.42745659591429913	0.3419067122533986
2	20	kNN (full)	1.0	0.6721639947161714	0.4810180275715801	0.5843802082817685	0.4409841439804165
2	10	Average Rating	1.0	0.6114917322208986	0.46415694591728524	0.5437111723981498	0.4175546840077046
2	10	iMF (test)	1.0	0.7540529613118281	0.5354188759278897	0.6600906985653155	0.4979203149968852
2	10	Normalized kNN (full)	1.0	0.6755456595092447	0.47900318133616115	0.5685137963575283	0.4345019580662562
2	10	Random	1.0	0.42311634868206643	0.33838812301166493	0.41884970901583957	0.3116894257405146
2	10	iMF (full)	1.0	0.7539865925433658	0.5356309650053023	0.6556433808556636	0.4955050819520192
2	10	Popularity	1.0	0.5799598140126364	0.4306468716861082	0.5204110368468957	0.3910059744049449
2	10	kNN (test)	1.0	0.733536724035601	0.5200424178154824	0.6444350041180994	0.4823474274931216
2	10	Normalized kNN (test)	1.0	0.5680965850394858	0.452492046659597	0.5282613988787871	0.40612110567460363
2	10	kNN (full)	1.0	0.7322251271439962	0.5179215270413573	0.6408483872049443	0.48032886647497325
2	1	Average Rating	0.8742311770943796	0.7950072406421541	0.5638388123011665	0.6964164003479749	0.5258904618787047
2	1	iMF (test)	0.8742311770943796	0.8174766678816892	0.5777306468716861	0.7080531127562492	0.5377650924815588
2	1	Normalized kNN (full)	0.8742311770943796	0.772799511819281	0.5455991516436903	0.6756465273692033	0.5084635781564113
2	1	Random	0.8742311770943796	0.6299835214846314	0.4619300106044539	0.6220610947300755	0.4484381313420715
2	1	iMF (full)	0.8742311770943796	0.7975277363866465	0.5653234358430541	0.6964806352818814	0.526689828107234
2	1	Popularity	0.8742311770943796	0.7345114049074197	0.5270413573700954	0.6705091404064198	0.49824896640679966
2	1	kNN (test)	0.8742311770943796	0.7944044267626714	0.5622481442205727	0.6941614637322442	0.5241968394532497
2	1	Normalized kNN (test)	0.8742311770943796	0.7915195723818532	0.566489925768823	0.6977816125589917	0.5276679756558718
2	1	kNN (full)	0.8742311770943796	0.7948590844545975	0.5625662778366914	0.6953532626730883	0.524715865992512
2	2	Average Rating	0.907847295864263	0.7874093012653872	0.5591728525980911	0.6890269475714597	0.5204545349326938
2	2	iMF (test)	0.907847295864263	0.8098512798250533	0.572746553552492	0.7035895039564504	0.5335132572200806
2	2	Normalized kNN (full)	0.907847295864263	0.76201087934338	0.5380699893955461	0.6661616902163345	0.5003658473671195
2	2	Random	0.907847295864263	0.6032680940431647	0.4469777306468717	0.6056179007472441	0.4339880410894039
2	2	iMF (full)	0.907847295864263	0.7963478085136959	0.5661717921527041	0.6956590808958558	0.5264435586988824
2	2	Popularity	0.907847295864263	0.730191294888836	0.5244962884411453	0.6665337326399198	0.49520721123890077
2	2	kNN (test)	0.907847295864263	0.7931555691389506	0.5612937433722163	0.6926844148002642	0.5230732923603799
2	2	Normalized kNN (test)	0.907847295864263	0.7820006618303026	0.5621420996818665	0.6916768212739247	0.5227707715784773
2	2	kNN (full)	0.907847295864263	0.7937198560114063	0.5617179215270414	0.6940866195718747	0.5237380070236388
2	0	Average Rating	0.8369034994697774	0.8133026551801829	0.5717921527041357	0.7061480452201289	0.5344464926303985
2	0	iMF (test)	0.8369034994697774	0.8209575234886132	0.5808059384941676	0.7107390165748964	0.5403964861809812
2	0	Normalized kNN (full)	0.8369034994697774	0.7841213516441421	0.5538706256627783	0.685708766744689	0.5168975992501124
2	0	Random	0.8369034994697774	0.6762718846586183	0.4831389183457052	0.6459127541830979	0.4690872556028074
2	0	iMF (full)	0.8369034994697774	0.8002988703455189	0.5667020148462354	0.69823389173886	0.5281514003549588
2	0	Popularity	0.8369034994697774	0.7426297439044607	0.531813361611877	0.6773371656861948	0.5036856037887627
2	0	kNN (test)	0.8369034994697774	0.7972673305618926	0.5643690349946978	0.6966942378981043	0.5264337393054757
2	0	Normalized kNN (test)	0.8369034994697774	0.8162610714218465	0.5757158006362673	0.7096192819211449	0.5377078559883417
2	0	kNN (full)	0.8369034994697774	0.7977462320703369	0.5645811240721103	0.6978085692376207	0.5268365866499478
1	100	Average Rating	1.0	0.19946394268579018	0.16150583244962885	0.13434554021760758	0.1238283664916047
1	100	iMF (test)	1.0	0.42715406568068937	0.3040296924708377	0.37245820433309107	0.2733615891111206
1	100	Normalized kNN (full)	1.0	0.411369136844771	0.2979851537645811	0.3571716988664959	0.2685007171481597
1	100	Random	1.0	0.12413549485295727	0.11039236479321315	0.09579944222184732	0.0855110504813507
1	100	iMF (full)	1.0	0.5481580923710259	0.39056203605514317	0.46393871913684276	0.3490431295731284
1	100	Popularity	1.0	0.3182185921719596	0.24570519618239658	0.2599953250594622	0.20662526197234288
1	100	kNN (test)	1.0	0.5051229288272373	0.35365853658536583	0.4338240066469971	0.31825833773234796
1	100	Normalized kNN (test)	1.0	0.22201390377702734	0.18918345705196182	0.15672954892156282	0.14463964365793724
1	100	kNN (full)	1.0	0.507691663201171	0.3555673382820785	0.4347445887637959	0.32015682753946795
1	200	Average Rating	1.0	0.13474531475980014	0.1102863202545069	0.08872884976579871	0.08275003210283155
1	200	iMF (test)	1.0	0.2892967080422817	0.21866383881230114	0.2551379588228766	0.19124716966570746
1	200	Normalized kNN (full)	1.0	0.3286927530052077	0.24125132555673381	0.2952135750337329	0.2182346636017857
1	200	Random	1.0	0.06843624588171589	0.060551431601272535	0.0478105638944633	0.04550282950287379
1	200	iMF (full)	1.0	0.480666749231939	0.34273594909862143	0.3979923705806393	0.3024899162432203
1	200	Popularity	1.0	0.24871017780063362	0.19968186638388125	0.20686755259166584	0.1652430461794156
1	200	kNN (test)	1.0	0.4355285465733578	0.3056203605514316	0.36804970113799845	0.2710906548517526
1	200	Normalized kNN (test)	1.0	0.1441666155758562	0.1247083775185578	0.10086046313998216	0.09421751931433374
1	200	kNN (full)	1.0	0.43866800379174586	0.30774125132555674	0.37124112002533255	0.2732483065831
1	50	Average Rating	1.0	0.2660243611661915	0.2261930010604454	0.20227589260547313	0.18019592139406893
1	50	iMF (test)	1.0	0.5361021507603626	0.38271474019088014	0.47869572606231076	0.34974274902256586
1	50	Normalized kNN (full)	1.0	0.5039317662899098	0.3611876988335101	0.42667119582636176	0.32488168200444817
1	50	Random	1.0	0.19215516894940252	0.16320254506892895	0.162829218308257	0.1339035856855552
1	50	iMF (full)	1.0	0.6232047780512306	0.44220572640509015	0.5369095865451756	0.4011263568584219
1	50	Popularity	1.0	0.3946927734855696	0.30010604453870626	0.3202589694734238	0.25635163943181777
1	50	kNN (test)	1.0	0.5964931733284674	0.41707317073170735	0.5133532830449913	0.3801246351417031
1	50	Normalized kNN (test)	1.0	0.29437492290161665	0.24729586426299044	0.22559055078519197	0.197769634758354
1	50	kNN (full)	1.0	0.5966226125267242	0.4180275715800636	0.5134810624327727	0.3809216054452122
1	1000	Average Rating	1.0	0.03291339658555149	0.035737009544008484	0.02259141776491831	0.024136515816178202
1	1000	iMF (test)	1.0	0.13408357186395578	0.10721102863202546	0.11712422339390016	0.08957822462384293
1	1000	Normalized kNN (full)	1.0	0.1979311266110655	0.15005302226935313	0.1895763848164894	0.1363664708408042
1	1000	Random	1.0	0.01475915315896766	0.01389183457051962	0.00994026492877015	0.00989441669824178
1	1000	iMF (full)	1.0	0.37587868197543123	0.2682926829268293	0.29876065841311966	0.23062221038022213
1	1000	Popularity	1.0	0.17791412476310414	0.1395546129374337	0.14568120763595513	0.11538853158884287
1	1000	kNN (test)	1.0	0.3354418447836519	0.24040296924708376	0.27060697380994575	0.20544456690412188
1	1000	Normalized kNN (test)	1.0	0.0576862931193289	0.05567338282078473	0.042914263712167944	0.041037134447668065
1	1000	kNN (full)	1.0	0.3364897729498214	0.24241781548250266	0.27230905289076146	0.20708668246945686
1	1682	Average Rating	1.0	0.01876229692439704	0.022163308589607637	0.015718491772926283	0.015972156087149584
1	1682	iMF (test)	1.0	0.13308648946587062	0.10572640509013786	0.11436700167257506	0.0889038575039338
1	1682	Normalized kNN (full)	1.0	0.19064809201095007	0.14549310710498412	0.18203813326297166	0.13142391383554702
1	1682	Random	1.0	0.007187502054345363	0.006892895015906681	0.0045443574249586435	0.004788314695834691
1	1682	iMF (full)	1.0	0.36773037166292255	0.2634146341463415	0.2902055029456802	0.22581161209935854
1	1682	Popularity	1.0	0.17379069834055935	0.13584305408271474	0.1414834072128964	0.11216075264519923
1	1682	kNN (test)	1.0	0.32901311809268197	0.23679745493107107	0.2627868663624222	0.20100456825645951
1	1682	Normalized kNN (test)	1.0	0.04248042986338403	0.04581124072110287	0.034331917685873764	0.0335729962333301
1	1682	kNN (full)	1.0	0.32999764131133874	0.2388123011664899	0.26479221800404884	0.2030879902947577
1	500	Average Rating	1.0	0.07288747218579172	0.0689289501590668	0.05118728896269502	0.048925468577233705
1	500	iMF (test)	1.0	0.1940876199752445	0.15121951219512195	0.1682382067963929	0.12883842691777392
1	500	Normalized kNN (full)	1.0	0.230718223342986	0.17168610816542948	0.21762327069759524	0.1566636344675584
1	500	Random	1.0	0.03190027287402737	0.029692470837751856	0.022657325978048336	0.02202255653723085
1	500	iMF (full)	1.0	0.3934959929045801	0.2823966065747614	0.3173059921131333	0.24426558780300997
1	500	Popularity	1.0	0.1979915552759159	0.15927889713679746	0.16488976211091408	0.13128639501927988
1	500	kNN (test)	1.0	0.36274648540209914	0.25896076352067865	0.2973574079672219	0.22379564808112182
1	500	Normalized kNN (test)	1.0	0.09821703770965504	0.08780487804878048	0.06621734257230921	0.06418563609841181
1	500	kNN (full)	1.0	0.3639721587294479	0.2606574761399788	0.29756980340611694	0.2248622190674163
1	5	Average Rating	0.9728525980911983	0.6967747750585261	0.5195121951219512	0.6574732660861318	0.48466899607483666
1	5	iMF (test)	0.9728525980911983	0.7943591014110906	0.5563096500530222	0.7004672910455898	0.5205277842064587
1	5	Normalized kNN (full)	0.9728525980911983	0.7265091025185167	0.5118769883351008	0.6467948054036936	0.47722599223936885
1	5	Random	0.9728525980911983	0.5438370367131183	0.40742311770943795	0.5644578523045912	0.39442988682313135
1	5	iMF (full)	0.9728525980911983	0.7876020688680708	0.5528101802757157	0.6965066157001171	0.5168060888767674
1	5	Popularity	0.9728525980911983	0.6746560364076916	0.48282078472958645	0.6237017896928855	0.4537328778227495
1	5	kNN (test)	0.9728525980911983	0.7765703149139978	0.53966065747614	0.6850478335657453	0.5060805197395257
1	5	Normalized kNN (test)	0.9728525980911983	0.6958940308083235	0.5216330858960764	0.6585254013358115	0.4854999665420535
1	5	kNN (full)	0.9728525980911983	0.7761247147841973	0.5394485683987275	0.6847960974258271	0.5059280743169701
1	20	Average Rating	1.0	0.49552499569508324	0.3868504772004242	0.40557611122488835	0.3309142767160806
1	20	iMF (test)	1.0	0.6969476008552513	0.49109225874867446	0.6122337051345373	0.45365057365324807
1	20	Normalized kNN (full)	1.0	0.6206335604597236	0.43860021208907746	0.5134161009917899	0.393526320386342
1	20	Random	1.0	0.32220418844583576	0.25949098621420996	0.29922735068964157	0.22898394912011907
1	20	iMF (full)	1.0	0.7148447137254627	0.5042417815482503	0.6293768260859401	0.4660671364765168
1	20	Popularity	1.0	0.503744998502225	0.3712619300106045	0.42663555738058234	0.32918643003751125
1	20	kNN (test)	1.0	0.6917197399230597	0.484305408271474	0.6101497142151076	0.44932391446334113
1	20	Normalized kNN (test)	1.0	0.47238708297675974	0.3790031813361612	0.4103795077518636	0.3276086276523359
1	20	kNN (full)	1.0	0.6933028249554952	0.48589607635206783	0.6124335015674242	0.45107029326132186
1	10	Average Rating	0.9998939554612937	0.6072004550130778	0.46214209968186637	0.5500378059125176	0.41714434753544616
1	10	iMF (test)	0.9998939554612937	0.7431555118325103	0.5246023329798515	0.6619405560912721	0.489918689235978
1	10	Normalized kNN (full)	0.9998939554612937	0.6766618405461977	0.4784729586426299	0.5783462784970342	0.4373533475350914
1	10	Random	0.9998939554612937	0.44244588162982207	0.34432661717921526	0.4401162028515281	0.31971769093946406
1	10	iMF (full)	0.9998939554612937	0.761905001399549	0.5355249204665959	0.6721576235103145	0.4987674415137046
1	10	Popularity	0.9998939554612937	0.6013765907106622	0.44146341463414634	0.5457967093493757	0.40619678234151035
1	10	kNN (test)	0.9998939554612937	0.7418954910921495	0.5177094379639449	0.6571995712112635	0.4837404868436107
1	10	Normalized kNN (test)	0.9998939554612937	0.6008048948561827	0.46468716861081655	0.5507957990941176	0.41866322983839865
1	10	kNN (full)	0.9998939554612937	0.7419314503188792	0.5186638388123012	0.6565367372692579	0.4844825894057858
1	1	Average Rating	0.8696712619300107	0.7967528875446762	0.5597030752916224	0.7059138673778634	0.5253685544692591
1	1	iMF (test)	0.8696712619300107	0.8271998669727423	0.5772004241781548	0.721263080385314	0.5399682941993763
1	1	Normalized kNN (full)	0.8696712619300107	0.7816618588958116	0.5503711558854719	0.7004284745859015	0.5182485937396036
1	1	Random	0.8696712619300107	0.6543554337512932	0.4717921527041357	0.6508993789388337	0.4621661666975864
1	1	iMF (full)	0.8696712619300107	0.8089446109420847	0.5651113467656416	0.7109953990012875	0.5295463764019233
1	1	Popularity	0.8696712619300107	0.7464849373898483	0.5279957582184517	0.6876148780134005	0.5032096747472301
1	1	kNN (test)	0.8696712619300107	0.8067654180107657	0.5630965005302226	0.7115446017548928	0.5291756161755204
1	1	Normalized kNN (test)	0.8696712619300107	0.7885695910832726	0.5663838812301166	0.7121680371994423	0.531115820765375
1	1	kNN (full)	0.8696712619300107	0.8058650478255529	0.5624602332979851	0.7106423598851116	0.5286113225049548
1	2	Average Rating	0.9041357370095441	0.7884970140920076	0.5542948038176034	0.6984239965794031	0.5192272892625341
1	2	iMF (test)	0.9041357370095441	0.8173871402227205	0.5695652173913044	0.7150476547776723	0.5341572136385805
1	2	Normalized kNN (full)	0.9041357370095441	0.7706632421334116	0.5419936373276777	0.68860645280505	0.5086714381968906
1	2	Random	0.9041357370095441	0.618291025544809	0.4555673382820785	0.6294391210816253	0.4445072589902675
1	2	iMF (full)	0.9041357370095441	0.8080549783898546	0.5641569459172853	0.710171713659501	0.5286749816383001
1	2	Popularity	0.9041357370095441	0.7403212808953685	0.5232237539766702	0.6807329888409493	0.49764756973312646
1	2	kNN (test)	0.9041357370095441	0.8051632855999741	0.5619300106044538	0.7097161750855329	0.5277654150650676
1	2	Normalized kNN (test)	0.9041357370095441	0.7768402775092983	0.5598091198303287	0.7035591781664052	0.5238485314845392
1	2	kNN (full)	0.9041357370095441	0.8043013012057926	0.5613997879109226	0.7088694803550741	0.5273004081929965
1	0	Average Rating	0.8291622481442206	0.8171579743163204	0.5679745493107106	0.7163974541339847	0.5343187238298305
1	0	iMF (test)	0.8291622481442206	0.8300238591481633	0.5802757158006363	0.7245235822461071	0.5432564779751524
1	0	Normalized kNN (full)	0.8291622481442206	0.7918848305115335	0.5546129374337222	0.7038533821506844	0.5218126156007975
1	0	Random	0.8291622481442206	0.6905465243595733	0.48886532343584305	0.6639040751840731	0.47636137898016856
1	0	iMF (full)	0.8291622481442206	0.8092188004661214	0.5670201484623543	0.7147818535164726	0.5322771945735445
1	0	Popularity	0.8291622481442206	0.7538816393682164	0.5320254506892895	0.6930823927067901	0.5077706872279952
1	0	kNN (test)	0.8291622481442206	0.8088880505749692	0.5647932131495228	0.7136831666188022	0.5310357676145635
1	0	Normalized kNN (test)	0.8291622481442206	0.8205401876506127	0.5743372216330859	0.7211408345390385	0.5392415061491974
1	0	kNN (full)	0.8291622481442206	0.808239576291544	0.564475079533404	0.7129452144068329	0.5307047800107705
5	100	Average Rating	1.0	0.20088369542871734	0.17465535524920464	0.14839942695651995	0.13460951682607208
5	100	iMF (test)	1.0	0.40114195251371665	0.2963944856839873	0.36017369200293686	0.2666535831129441
5	100	Normalized kNN (full)	1.0	0.4143911336723553	0.2970307529162248	0.36737669426097463	0.2703996126354358
5	100	Random	1.0	0.12396261840005793	0.11155885471898197	0.09724015537718164	0.08568178641066405
5	100	iMF (full)	1.0	0.5440446380026422	0.3893955461293743	0.46341180155609357	0.348706381828714
5	100	Popularity	1.0	0.2954586925377984	0.22969247083775185	0.24766529125288217	0.19650437500279452
5	100	kNN (test)	1.0	0.5050182835258216	0.355779427359491	0.43280168319123274	0.32015007551873575
5	100	Normalized kNN (test)	1.0	0.21494186520666192	0.18812301166489925	0.156995170923747	0.1445875852670369
5	100	kNN (full)	1.0	0.5090773079356476	0.3584305408271474	0.43671655222083816	0.3229168481221042
5	200	Average Rating	1.0	0.13922421852298658	0.11431601272534464	0.0905518290069274	0.08591636169896953
5	200	iMF (test)	1.0	0.27631544135583286	0.21739130434782608	0.24755917441552164	0.1902813459597027
5	200	Normalized kNN (full)	1.0	0.3325197958644139	0.2434782608695652	0.30753732794046496	0.22214668062861295
5	200	Random	1.0	0.06804982123880776	0.06203605514316013	0.04842705848513572	0.04514596848981213
5	200	iMF (full)	1.0	0.47449999767806417	0.3404029692470838	0.3945617019070609	0.3003447284859205
5	200	Popularity	1.0	0.23577613904421998	0.18494167550371157	0.1931501791483729	0.15540312900442163
5	200	kNN (test)	1.0	0.4347174770605843	0.30593849416755037	0.3659371682223873	0.27155339207366397
5	200	Normalized kNN (test)	1.0	0.14213958984902553	0.1320254506892895	0.1070451671411957	0.10010421046845601
5	200	kNN (full)	1.0	0.4349914128302472	0.3047720042417815	0.363816039193288	0.2703640840537579
5	50	Average Rating	1.0	0.2689894442894759	0.23870625662778366	0.21002327216259795	0.189742388942948
5	50	iMF (test)	1.0	0.5236812915818202	0.3776246023329799	0.4656022033574731	0.34521195664596255
5	50	Normalized kNN (full)	1.0	0.5130937851438928	0.36564156945917287	0.4425089875005178	0.3317312173549353
5	50	Random	1.0	0.19109881984407187	0.16670201484623542	0.16635407504391528	0.13744080910217107
5	50	iMF (full)	1.0	0.6244138290145356	0.444220572640509	0.5371686434884992	0.4031085827787145
5	50	Popularity	1.0	0.3945830590585675	0.29278897136797455	0.3145668608532375	0.2524089906640712
5	50	kNN (test)	1.0	0.5944340299289377	0.41983032873806997	0.5167984513513684	0.3830759077318051
5	50	Normalized kNN (test)	1.0	0.28632620050377383	0.24994697773064686	0.2232955074261734	0.19898995505831485
5	50	kNN (full)	1.0	0.6007199604605099	0.4230116648992577	0.5222076145682345	0.3862671044024366
5	1000	Average Rating	1.0	0.032813813014336515	0.03828207847295864	0.025998812623884277	0.026977724407895604
5	1000	iMF (test)	1.0	0.12782897953156902	0.1071049840933192	0.11553285241529722	0.09210638198205046
5	1000	Normalized kNN (full)	1.0	0.1879933407016332	0.14665959703075293	0.18252946533558212	0.1329671465494015
5	1000	Random	1.0	0.018251077497955386	0.015482502651113469	0.012940691710825004	0.01221733792479508
5	1000	iMF (full)	1.0	0.37082453018290795	0.26765641569459175	0.30139869987578505	0.23316099904841128
5	1000	Popularity	1.0	0.17722613481598534	0.13287380699893955	0.14102226253127537	0.11228138226639647
5	1000	kNN (test)	1.0	0.3273955510194293	0.23637327677624603	0.2581464942695804	0.20157761212262543
5	1000	Normalized kNN (test)	1.0	0.040583901758901725	0.04538706256627784	0.033830838769756164	0.03328821691806189
5	1000	kNN (full)	1.0	0.3277232677097734	0.2371155885471898	0.258907004581226	0.2024752392052761
5	1682	Average Rating	1.0	0.011611721169427916	0.013255567338282079	0.009569775187376546	0.009739631921311602
5	1682	iMF (test)	1.0	0.11315506590973554	0.095864262990456	0.10170999323519374	0.08173246807382442
5	1682	Normalized kNN (full)	1.0	0.17985171031106917	0.14146341463414636	0.17343489161899128	0.12743441657117668
5	1682	Random	1.0	0.008066861827254938	0.0072110286320254515	0.0056089958238399705	0.005504053660899759
5	1682	iMF (full)	1.0	0.36640762399593474	0.26224814422057263	0.289292299733938	0.22604570382460637
5	1682	Popularity	1.0	0.17371348870942735	0.13054082714740192	0.1385301453424197	0.1102719554426886
5	1682	kNN (test)	1.0	0.3239229516096007	0.2342523860021209	0.2537276098666027	0.19910170920967526
5	1682	Normalized kNN (test)	1.0	0.030226946138844284	0.035206786850477206	0.028096260124748924	0.02663018868660194
5	1682	kNN (full)	1.0	0.3233412367881674	0.23457051961823966	0.2522660462700662	0.19936536549599093
5	500	Average Rating	1.0	0.08269485874540156	0.07179215270413573	0.052396844280867196	0.05200287859135928
5	500	iMF (test)	1.0	0.15977534278347713	0.12948038176033935	0.13043463012704243	0.1072837960737976
5	500	Normalized kNN (full)	1.0	0.22545404488038548	0.172322375397667	0.22122242457820282	0.15811843152112062
5	500	Random	1.0	0.027489899253393367	0.025026511134676566	0.020383191507431765	0.018012017896560102
5	500	iMF (full)	1.0	0.39935294695782636	0.28525980911983034	0.31948374291539605	0.24885708409362167
5	500	Popularity	1.0	0.2046720586846385	0.15493107104984094	0.16211480921024882	0.13042192963169094
5	500	kNN (test)	1.0	0.36194812865661774	0.25705196182396606	0.28827832281888205	0.22212204903540805
5	500	Normalized kNN (test)	1.0	0.0853242855901231	0.08515376458112407	0.06432716707872896	0.06250654139298106
5	500	kNN (full)	1.0	0.3620184410566606	0.25694591728525984	0.2869695868698011	0.22200933880899498
5	5	Average Rating	0.9785790031813361	0.6876926573483376	0.5114528101802758	0.6391301063524425	0.474287418662029
5	5	iMF (test)	0.9785790031813361	0.7892444405486543	0.5559915164369035	0.6956542293052155	0.5200325524036106
5	5	Normalized kNN (full)	0.9785790031813361	0.7354282118836627	0.5213149522799576	0.6512800346305904	0.4839892121174968
5	5	Random	0.9785790031813361	0.5427956885589382	0.41039236479321317	0.5601818850422053	0.39603404227155453
5	5	iMF (full)	0.9785790031813361	0.7876436741108632	0.5521739130434783	0.6943579988107176	0.517201027258116
5	5	Popularity	0.9785790031813361	0.675941446090302	0.4863202545068929	0.625866745930802	0.4583518449820491
5	5	kNN (test)	0.9785790031813361	0.7741997355945031	0.5431601272534465	0.6852195294251443	0.5090497930900844
5	5	Normalized kNN (test)	0.9785790031813361	0.6958401495522681	0.51813361611877	0.6438331323438958	0.4792307947786521
5	5	kNN (full)	0.9785790031813361	0.7766727733261365	0.5441145281018028	0.6856872382655463	0.5095810002455765
5	20	Average Rating	1.0	0.440271492633327	0.37932131495227994	0.41040282690584323	0.32861495733959023
5	20	iMF (test)	1.0	0.6489353355565984	0.4672322375397667	0.5861683452841211	0.433930346059109
5	20	Normalized kNN (full)	1.0	0.6286297785536712	0.44814422057264053	0.5321530136302162	0.40576171282489376
5	20	Random	1.0	0.31935945972805346	0.25896076352067865	0.2922381681625799	0.22625848454567252
5	20	iMF (full)	1.0	0.7169516896057958	0.5080593849416756	0.6290406766298139	0.4702002978585308
5	20	Popularity	1.0	0.5131511493696841	0.36850477200424175	0.422671255380124	0.3274746039423925
5	20	kNN (test)	1.0	0.6970664788098488	0.4876988335100742	0.6099669970783608	0.4517772635329861
5	20	Normalized kNN (test)	1.0	0.4237677446169443	0.3739130434782609	0.4143595855808776	0.32732628382457885
5	20	kNN (full)	1.0	0.7011053004024842	0.48981972428419934	0.6113436229290448	0.4534559495036826
5	10	Average Rating	1.0	0.6202135438285742	0.4709437963944857	0.5532781871994201	0.425350136952489
5	10	iMF (test)	1.0	0.7544393544621274	0.5344644750795334	0.6666769732318317	0.49773991141499185
5	10	Normalized kNN (full)	1.0	0.6922787019478674	0.4901378579003181	0.5942560321551563	0.448858554673705
5	10	Random	1.0	0.4415581295384964	0.3495227995758219	0.4366409137284183	0.3215177467845212
5	10	iMF (full)	1.0	0.7628828530650273	0.5382820784729586	0.6716534624252921	0.5013022376339001
5	10	Popularity	1.0	0.5927168885989376	0.43499469777306465	0.5307630514162358	0.3985677150082922
5	10	kNN (test)	1.0	0.7402866438001746	0.5211028632025451	0.657851496976955	0.4867632709327212
5	10	Normalized kNN (test)	1.0	0.6152003736764466	0.4777306468716861	0.5624267093073864	0.431443487423903
5	10	kNN (full)	1.0	0.7444323256983697	0.523117709437964	0.6578150713868524	0.4880329909772707
5	1	Average Rating	0.8734888653234358	0.7915286964020644	0.5615058324496288	0.704148093478737	0.5261516791946319
5	1	iMF (test)	0.8734888653234358	0.8220581776982323	0.5766702014846234	0.7177799484780389	0.5396617310830447
5	1	Normalized kNN (full)	0.8734888653234358	0.7823823068842032	0.5532343584305409	0.6941539713429892	0.5178301451974303
5	1	Random	0.8734888653234358	0.6366214686036243	0.4634146341463415	0.6367553665846089	0.4535090085790355
5	1	iMF (full)	0.8734888653234358	0.8029982019807751	0.5638388123011665	0.7066086849002049	0.5281160223048765
5	1	Popularity	0.8734888653234358	0.7475871128766021	0.531813361611877	0.6880545096385895	0.50691774298095
5	1	kNN (test)	0.8734888653234358	0.8020544165450775	0.5654294803817604	0.7089273126382717	0.5302969538741915
5	1	Normalized kNN (test)	0.8734888653234358	0.7971333481829282	0.5655355249204665	0.7070364402187559	0.52901530825054
5	1	kNN (full)	0.8734888653234358	0.8037931483266885	0.5655355249204665	0.7085494280987394	0.5301651750174888
5	2	Average Rating	0.9081654294803817	0.7844493365735058	0.5571580063626723	0.6970844018975482	0.5209792997264158
5	2	iMF (test)	0.9081654294803817	0.8158428894530033	0.5739130434782609	0.7151875632392869	0.5371831277630507
5	2	Normalized kNN (full)	0.9081654294803817	0.7737243275633445	0.5487804878048781	0.68864914518397	0.5131902987218341
5	2	Random	0.9081654294803817	0.6094120489554996	0.4505832449628844	0.6200129136317937	0.4401240001029816
5	2	iMF (full)	0.9081654294803817	0.8022370538389347	0.5635206786850477	0.7054739407680599	0.5274833482471528
5	2	Popularity	0.9081654294803817	0.742498834651722	0.5290562036055143	0.6832296552776801	0.5035999020910038
5	2	kNN (test)	0.9081654294803817	0.800615311060984	0.5646871686108166	0.7078790707893935	0.5294379912867194
5	2	Normalized kNN (test)	0.9081654294803817	0.7852176889820793	0.5605514316012725	0.6997577138785236	0.523317948500688
5	2	kNN (full)	0.9081654294803817	0.8028065620817967	0.5648992576882291	0.7076880266275819	0.5294398077557397
5	0	Average Rating	0.8354188759278897	0.8122202720149321	0.567762460233298	0.7122373413346869	0.5329004302965591
5	0	iMF (test)	0.8354188759278897	0.8271335863928667	0.5827147401908802	0.7232654980216178	0.5450906577107121
5	0	Normalized kNN (full)	0.8354188759278897	0.7914807717414071	0.5582184517497348	0.7002631753045009	0.5229618996072521
5	0	Random	0.8354188759278897	0.6785988885265652	0.48038176033934255	0.6510851891118156	0.4680334502147019
5	0	iMF (full)	0.8354188759278897	0.8055625596411801	0.5662778366914104	0.7095236160664264	0.530911440891012
5	0	Popularity	0.8354188759278897	0.7549901940625743	0.5358430540827147	0.6937799009551792	0.5115406765433727
5	0	kNN (test)	0.8354188759278897	0.8045863697902293	0.5674443266171793	0.7114965782377599	0.5324965860765815
5	0	Normalized kNN (test)	0.8354188759278897	0.8188464192555857	0.5730646871686108	0.7164598876326593	0.5370402021337344
5	0	kNN (full)	0.8354188759278897	0.8066008260002289	0.5675503711558855	0.7109853346571274	0.5323231468653871
4	100	Average Rating	1.0	0.19668262717637197	0.15821845174973487	0.12486899432367553	0.11806005699278284
4	100	iMF (test)	1.0	0.37093842355028095	0.271474019088017	0.3161009537147131	0.23769775965817466
4	100	Normalized kNN (full)	1.0	0.40125444952096345	0.29448568398727465	0.35131289608855687	0.262207753517035
4	100	Random	1.0	0.11628467402916373	0.1063626723223754	0.08306054416529929	0.07910996488891396
4	100	iMF (full)	1.0	0.5420845152932477	0.3937433722163309	0.4639556482576106	0.34851652845823977
4	100	Popularity	1.0	0.27080242926505504	0.21548250265111346	0.21975744805211914	0.1774248995503474
4	100	kNN (test)	1.0	0.49105749115632863	0.3486744432661718	0.42442429408984533	0.3107130369307202
4	100	Normalized kNN (test)	1.0	0.21368543534809847	0.18822905620360553	0.14947689880959064	0.14178655576455884
4	100	kNN (full)	1.0	0.49396746919601353	0.351643690349947	0.4309941981095248	0.3147628556175256
4	200	Average Rating	1.0	0.14549538828491063	0.11230116648992577	0.09031678909549123	0.08463016102063396
4	200	iMF (test)	1.0	0.27099205124044723	0.2088016967126193	0.23558829797221284	0.18039457822949678
4	200	Normalized kNN (full)	1.0	0.3143794845354622	0.23499469777306467	0.2905082019239716	0.2108716326345308
4	200	Random	1.0	0.0769906880078589	0.06818663838812301	0.05497943641711443	0.049332031077512335
4	200	iMF (full)	1.0	0.46373877483675424	0.33849416755037115	0.39106282500409534	0.29465013957452596
4	200	Popularity	1.0	0.21599773183550985	0.1735949098621421	0.17232788482398903	0.1410759855992193
4	200	kNN (test)	1.0	0.41600838477164065	0.29936373276776246	0.3576803154920829	0.2626134329364924
4	200	Normalized kNN (test)	1.0	0.13495289768476063	0.1247083775185578	0.09497906889215066	0.0922889524798019
4	200	kNN (full)	1.0	0.4160152296113298	0.29915164369034997	0.3563583458519067	0.2628356470830073
4	50	Average Rating	1.0	0.3048454522352828	0.25927889713679747	0.23703492918685606	0.20860049056184787
4	50	iMF (test)	1.0	0.5195491764799226	0.3770943796394486	0.4647504649312389	0.34110328898960207
4	50	Normalized kNN (full)	1.0	0.5062093022783924	0.36808059384941677	0.4221741501259858	0.3237879354714039
4	50	Random	1.0	0.19554618310953767	0.16606574761399787	0.1572168749964412	0.13289960009979934
4	50	iMF (full)	1.0	0.6275783076523511	0.4518557794273595	0.5418774003008734	0.4054853270040521
4	50	Popularity	1.0	0.37855722804179026	0.2983032873806999	0.3162725985364135	0.2526660617023324
4	50	kNN (test)	1.0	0.6006622924908341	0.42608695652173917	0.5162078339158369	0.3829981886463603
4	50	Normalized kNN (test)	1.0	0.2888520139764798	0.2510074231177094	0.21906452508451144	0.19761652078825825
4	50	kNN (full)	1.0	0.6039970949232693	0.4286320254506893	0.5202272859323435	0.3856528970733029
4	1000	Average Rating	1.0	0.04462846090900291	0.03913043478260869	0.02634336691960362	0.02758442522104623
4	1000	iMF (test)	1.0	0.13919998037889397	0.11208907741251325	0.1177814805544388	0.09320674843361172
4	1000	Normalized kNN (full)	1.0	0.1949338758957232	0.14750795334040295	0.18523918995874247	0.132527901266381
4	1000	Random	1.0	0.013571675978626295	0.013149522799575823	0.010769833707894206	0.009798752980187581
4	1000	iMF (full)	1.0	0.3634050812937212	0.2647932131495228	0.2883446630716242	0.22439892785476245
4	1000	Popularity	1.0	0.1663023574225992	0.13170731707317074	0.1307492797937243	0.10629072179760579
4	1000	kNN (test)	1.0	0.32187931914303475	0.23213149522799575	0.2552803429625756	0.19625177598080865
4	1000	Normalized kNN (test)	1.0	0.050516619162771594	0.053022269353128315	0.037850508209298944	0.03881431795521032
4	1000	kNN (full)	1.0	0.3208658442448271	0.23138918345705198	0.25487099512618083	0.1955231884696621
4	1682	Average Rating	1.0	0.02593385557694477	0.03064687168610817	0.022124469947950316	0.02245933635644806
4	1682	iMF (test)	1.0	0.13207066909078355	0.10742311770943797	0.11279955494206796	0.0904295962012721
4	1682	Normalized kNN (full)	1.0	0.1867657488414853	0.1423117709437964	0.17595003880927906	0.1272314327212492
4	1682	Random	1.0	0.008779393991161335	0.007635206786850477	0.005237182023615938	0.005279901812043318
4	1682	iMF (full)	1.0	0.3570473682290387	0.25694591728525984	0.2801328943421794	0.2180048824486451
4	1682	Popularity	1.0	0.16152981543802306	0.12767762460233298	0.12458786267262455	0.1021973931150986
4	1682	kNN (test)	1.0	0.3165220021774868	0.22873806998939555	0.2501880509981915	0.19269551813046965
4	1682	Normalized kNN (test)	1.0	0.041971139813518035	0.043584305408271476	0.03211497371509342	0.03224244558201242
4	1682	kNN (full)	1.0	0.31575076596496154	0.22831389183457054	0.25081621707538915	0.19245687874850056
4	500	Average Rating	1.0	0.08260833516834123	0.07083775185577942	0.05064003136176004	0.05111019011869366
4	500	iMF (test)	1.0	0.17617975867444083	0.14061505832449628	0.1482268100673409	0.11722538463684407
4	500	Normalized kNN (full)	1.0	0.21855885783698203	0.1653234358430541	0.20751916449198002	0.14866616276914343
4	500	Random	1.0	0.03061055582554527	0.02895015906680806	0.021036925129284116	0.020443816518752655
4	500	iMF (full)	1.0	0.3892288748671983	0.28472958642629903	0.3137727806465834	0.2424648877866909
4	500	Popularity	1.0	0.1818570273544425	0.14655355249204666	0.14566598129523164	0.11824277749623731
4	500	kNN (test)	1.0	0.34228098192999024	0.24846235418875928	0.27721533849883984	0.21133038118938643
4	500	Normalized kNN (test)	1.0	0.09517110882966924	0.08536585365853659	0.062126336386100836	0.06232060006321508
4	500	kNN (full)	1.0	0.3386994499777086	0.24506892895015905	0.2718651258792807	0.20822734079258576
4	5	Average Rating	0.9683987274655356	0.7057889935725777	0.5220572640509014	0.6466964580743914	0.47999266977369415
4	5	iMF (test)	0.9683987274655356	0.7898342450723498	0.5573700954400849	0.6900188090448809	0.5161269154531668
4	5	Normalized kNN (full)	0.9683987274655356	0.7343596790588011	0.5220572640509014	0.643070136928548	0.4784156798735163
4	5	Random	0.9683987274655356	0.532264019789622	0.40646871686108166	0.5535868265016831	0.3878190954528481
4	5	iMF (full)	0.9683987274655356	0.79109328721518	0.5595970307529162	0.6914845279829975	0.5174723034694967
4	5	Popularity	0.9683987274655356	0.6867831088977766	0.4919406150583245	0.6263233093493531	0.4575605829878832
4	5	kNN (test)	0.9683987274655356	0.7845174911661718	0.5493107104984093	0.6817294850029806	0.5084375382033299
4	5	Normalized kNN (test)	0.9683987274655356	0.7039234880873847	0.5255567338282079	0.6497762848055084	0.48278780409295485
4	5	kNN (full)	0.9683987274655356	0.784954064885316	0.5495227995758218	0.6818506067371821	0.5084999429528714
4	20	Average Rating	1.0	0.4841129639572558	0.3763520678685047	0.38401429869572923	0.3163051508740077
4	20	iMF (test)	1.0	0.6673209665485275	0.4809119830328738	0.5895570688375485	0.43846124654345
4	20	Normalized kNN (full)	1.0	0.6183471014310176	0.44644750795334043	0.5055395863301381	0.39362129481246994
4	20	Random	1.0	0.3141671394484139	0.26267232237539767	0.29814718704730997	0.22813866033764627
4	20	iMF (full)	1.0	0.7082622060797598	0.5076352067868505	0.6203051082116505	0.46306269314893705
4	20	Popularity	1.0	0.4936778566500862	0.3709437963944857	0.4192295246386431	0.3237498366552518
4	20	kNN (test)	1.0	0.6869440976514597	0.4869565217391304	0.5986941214998915	0.4436653949257363
4	20	Normalized kNN (test)	1.0	0.4640069144943653	0.3753976670201485	0.3983048229459337	0.3204738886402686
4	20	kNN (full)	1.0	0.6910842655308583	0.4907741251325557	0.6024614475874057	0.4470952244621137
4	10	Average Rating	1.0	0.6421480743685836	0.47518557794273597	0.5654692975246514	0.4251707056689487
4	10	iMF (test)	1.0	0.7646796182401534	0.5386002120890774	0.6656783645727408	0.4964138852240653
4	10	Normalized kNN (full)	1.0	0.6887872066102816	0.4901378579003181	0.57744935294497	0.4402183343762128
4	10	Random	1.0	0.4266556337506285	0.3395546129374337	0.4307195463587344	0.31129303039552075
4	10	iMF (full)	1.0	0.7738155415285916	0.546659597030753	0.6728656877031359	0.503122442355789
4	10	Popularity	1.0	0.6382766557604502	0.45429480381760334	0.5572120704220189	0.4128208547095374
4	10	kNN (test)	1.0	0.7641128352751864	0.531389183457052	0.6579068684237013	0.4893813195908915
4	10	Normalized kNN (test)	1.0	0.6486944024056682	0.48791092258748675	0.5823223584881233	0.43798554389991706
4	10	kNN (full)	1.0	0.7663276762763952	0.5334040296924708	0.6603319272474669	0.49123940604417626
4	1	Average Rating	0.8655355249204666	0.7862534457393981	0.5580063626723224	0.6928651491496871	0.5175749303237177
4	1	iMF (test)	0.8655355249204666	0.8256035292098791	0.5802757158006363	0.7125869024325455	0.5369971834731238
4	1	Normalized kNN (full)	0.8655355249204666	0.7750992265734777	0.5482502651113468	0.6804491858762152	0.5070746108495671
4	1	Random	0.8655355249204666	0.6467412259858497	0.4650053022269353	0.6294210635142722	0.44849741287701383
4	1	iMF (full)	0.8655355249204666	0.8040385737110785	0.5670201484623543	0.7008634932148092	0.5255679728918451
4	1	Popularity	0.8655355249204666	0.7432845833524486	0.5284199363732768	0.6745203529806181	0.4967313887525306
4	1	kNN (test)	0.8655355249204666	0.8075033911309604	0.5650053022269352	0.7000395574204809	0.5242702518947235
4	1	Normalized kNN (test)	0.8655355249204666	0.7952413679728976	0.5635206786850477	0.6980679495967466	0.5226031323156769
4	1	kNN (full)	0.8655355249204666	0.8068997611540556	0.5650053022269352	0.7003434291161299	0.5242200800480847
4	2	Average Rating	0.8997879109225875	0.7796766077598375	0.5537645811240721	0.6864806593611676	0.512634642965041
4	2	iMF (test)	0.8997879109225875	0.8184094145011866	0.5774125132555673	0.7085279117120924	0.5337869400742734
4	2	Normalized kNN (full)	0.8997879109225875	0.7699410946941844	0.5440084835630965	0.6749606723098742	0.5024426672287736
4	2	Random	0.8997879109225875	0.616338403747203	0.45026511134676567	0.6129875206671606	0.43425666880749386
4	2	iMF (full)	0.8997879109225875	0.8052590121730356	0.5672322375397667	0.7010856999912758	0.5256782019271307
4	2	Popularity	0.8997879109225875	0.7376195817531622	0.5239660657476141	0.6681039771448362	0.49164148142449327
4	2	kNN (test)	0.8997879109225875	0.8057558386949631	0.5634146341463414	0.697741569677106	0.5224325137831549
4	2	Normalized kNN (test)	0.8997879109225875	0.7805795095548707	0.5582184517497348	0.6906269013464849	0.516615436383188
4	2	kNN (full)	0.8997879109225875	0.8047613884886389	0.5630965005302226	0.6971860792196496	0.5219362484002577
4	0	Average Rating	0.8275715800636267	0.8162578274393606	0.5693531283138918	0.705553435277715	0.5291666400461444
4	0	iMF (test)	0.8275715800636267	0.8276198968341671	0.583881230116649	0.7165899117768122	0.5407124836240272
4	0	Normalized kNN (full)	0.8275715800636267	0.792151191650142	0.5572640509013785	0.6914503618173755	0.5163999542393041
4	0	Random	0.8275715800636267	0.6838446497534458	0.4818663838812301	0.6451664837911207	0.46373247167468795
4	0	iMF (full)	0.8275715800636267	0.8075883212469537	0.5685047720042418	0.7034645584257746	0.5274348420864114
4	0	Popularity	0.8275715800636267	0.7511068058981487	0.5326617179215271	0.680529803939698	0.501556979455516
4	0	kNN (test)	0.8275715800636267	0.8100571783629772	0.5673382820784729	0.7032175006037262	0.5268169672054743
4	0	Normalized kNN (test)	0.8275715800636267	0.8217942675628359	0.5725344644750795	0.7080754961542994	0.5316900377730492
4	0	kNN (full)	0.8275715800636267	0.8089635706018942	0.5669141039236479	0.7026199937203721	0.5262380558057057
3	5	Average Rating	0.9758218451749735	0.7050890983451777	0.5142099681866383	0.6451788882560305	0.47674563531079206
3	5	iMF (test)	0.9758218451749735	0.8029356866586183	0.5535524920466596	0.6998963953264798	0.5188668353996022
3	5	Normalized kNN (full)	0.9758218451749735	0.7341859832636422	0.5167550371155886	0.6488033689980105	0.4796066588759604
3	5	Random	0.9758218451749735	0.5318686858369556	0.4063626723223754	0.5632371041051644	0.39356316269051794
3	5	iMF (full)	0.9758218451749735	0.7911442865786147	0.5517497348886532	0.6930881162370441	0.5151201704673175
3	5	Popularity	0.9758218451749735	0.6842227299065347	0.487592788971368	0.6330715951070673	0.45875472063582834
3	5	kNN (test)	0.9758218451749735	0.7847988362614567	0.5409331919406151	0.6847684758534345	0.5059822421867358
3	5	Normalized kNN (test)	0.9758218451749735	0.7049964009597927	0.5153764581124072	0.6461917009710829	0.4772414718641216
3	5	kNN (full)	0.9758218451749735	0.7843027181745699	0.5411452810180276	0.6840558142723165	0.5060595917245962
3	20	Average Rating	1.0	0.4581318069629078	0.3747613997879109	0.4041312863510416	0.32293299323613883
3	20	iMF (test)	1.0	0.6910474550661093	0.4865323435843054	0.6109435578826571	0.4500459112104677
3	20	Normalized kNN (full)	1.0	0.6348373183211977	0.4517497348886532	0.5395071054160561	0.4083223356685457
3	20	Random	1.0	0.3118721498191615	0.2581124072110286	0.2940932554170881	0.22626672269342432
3	20	iMF (full)	1.0	0.7213955909746956	0.504135737009544	0.6259419598627641	0.46513186238187126
3	20	Popularity	1.0	0.503427207665118	0.3722163308589608	0.4223974747039189	0.32710757632617343
3	20	kNN (test)	1.0	0.6953493876791864	0.4848356309650053	0.6069196106210555	0.44746074010916853
3	20	Normalized kNN (test)	1.0	0.45690148382662926	0.38239660657476143	0.4201479597504249	0.33310056988334813
3	20	kNN (full)	1.0	0.6952234438229569	0.4841993637327678	0.6067834480218547	0.44720575877377466
3	10	Average Rating	1.0	0.5646211430845516	0.4492046659597031	0.5398463830299256	0.40821532932440413
3	10	iMF (test)	1.0	0.7591554413254404	0.531389183457052	0.6718566264735885	0.4964473794929384
3	10	Normalized kNN (full)	1.0	0.6925351520712015	0.48791092258748675	0.59125642597512	0.4444852041903929
3	10	Random	1.0	0.42183292272919776	0.33923647932131495	0.4375950098646179	0.31579708772814924
3	10	iMF (full)	1.0	0.7780521709565749	0.542948038176034	0.6787964053230985	0.5048588039835935
3	10	Popularity	1.0	0.6414514981936924	0.45365853658536587	0.5618948938178869	0.41657006554091014
3	10	kNN (test)	1.0	0.7691239593717557	0.5299045599151644	0.6653291317813474	0.49267960929637156
3	10	Normalized kNN (test)	1.0	0.5746298128414562	0.4592788971367975	0.5584218991903294	0.41964342379119746
3	10	kNN (full)	1.0	0.768418185076412	0.5301166489925768	0.6661198164855608	0.49319330912587916
3	1	Average Rating	0.8711558854718982	0.7970582861186022	0.5587486744432661	0.7041040247926634	0.5234169030555925
3	1	iMF (test)	0.8711558854718982	0.8272010072899637	0.5756097560975609	0.7200197999810624	0.5383186284695274
3	1	Normalized kNN (full)	0.8711558854718982	0.7806768014297489	0.5468716861081655	0.6912527159174275	0.5117639187877764
3	1	Random	0.8711558854718982	0.6521619540442061	0.46935312831389187	0.6392149357198331	0.45583672653451185
3	1	iMF (full)	0.8711558854718982	0.8125076718536064	0.5643690349946978	0.7090216177033754	0.5283892339778585
3	1	Popularity	0.8711558854718982	0.7503665806521214	0.5267232237539766	0.6839868325219775	0.5002589027216061
3	1	kNN (test)	0.8711558854718982	0.812265981465013	0.5622481442205727	0.7063418952540133	0.5256986455794491
3	1	Normalized kNN (test)	0.8711558854718982	0.8108542275086023	0.563626723223754	0.7086215199036648	0.5276259592281948
3	1	kNN (full)	0.8711558854718982	0.8112663418771561	0.5616118769883351	0.7068255885583091	0.5257756375487189
3	2	Average Rating	0.9053022269353129	0.7914398388397271	0.5559915164369035	0.700054133362072	0.52021484893755
3	2	iMF (test)	0.9053022269353129	0.8235094902990229	0.5694591728525981	0.7152765889277016	0.5335075019503791
3	2	Normalized kNN (full)	0.9053022269353129	0.7743216821616483	0.5425238600212089	0.6846872281265015	0.5067611607792181
3	2	Random	0.9053022269353129	0.6068667110815977	0.44464475079533405	0.6217554469083371	0.4362322694137344
3	2	iMF (full)	0.9053022269353129	0.8079424345319757	0.5613997879109226	0.7063214729967839	0.525698499901426
3	2	Popularity	0.9053022269353129	0.7447108292143165	0.523117709437964	0.6781960432476251	0.4959195624185573
3	2	kNN (test)	0.9053022269353129	0.8105940401007232	0.560763520678685	0.7042293824575132	0.52398793673823
3	2	Normalized kNN (test)	0.9053022269353129	0.7991272959403621	0.5591728525980911	0.7025328308530583	0.522624155361445
3	2	kNN (full)	0.9053022269353129	0.8098939479663158	0.5604453870625663	0.70510316817205	0.5244135587922661
3	0	Average Rating	0.8319194061505832	0.81835410669867	0.5663838812301166	0.7137242505672559	0.5315108591943709
3	0	iMF (test)	0.8319194061505832	0.8316938913719011	0.5779427359490986	0.7219727219627021	0.5404345466240682
3	0	Normalized kNN (full)	0.8319194061505832	0.7943897140971599	0.5527041357370096	0.6982219937317785	0.5177801208480792
3	0	Random	0.8319194061505832	0.6795980551454803	0.47879109225874866	0.6532563124798894	0.4663476520376046
3	0	iMF (full)	0.8319194061505832	0.8139535620715517	0.564475079533404	0.7098598133923462	0.5287940489539746
3	0	Popularity	0.8319194061505832	0.7582954216579859	0.5305408271474019	0.6893030570275851	0.5045425997253612
3	0	kNN (test)	0.8319194061505832	0.81448942895	0.5639448568398727	0.7082110759142862	0.5274188574962202
3	0	Normalized kNN (test)	0.8319194061505832	0.8263544532541217	0.5695652173913044	0.7163722677710536	0.5340015129180725
3	0	kNN (full)	0.8319194061505832	0.8130855620486817	0.562778366914104	0.7081543288238377	0.5269755696247661
3	1000	Average Rating	1.0	0.031067580529885543	0.036055143160127257	0.023609649240118054	0.02477377416980129
3	1000	iMF (test)	1.0	0.13370391032024567	0.10583244962884411	0.11874048201644956	0.09113120479810223
3	1000	Normalized kNN (full)	1.0	0.2051712751157119	0.14888653234358432	0.1958038183911266	0.13635298402607973
3	1000	Random	1.0	0.014077736573252878	0.012089077412513256	0.010788944076046207	0.00874296393068649
3	1000	iMF (full)	1.0	0.37822611302513853	0.26903499469777303	0.3104915638038371	0.23525983112409182
3	1000	Popularity	1.0	0.18187984707582017	0.13488865323435845	0.14783162684815115	0.11417344607781472
3	1000	kNN (test)	1.0	0.33966249691024947	0.23520678685047722	0.2682409747882704	0.20138539097648187
3	1000	Normalized kNN (test)	1.0	0.062254006380484055	0.0630965005302227	0.04437959100095441	0.04568173047954866
3	1000	kNN (full)	1.0	0.33699357472601094	0.23446447507953339	0.263489580381565	0.20036295644649185
3	1682	Average Rating	1.0	0.01701051026981118	0.021314952279957583	0.013041783501137895	0.014355184213034647
3	1682	iMF (test)	1.0	0.13051223728836134	0.10371155885471899	0.11702321466417497	0.08942312838029684
3	1682	Normalized kNN (full)	1.0	0.19761906632411003	0.14390243902439026	0.18993776831362802	0.13173918329840192
3	1682	Random	1.0	0.005825850013411713	0.0057264050901378585	0.003663097337814512	0.004107780262910001
3	1682	iMF (full)	1.0	0.37229719686701274	0.26447507953340404	0.2976881678341774	0.22885183734480033
3	1682	Popularity	1.0	0.17881642762932237	0.13244962884411454	0.1455672358958094	0.11205525713275273
3	1682	kNN (test)	1.0	0.3351133003688357	0.23213149522799575	0.26060763127444536	0.19752828142883527
3	1682	Normalized kNN (test)	1.0	0.0424768305211536	0.04432661717921527	0.03227630471627933	0.032375724094369264
3	1682	kNN (full)	1.0	0.3335049879040717	0.2325556733828208	0.2596415278599834	0.19814090456138791
3	500	Average Rating	1.0	0.07611702984764177	0.06224814422057264	0.04426445670363213	0.04436316451808914
3	500	iMF (test)	1.0	0.1874379494453726	0.14061505832449628	0.1642879131249074	0.12280727591642765
3	500	Normalized kNN (full)	1.0	0.2427291833705073	0.17507953340402968	0.2279141249544001	0.1601317551346707
3	500	Random	1.0	0.029065766297508223	0.026829268292682926	0.021037992105758237	0.018811555194396097
3	500	iMF (full)	1.0	0.41218404051691493	0.292152704135737	0.33367003803461326	0.2549093199604015
3	500	Popularity	1.0	0.20619497100391132	0.15450689289501593	0.1662388087331684	0.13016492305241373
3	500	kNN (test)	1.0	0.37069296192947526	0.2539766702014846	0.29269492386870555	0.21931393389107598
3	500	Normalized kNN (test)	1.0	0.09065073574750475	0.0831389183457052	0.06252771281195248	0.06217238357709439
3	500	kNN (full)	1.0	0.3704518149654721	0.25556733828207845	0.2928758743745668	0.22082669851195316
3	50	Average Rating	1.0	0.2567107152807094	0.2176033934252386	0.21058236657282878	0.1782487690757649
3	50	iMF (test)	1.0	0.5358001972968414	0.3792152704135737	0.47463132941484204	0.3468832875045974
3	50	Normalized kNN (full)	1.0	0.5227018565178083	0.3688229056203606	0.44167013824652873	0.3336159048311793
3	50	Random	1.0	0.18903880166737963	0.16288441145281018	0.16571559818806472	0.13421897121085977
3	50	iMF (full)	1.0	0.6517372386900949	0.4544008483563097	0.5621180263552512	0.4165477630678375
3	50	Popularity	1.0	0.4281245049216107	0.2984093319194061	0.32326967147706065	0.25575800586641434
3	50	kNN (test)	1.0	0.6275328523620646	0.43287380699893957	0.5336479677648586	0.394422054625241
3	50	Normalized kNN (test)	1.0	0.2713770446746798	0.23902439024390246	0.22261124577227126	0.1933228416373113
3	50	kNN (full)	1.0	0.624723377549426	0.4301166489925769	0.5306412576414777	0.39167759589543794
3	200	Average Rating	1.0	0.11676999724982999	0.09809119830328739	0.07693752929917509	0.0733948476492992
3	200	iMF (test)	1.0	0.26430976491274977	0.2031813361611877	0.2310763937060138	0.17704708022999724
3	200	Normalized kNN (full)	1.0	0.33588158085718056	0.2415694591728526	0.30712861109595924	0.2207783813246319
3	200	Random	1.0	0.06789328733168884	0.06182396606574762	0.047011712399846826	0.044793550184077095
3	200	iMF (full)	1.0	0.4840870923445862	0.3425238600212089	0.4083836712870142	0.30512737790580574
3	200	Popularity	1.0	0.24260238507896736	0.18918345705196182	0.20349085553808982	0.1595732398572643
3	200	kNN (test)	1.0	0.43273419851571676	0.30053022269353125	0.36325316106643174	0.2662759494714965
3	200	Normalized kNN (test)	1.0	0.13532450153288716	0.12089077412513255	0.09967241198582423	0.09208088148170693
3	200	kNN (full)	1.0	0.43441819286637273	0.3015906680805938	0.3632307593711057	0.2671026286332762
3	100	Average Rating	1.0	0.17477368911182975	0.13944856839872746	0.10783219312016198	0.10395381518510384
3	100	iMF (test)	1.0	0.4091499611355873	0.2950159066808059	0.363394315086764	0.267219443161242
3	100	Normalized kNN (full)	1.0	0.42089781267774484	0.2985153764581124	0.36648488957551556	0.2705760452036106
3	100	Random	1.0	0.12235984107475084	0.10646871686108166	0.09232393840821132	0.08150343689749255
3	100	iMF (full)	1.0	0.5582169451248178	0.3928950159066808	0.47950819675848594	0.35495151105485817
3	100	Popularity	1.0	0.3236600934039756	0.24072110286320256	0.26143143225127263	0.20492620630050526
3	100	kNN (test)	1.0	0.5140245990839136	0.3579003181336161	0.43896594448637377	0.3224263257075203
3	100	Normalized kNN (test)	1.0	0.20677721482932232	0.18822905620360553	0.163073417518367	0.14702934909361856
3	100	kNN (full)	1.0	0.5144148829207236	0.3576882290562036	0.4406448041621511	0.32266814451876463
