fold	target size	recommender system	Coverage@10	nDCG@10	P@10	Recall@10	FScore@10
1	0	kNN (full)	0.8732007021650088	0.8263878637284362	0.634523112931539	0.6485953613909914	0.5351281651360152
1	0	Random	0.8732007021650088	0.7109398969553494	0.5505558806319485	0.606815039501048	0.48518899710168023
1	0	iMF (full)	0.8732007021650088	0.8274058849685473	0.6326506729081335	0.6474414456765115	0.5338943822144607
1	0	Popularity	0.8732007021650088	0.7913433416597945	0.606377998829725	0.6352290702393322	0.5182600857979462
1	0	kNN (test)	0.8732007021650088	0.8303948361204363	0.6356348741954359	0.6496025883475615	0.5360725458922397
1	0	Normalized kNN (test)	0.8732007021650088	0.8438566216999657	0.6465769455822118	0.6572197411701551	0.5439447087241699
1	0	Average Rating	0.8732007021650088	0.8391425382158274	0.6430076067875952	0.655836616123885	0.5421128717576008
1	0	Normalized kNN (full)	0.8732007021650088	0.8080193626595069	0.6220011702750147	0.6379546417840815	0.524317143089278
1	0	iMF (test)	0.8732007021650088	0.8513906949470461	0.6535400819192511	0.6597863289651449	0.5478859631438963
2	0	kNN (full)	0.8725570509069631	0.8246182224871957	0.6327677004095963	0.6492092918883899	0.5350427125465996
2	0	Random	0.8725570509069631	0.7016794975226069	0.5446459918080748	0.6025324432519238	0.4802412345529077
2	0	iMF (full)	0.8725570509069631	0.8222465061168434	0.6289643066120539	0.6464281159771396	0.5320495039656336
2	0	Popularity	0.8725570509069631	0.7878874412081814	0.6068461088355763	0.63556371460712	0.5187574354714771
2	0	kNN (test)	0.8725570509069631	0.8242514862896764	0.6321240491515506	0.6491461765512989	0.5349334368359997
2	0	Normalized kNN (test)	0.8725570509069631	0.839911637742576	0.6423054417788181	0.6554061583953958	0.5420052837119788
2	0	Average Rating	0.8725570509069631	0.8339001771065949	0.6369806904622586	0.6540713205237805	0.5394118933396428
2	0	Normalized kNN (full)	0.8725570509069631	0.799085436700087	0.6143943826799297	0.6339706058258551	0.5195409669009493
2	0	iMF (test)	0.8725570509069631	0.8454574003847652	0.6484493856056174	0.6590188518973897	0.5459778211490709
3	0	kNN (full)	0.8675833820947924	0.8302216745970177	0.631187829139848	0.6525237650242842	0.5354938740443059
3	0	Random	0.8675833820947924	0.7079103636979334	0.5458162668227033	0.6082334521272718	0.48295070667054824
3	0	iMF (full)	0.8675833820947924	0.8259842686537686	0.6264482153306027	0.6477744545421787	0.5311883857131532
3	0	Popularity	0.8675833820947924	0.7936033452663577	0.6069046225863078	0.6402609907222916	0.5210470870204723
3	0	kNN (test)	0.8675833820947924	0.8309845892747019	0.6325336454066706	0.6534052653248433	0.5366109613889709
3	0	Normalized kNN (test)	0.8675833820947924	0.8485658107211348	0.6443534230544178	0.6607665480373754	0.5448933921098323
3	0	Average Rating	0.8675833820947924	0.8409869990306303	0.6409596255119954	0.6589087053728871	0.5429222305508854
3	0	Normalized kNN (full)	0.8675833820947924	0.8076474153024914	0.6156231714452896	0.6379587869768647	0.5215007712364922
3	0	iMF (test)	0.8675833820947924	0.8527676502483956	0.6488004681100058	0.6620049403227164	0.546735257845857
4	0	kNN (full)	0.8635459332943242	0.8381431487085064	0.6313633703920422	0.6552556784657588	0.5346431656801123
4	0	Random	0.8635459332943242	0.7101492263743224	0.5444704505558806	0.6097282403269592	0.48116507874860626
4	0	iMF (full)	0.8635459332943242	0.829703348260424	0.6265067290813341	0.6520557536136141	0.531840831215561
4	0	Popularity	0.8635459332943242	0.8021472116011492	0.6084259801053247	0.6436263141767375	0.5206127213572389
4	0	kNN (test)	0.8635459332943242	0.8385158073365058	0.6317144528964306	0.6552409257946962	0.5347564866533963
4	0	Normalized kNN (test)	0.8635459332943242	0.8531802851769323	0.6438267992978349	0.6637676745310888	0.5442576230321614
4	0	Average Rating	0.8635459332943242	0.8443073413139519	0.638560561732007	0.6610637950024263	0.5410013005807178
4	0	Normalized kNN (full)	0.8635459332943242	0.8170682751666549	0.619426565242832	0.6442266636352226	0.5241125892001856
4	0	iMF (test)	0.8635459332943242	0.8567468062702562	0.6500292568753657	0.6659057398398244	0.5472026838736809
5	0	kNN (full)	0.8677589233469866	0.833527487659576	0.6320655354008192	0.6550563371042185	0.5358567315100209
5	0	Random	0.8677589233469866	0.71232980021443	0.5471620830895261	0.6129654584166478	0.4850846451325536
5	0	iMF (full)	0.8677589233469866	0.830225243317829	0.6296079578700995	0.6535973579913833	0.534018144693638
5	0	Popularity	0.8677589233469866	0.7963402326323693	0.6064365125804565	0.6417605643390649	0.5194889067339198
5	0	kNN (test)	0.8677589233469866	0.8349826843754525	0.6332358104154476	0.6552544894049337	0.536349293197844
5	0	Normalized kNN (test)	0.8677589233469866	0.849966054738822	0.6428905792861322	0.6634408716269392	0.5443393212458547
5	0	Average Rating	0.8677589233469866	0.8407853059125295	0.6392042129900527	0.6617224167485463	0.5420536184382329
5	0	Normalized kNN (full)	0.8677589233469866	0.8102169920150332	0.6205383265067291	0.6444236105626242	0.5254198312461636
5	0	iMF (test)	0.8677589233469866	0.8560491226286129	0.6495026331187829	0.6652222911011911	0.5473264024468173
1	1	kNN (full)	0.9040374488004681	0.8227132917908956	0.6319485078993563	0.6455769593335056	0.5324849576755618
1	1	Random	0.9040374488004681	0.6693103457844071	0.5330602691632533	0.5894730716143564	0.4685933127672782
1	1	iMF (full)	0.9040374488004681	0.8202468660342861	0.6277940315974254	0.6433495961215393	0.529991622666231
1	1	Popularity	0.9040374488004681	0.7846126483660061	0.6022235225277941	0.631008345209518	0.5142135793820065
1	1	kNN (test)	0.9040374488004681	0.8266803524933075	0.6332358104154476	0.6471664157831796	0.5337695301060768
1	1	Normalized kNN (test)	0.9040374488004681	0.8331331547297636	0.6408425980105324	0.6521928661432582	0.5389013024451144
1	1	Average Rating	0.9040374488004681	0.8161200350958583	0.6313633703920422	0.6459472609682274	0.5320910139427939
1	1	Normalized kNN (full)	0.9040374488004681	0.791622334353587	0.6122293739028671	0.6276207243280358	0.5145974610555201
1	1	iMF (test)	0.9040374488004681	0.8463987329014919	0.6499707431246342	0.6566533366730559	0.5447722656581561
2	1	kNN (full)	0.9028671737858397	0.8206948064239483	0.6299590403744879	0.6458758172457337	0.5320490512170579
2	1	Random	0.9028671737858397	0.6720155262449039	0.5335283791691047	0.5877732373308376	0.46730235193208064
2	1	iMF (full)	0.9028671737858397	0.8177338268766532	0.6261556465769456	0.6427425839585621	0.528792943602241
2	1	Popularity	0.9028671737858397	0.7813826322011583	0.6023990637799883	0.6305287915940624	0.5142539127022778
2	1	kNN (test)	0.9028671737858397	0.8205013309660099	0.6295494441193681	0.6462702399155096	0.5322776554273236
2	1	Normalized kNN (test)	0.9028671737858397	0.8279432048598603	0.635517846693973	0.6494357007115327	0.5361323424702378
2	1	Average Rating	0.9028671737858397	0.8124366475804039	0.6257460503218257	0.6444112763657193	0.5298423521741991
2	1	Normalized kNN (full)	0.9028671737858397	0.7831872306229779	0.6066120538326507	0.6255397333465177	0.5118361307909229
2	1	iMF (test)	0.9028671737858397	0.8411953318236681	0.6459332943241662	0.6549502667401681	0.5425532671252313
3	1	kNN (full)	0.8998829724985372	0.8267061725935132	0.6290228203627852	0.6500912164000271	0.5333209930760172
3	1	Random	0.8998829724985372	0.6746960169501077	0.5290228203627853	0.5904651173028709	0.46652874947794043
3	1	iMF (full)	0.8998829724985372	0.8237963819864303	0.6266822703335284	0.6474697653319182	0.5311904441551454
3	1	Popularity	0.8998829724985372	0.787609336583509	0.6037448800468109	0.6369652911305183	0.5180159613461338
3	1	kNN (test)	0.8998829724985372	0.8279061599719075	0.6306026916325337	0.6514191868204932	0.5347198983727681
3	1	Normalized kNN (test)	0.8998829724985372	0.8379018437860103	0.6393797542422469	0.656198899788901	0.5405738286516625
3	1	Average Rating	0.8998829724985372	0.8178169373823287	0.6299005266237566	0.6494918627000641	0.5335476301951522
3	1	Normalized kNN (full)	0.8998829724985372	0.790736582780753	0.6071386775892335	0.6281680308428805	0.5127430880807873
3	1	iMF (test)	0.8998829724985372	0.8470087277020094	0.6447630193095378	0.6589042678584368	0.5434082492111951
4	1	kNN (full)	0.8952603861907549	0.8344529529933721	0.6290813341135166	0.6526797821657734	0.5323893757547002
4	1	Random	0.8952603861907549	0.6759374862676872	0.5253949678174371	0.5934314647985398	0.4651558244046003
4	1	iMF (full)	0.8952603861907549	0.8248912503848053	0.6222352252779404	0.6482762798503884	0.5284333750203839
4	1	Popularity	0.8952603861907549	0.7964795966693201	0.6047981275599765	0.6400946014971328	0.5172074862886595
4	1	kNN (test)	0.8952603861907549	0.8348710995154087	0.6296664716208309	0.6529446650142529	0.5327252259401726
4	1	Normalized kNN (test)	0.8952603861907549	0.8418065793127264	0.6377413692217672	0.6585218052111376	0.5390858936487752
4	1	Average Rating	0.8952603861907549	0.8219616083763799	0.629256875365711	0.6526975104203547	0.5328158740068771
4	1	Normalized kNN (full)	0.8952603861907549	0.8033807073677108	0.6112931538911645	0.6344818615288464	0.5156379435477596
4	1	iMF (test)	0.8952603861907549	0.8523676414745003	0.646752486834406	0.6634698158327309	0.5447172404057502
5	1	kNN (full)	0.8992393212404914	0.829262252396397	0.629256875365711	0.6515681732298639	0.5328663139884112
5	1	Random	0.8992393212404914	0.6717547916581996	0.5246342890579286	0.5922166945517447	0.4650376499332098
5	1	iMF (full)	0.8992393212404914	0.8228113617412909	0.6251609128145115	0.6488544390940455	0.5302368340805415
5	1	Popularity	0.8992393212404914	0.7890598288732232	0.6020479812755998	0.6367784971308983	0.5150928329490071
5	1	kNN (test)	0.8992393212404914	0.8308204056951878	0.6308367466354593	0.6517917930955434	0.5337605226204071
5	1	Normalized kNN (test)	0.8992393212404914	0.838642060071392	0.6370392042129901	0.6576404610878541	0.5389165730941702
5	1	Average Rating	0.8992393212404914	0.8178416655584855	0.6294324166179053	0.6531858511453266	0.5334488204201319
5	1	Normalized kNN (full)	0.8992393212404914	0.7966613389717773	0.6117027501462844	0.6346674072117673	0.5164430722543231
5	1	iMF (test)	0.8992393212404914	0.8483922402226836	0.6450555880631949	0.6615801343621421	0.5437999112171201
1	2	kNN (full)	0.9305441778818022	0.8193383599730639	0.6299005266237566	0.6427843779492215	0.5301862689164286
1	2	Random	0.9305441778818022	0.6473731211488304	0.5172615564657694	0.5716637925159982	0.4528905438053643
1	2	iMF (full)	0.9305441778818022	0.816608757695915	0.624985371562317	0.6402489073877478	0.5270798957535242
1	2	Popularity	0.9305441778818022	0.7779600633044106	0.5989467524868344	0.6267335086806438	0.5106830660593343
1	2	kNN (test)	0.9305441778818022	0.8239682630430725	0.6314218841427734	0.6447548044719754	0.531724078615828
1	2	Normalized kNN (test)	0.9305441778818022	0.8210114880990997	0.634523112931539	0.6463538324079187	0.5333619777881337
1	2	Average Rating	0.9305441778818022	0.795798533046103	0.6232884727911059	0.63760547446156	0.5245866370593121
1	2	Normalized kNN (full)	0.9305441778818022	0.7774112974988454	0.6023405500292569	0.6149397995527035	0.5041165355739607
1	2	iMF (test)	0.9305441778818022	0.8405527930952055	0.6456407255705091	0.6524111583431115	0.5409438845082215
2	2	kNN (full)	0.9297249853715623	0.8170119378023226	0.6279110590988882	0.6432362012076097	0.5298499931743931
2	2	Random	0.9297249853715623	0.6363471887030242	0.5092451726155647	0.5669656603924935	0.44698039979532683
2	2	iMF (full)	0.9297249853715623	0.8150778062755766	0.6258630778232884	0.6409187030286323	0.5275811020226868
2	2	Popularity	0.9297249853715623	0.7731965335330514	0.5975424224692804	0.6256444744993482	0.5096986310212785
2	2	kNN (test)	0.9297249853715623	0.8175213914969028	0.6276184903452311	0.6440378977607457	0.5303380046312545
2	2	Normalized kNN (test)	0.9297249853715623	0.814889130566296	0.6310122878876536	0.6452995573123227	0.5321656469143231
2	2	Average Rating	0.9297249853715623	0.7912944304459307	0.6165593914569925	0.6355656567474505	0.5214632064124008
2	2	Normalized kNN (full)	0.9297249853715623	0.768596040776461	0.5979520187244002	0.612928496309123	0.5018213591662078
2	2	iMF (test)	0.9297249853715623	0.8341232176801496	0.6438267992978349	0.6531233525404008	0.5408488677529428
3	2	kNN (full)	0.927735517846694	0.8215479355896323	0.625804564072557	0.6460986737156975	0.5299329160410488
3	2	Random	0.927735517846694	0.641531776614675	0.5099473376243417	0.5749678368157761	0.4522464232100569
3	2	iMF (full)	0.927735517846694	0.8193968223673358	0.6236395552954944	0.6431840305209134	0.5276303311480164
3	2	Popularity	0.927735517846694	0.7806872681013473	0.5997659449970744	0.633072225221955	0.5143622561522971
3	2	kNN (test)	0.927735517846694	0.823662432175705	0.6282621416032768	0.6484998100960658	0.5323517888149566
3	2	Normalized kNN (test)	0.927735517846694	0.8263092675152959	0.6319485078993563	0.6492319715645211	0.5341684708381583
3	2	Average Rating	0.927735517846694	0.7995534570326491	0.6211819777647747	0.6415625348878758	0.5258550209207755
3	2	Normalized kNN (full)	0.927735517846694	0.7799121835904212	0.5987126974839088	0.6192159133924563	0.5043784142465993
3	2	iMF (test)	0.927735517846694	0.8414949942308689	0.643417203042715	0.6562074127277496	0.5415282841531911
4	2	kNN (full)	0.9236980690462258	0.8305324565280414	0.6268578115857226	0.6497032677018956	0.5299088375609183
4	2	Random	0.9236980690462258	0.6423607561318332	0.5103569338794617	0.5773819806374103	0.45087252544802603
4	2	iMF (full)	0.9236980690462258	0.8235483220079118	0.6227618490345231	0.6467831825456525	0.5275227943901577
4	2	Popularity	0.9236980690462258	0.7885668426571534	0.599707431246343	0.6337897025065925	0.5118224531975067
4	2	kNN (test)	0.9236980690462258	0.8309119627258725	0.6272088940901113	0.6497783619024237	0.5300319123616978
4	2	Normalized kNN (test)	0.9236980690462258	0.8297885122167035	0.6315974253949679	0.6521781303822143	0.5332748328505135
4	2	Average Rating	0.9236980690462258	0.7974123942528608	0.617203042715038	0.6425723940952182	0.5227714310794834
4	2	Normalized kNN (full)	0.9236980690462258	0.7885051390299748	0.6022235225277941	0.6234379099979253	0.5061942644439961
4	2	iMF (test)	0.9236980690462258	0.8450860323154318	0.6418373317729666	0.6589681697954352	0.5401819536146768
5	2	kNN (full)	0.9270333528379169	0.8259215853601668	0.6270918665886484	0.6482811902668129	0.5305329248173078
5	2	Random	0.9270333528379169	0.6460842623603247	0.5107665301345816	0.5756454482770461	0.45037994020122846
5	2	iMF (full)	0.9270333528379169	0.8205016462138243	0.6243417203042715	0.6477759382429836	0.5288864892921264
5	2	Popularity	0.9270333528379169	0.7834481872732211	0.598888238736103	0.6332236102187354	0.511842981559968
5	2	kNN (test)	0.9270333528379169	0.8284522086527711	0.6289057928613224	0.6502213680149368	0.5319014579310316
5	2	Normalized kNN (test)	0.9270333528379169	0.8244134150681254	0.6307197191339965	0.6528211653396262	0.5338901681532973
5	2	Average Rating	0.9270333528379169	0.7961430386360657	0.618022235225278	0.6442000462297146	0.5243282382399604
5	2	Normalized kNN (full)	0.9270333528379169	0.7807715769628701	0.6020479812755998	0.6235284393165413	0.506519498665369
5	2	iMF (test)	0.9270333528379169	0.8445070068641622	0.6420713867758923	0.6587253545529705	0.5409487825857492
1	5	kNN (full)	0.9837916910473962	0.8066217068777068	0.6211234640140433	0.6305280057818693	0.520643792331119
1	5	Random	0.9837916910473962	0.5581804360277187	0.4583382094792276	0.5018657462493823	0.39457311805650686
1	5	iMF (full)	0.9837916910473962	0.8044470559109863	0.6170860152135751	0.6263251894420587	0.5173769855047958
1	5	Popularity	0.9837916910473962	0.7601094039799728	0.586541837331773	0.6132009867340279	0.4984617219812314
1	5	kNN (test)	0.9837916910473962	0.812015837955498	0.6231129315389117	0.6345006071190766	0.5230967700433752
1	5	Normalized kNN (test)	0.9837916910473962	0.7875281352094817	0.6172615564657695	0.6294238083428021	0.5176295631098307
1	5	Average Rating	0.9837916910473962	0.7387353455334018	0.5884142773551785	0.604208201506991	0.49363158061450185
1	5	Normalized kNN (full)	0.9837916910473962	0.7427242537701323	0.5763604447045055	0.5730662930204511	0.47364290658769775
1	5	iMF (test)	0.9837916910473962	0.822332129653961	0.6352837916910474	0.6411235337254478	0.5306370109231823
2	5	kNN (full)	0.9842012873025161	0.8052347198101926	0.6190169689877122	0.6317583120355049	0.5207239589646327
2	5	Random	0.9842012873025161	0.5542569909785908	0.4545348156816852	0.5036570809179071	0.3934234367708165
2	5	iMF (full)	0.9842012873025161	0.8058734449726155	0.6184903452311293	0.6293704197813035	0.5194433580677636
2	5	Popularity	0.9842012873025161	0.7545762203953116	0.5857811585722645	0.6122816701816353	0.49796888289704067
2	5	kNN (test)	0.9842012873025161	0.8064111575910027	0.6194850789935635	0.6341810360633644	0.5220175200730733
2	5	Normalized kNN (test)	0.9842012873025161	0.7851478209120669	0.6120538326506729	0.6277202609569922	0.5155194306692238
2	5	Average Rating	0.9842012873025161	0.7372186996266575	0.5863077823288473	0.6043301173086666	0.49359365471462835
2	5	Normalized kNN (full)	0.9842012873025161	0.7349145928781797	0.5708016383850205	0.5763193363110595	0.4725137718446611
2	5	iMF (test)	0.9842012873025161	0.8164991348555031	0.6307782328847279	0.6418255749667072	0.5297004919102255
3	5	kNN (full)	0.9833235810415447	0.8103342222067569	0.6178466939730838	0.6359508813642833	0.5215221009840448
3	5	Random	0.9833235810415447	0.5628389598623558	0.46009362200117027	0.5134997976498789	0.40026851985106987
3	5	iMF (full)	0.9833235810415447	0.8061464713616666	0.6139847864248098	0.6298239455841621	0.5177492073338691
3	5	Popularity	0.9833235810415447	0.7604718807721387	0.5872440023405501	0.6173535579976639	0.5017291414763521
3	5	kNN (test)	0.9833235810415447	0.8135163682382092	0.6210064365125805	0.6396782373236167	0.5248240280131555
3	5	Normalized kNN (test)	0.9833235810415447	0.7927130750162964	0.6144528964306611	0.6328794456815416	0.5189921652267807
3	5	Average Rating	0.9833235810415447	0.7448225384758068	0.5913399648917496	0.6118404712795542	0.4989856779435591
3	5	Normalized kNN (full)	0.9833235810415447	0.7410968297468521	0.572264482153306	0.5785871875631262	0.4742159166721515
3	5	iMF (test)	0.9833235810415447	0.8241760709651942	0.6312463428905792	0.6428344789881638	0.5302563152349512
4	5	kNN (full)	0.9820362785254535	0.8186415437567053	0.6186658864833235	0.6387200418447806	0.5211739844355399
4	5	Random	0.9820362785254535	0.5564327417162604	0.45424224692802806	0.509849366803129	0.3951964476249342
4	5	iMF (full)	0.9820362785254535	0.8115794114705829	0.6142773551784669	0.6348612195516292	0.5180150657517677
4	5	Popularity	0.9820362785254535	0.7705599699177877	0.5890579286132241	0.6207853675964141	0.5011400949341952
4	5	kNN (test)	0.9820362785254535	0.8198532524912865	0.6198946752486835	0.6404272026259613	0.5224305229980514
4	5	Normalized kNN (test)	0.9820362785254535	0.7976780994900096	0.6143358689291984	0.6350416284402509	0.5175742993524743
4	5	Average Rating	0.9820362785254535	0.7470964491786507	0.5895845523698069	0.6166606179527294	0.4984145360486303
4	5	Normalized kNN (full)	0.9820362785254535	0.757144002062438	0.5796957284961967	0.5921905984894063	0.4814208952639824
4	5	iMF (test)	0.9820362785254535	0.83003444547523	0.6322995904037448	0.6487092059040167	0.5313289540659617
5	5	kNN (full)	0.9837331772966648	0.8138546297914143	0.617612638970158	0.6361768344529551	0.520414001417293
5	5	Random	0.9837331772966648	0.5576264050632977	0.4543007606787595	0.5103189025082269	0.39553054218182787
5	5	iMF (full)	0.9837331772966648	0.8091586981188584	0.6169104739613809	0.6363244600663829	0.5202135523410406
5	5	Popularity	0.9837331772966648	0.7633841467920659	0.5860737273259216	0.6184156324374736	0.4990571156487675
5	5	kNN (test)	0.9837331772966648	0.817417422695453	0.6215915740198946	0.6404233453551553	0.5242740852754494
5	5	Normalized kNN (test)	0.9837331772966648	0.7955461384692505	0.6133996489174955	0.6354588339582298	0.5178032016829925
5	5	Average Rating	0.9837331772966648	0.7407828718637671	0.5877121123464014	0.6137567968315446	0.4966873191385653
5	5	Normalized kNN (full)	0.9837331772966648	0.7474406801549304	0.5780573434757168	0.5873172158558062	0.47937197940660126
5	5	iMF (test)	0.9837331772966648	0.8271292091821714	0.6307782328847279	0.6476737430999631	0.5310407285100499
1	10	kNN (full)	1.0	0.7915606500538919	0.6098303101228789	0.6125598798478331	0.5084177954746445
1	10	Random	1.0	0.45516838528817605	0.3863662960795787	0.3893970376849587	0.3177142633875313
1	10	iMF (full)	1.0	0.7894741702305582	0.6053832650672908	0.607135502269113	0.504969014558633
1	10	Popularity	1.0	0.7306129351467247	0.5660620245757753	0.5850109426670698	0.476720309077308
1	10	kNN (test)	1.0	0.7968476488357743	0.6118197776477472	0.6163503155692116	0.5103713187909146
1	10	Normalized kNN (test)	1.0	0.7437705617065498	0.5870684610883558	0.5956230196944234	0.4891680477956231
1	10	Average Rating	1.0	0.6587622229754276	0.5379754242246928	0.5458969632750944	0.4452743154333122
1	10	Normalized kNN (full)	1.0	0.6940400290503052	0.5417788180222353	0.5055923033750416	0.4330102712936174
1	10	iMF (test)	1.0	0.7931581493134068	0.6170860152135751	0.6193972016496707	0.5132229385709287
2	10	kNN (full)	1.0	0.7905363875643703	0.607899356348742	0.6136655406710665	0.508152901927094
2	10	Random	1.0	0.4450232894005396	0.37870099473376245	0.3796094465202486	0.31067734138441283
2	10	iMF (full)	1.0	0.7922215664537723	0.6086600351082505	0.6113064941561434	0.5076023154788071
2	10	Popularity	1.0	0.7285943191059668	0.5665886483323581	0.5849180699969398	0.4775432432565634
2	10	kNN (test)	1.0	0.7918724980317289	0.6089526038619075	0.6180145611046478	0.5103293767311996
2	10	Normalized kNN (test)	1.0	0.7396067081006759	0.5837331772966647	0.5955861655168515	0.48849402599153685
2	10	Average Rating	1.0	0.6578570437465544	0.5364540667056759	0.5450038387833516	0.44537744597707657
2	10	Normalized kNN (full)	1.0	0.6848120164929004	0.5339379754242247	0.5020450596371394	0.42773811871832873
2	10	iMF (test)	1.0	0.7940246749684134	0.6153306026916325	0.6225627514252773	0.5144187223241884
3	10	kNN (full)	0.9999414862492686	0.7944441456801277	0.6076067875950849	0.6185371794747948	0.5097139830924432
3	10	Random	0.9999414862492686	0.45588576507708484	0.38033937975424226	0.3943955526615479	0.3173433794290008
3	10	iMF (full)	0.9999414862492686	0.792846256716343	0.6042715038033938	0.6120351299850627	0.506195650861925
3	10	Popularity	0.9999414862492686	0.7340608894914674	0.5692217671152721	0.5912765350580378	0.4820249604785581
3	10	kNN (test)	0.9999414862492686	0.7967709056402048	0.6102399063779989	0.6224558598541233	0.5127841556664565
3	10	Normalized kNN (test)	0.9999414862492686	0.748455945822248	0.5881802223522528	0.6028017015550313	0.4935600191430105
3	10	Average Rating	0.9999414862492686	0.6621353293397447	0.5411351667641896	0.5536552157808784	0.45184807374787916
3	10	Normalized kNN (full)	0.9999414862492686	0.6928113229912269	0.5362785254534815	0.5094274423119667	0.4308118895090052
3	10	iMF (test)	0.9999414862492686	0.7992369445009585	0.6159157401989467	0.6252817325525611	0.5152250592652702
4	10	kNN (full)	1.0	0.8063428267416775	0.6099473376243417	0.6251052034190668	0.5115032938838436
4	10	Random	1.0	0.44942079339667684	0.38110005851375073	0.39185495654575536	0.31559224945879405
4	10	iMF (full)	1.0	0.7958786049471619	0.6047981275599765	0.6167788101689811	0.506996847478112
4	10	Popularity	1.0	0.7430117177782206	0.569631363370392	0.5945932852648318	0.4806622429639433
4	10	kNN (test)	1.0	0.8067606557648249	0.6106495026331187	0.6258187350963641	0.5122780700198284
4	10	Normalized kNN (test)	1.0	0.7481638459753032	0.5853715623171445	0.6030200930514086	0.49067885336778216
4	10	Average Rating	1.0	0.6657947205775713	0.5397308367466355	0.5603409087317789	0.4514707026764831
4	10	Normalized kNN (full)	1.0	0.7097321852372855	0.5448215330602691	0.5243207320354256	0.439047928797226
4	10	iMF (test)	1.0	0.8031387703390993	0.6166764189584553	0.6299724385913371	0.5161687580613997
5	10	kNN (full)	0.9999414862492686	0.7979729818901802	0.6077238150965476	0.6213215519665732	0.5097395457753455
5	10	Random	0.9999414862492686	0.4466959750605333	0.37489760093622004	0.3953215145513968	0.31360153660775864
5	10	iMF (full)	0.9999414862492686	0.795446445588873	0.6062609713282621	0.6160439056268184	0.5083555164244176
5	10	Popularity	0.9999414862492686	0.7347041763090395	0.5658279695728496	0.5911481590974186	0.47785525608137264
5	10	kNN (test)	0.9999414862492686	0.800380427054645	0.6111176126389702	0.6237838664694018	0.5126168216452409
5	10	Normalized kNN (test)	0.9999414862492686	0.7446905957593078	0.582796957284962	0.6013536353170775	0.48916047268222657
5	10	Average Rating	0.9999414862492686	0.6583064408252037	0.5363955529549445	0.5512897469055597	0.44683145304724675
5	10	Normalized kNN (full)	0.9999414862492686	0.6987289647840682	0.5428320655354009	0.5181056555351289	0.4368510888267441
5	10	iMF (test)	0.9999414862492686	0.798522239166467	0.6114686951433587	0.6239826682603259	0.5118217823313108
1	20	kNN (full)	1.0	0.768372229225397	0.592510239906378	0.5896051863749628	0.49021869297980997
1	20	Random	1.0	0.33863778315024295	0.2952018724400234	0.26724073411110477	0.2300980857414526
1	20	iMF (full)	1.0	0.7761863062820358	0.5945582211819778	0.5891499526146399	0.492056572529009
1	20	Popularity	1.0	0.6879349026520795	0.536337039204213	0.5413210027175908	0.44528348809486784
1	20	kNN (test)	1.0	0.7722748096406334	0.5938560561732007	0.5913468965235832	0.49160728599353887
1	20	Normalized kNN (test)	1.0	0.665260154579876	0.5355178466939731	0.5352260512379188	0.4399039076306284
1	20	Average Rating	1.0	0.544288607114769	0.4570509069631363	0.4396823066420446	0.3668017500921241
1	20	Normalized kNN (full)	1.0	0.6460823780996587	0.5045055588063195	0.441041403393533	0.390958916031837
1	20	iMF (test)	1.0	0.7511798807414168	0.5873610298420129	0.5833580322369798	0.48412019359704495
2	20	kNN (full)	1.0	0.7637252026686148	0.5887068461088356	0.5862430847107227	0.48817192693853206
2	20	Random	1.0	0.3295039545878788	0.2898186073727326	0.2618489626714047	0.22622152884503754
2	20	iMF (full)	1.0	0.7708618231448048	0.5943826799297834	0.5916672974363443	0.4926566509538368
2	20	Popularity	1.0	0.6817277016937502	0.533703920421299	0.5373706705951874	0.4426996177934361
2	20	kNN (test)	1.0	0.7662454299299944	0.5898186073727326	0.5908590657868075	0.4900611815526589
2	20	Normalized kNN (test)	1.0	0.6596987846106768	0.5305441778818023	0.533703290744594	0.43791415998183414
2	20	Average Rating	1.0	0.5409893213057108	0.45804564072557047	0.44734100107265207	0.3704052482055106
2	20	Normalized kNN (full)	1.0	0.6397181272498433	0.5001170275014629	0.44337046691759585	0.39007673060100884
2	20	iMF (test)	1.0	0.7482676434565372	0.5861907548273844	0.586137384260942	0.4863026814144528
3	20	kNN (full)	1.0	0.7677696216744533	0.5877121123464014	0.58824743743321	0.4887113121857893
3	20	Random	1.0	0.3282930019098195	0.28700994733762436	0.2638735793025271	0.22378005115852856
3	20	iMF (full)	1.0	0.7728740646324792	0.5906963136337039	0.5904747679557582	0.4911060666339719
3	20	Popularity	1.0	0.6862890338405487	0.5373902867173785	0.5411501416134898	0.4471790923274861
3	20	kNN (test)	1.0	0.7696613516381716	0.5895260386190755	0.5917357651975201	0.4907164714643075
3	20	Normalized kNN (test)	1.0	0.6692128142004292	0.5368636629607958	0.5390523152253651	0.4442169468624252
3	20	Average Rating	1.0	0.5484536519394907	0.46266822703335286	0.4527042246497637	0.37584856384863957
3	20	Normalized kNN (full)	1.0	0.6476565510631922	0.501111761263897	0.4456501506045701	0.39051092123825554
3	20	iMF (test)	1.0	0.7531685395076003	0.5848449385605617	0.588720275248713	0.4860235587021943
4	20	kNN (full)	1.0	0.778580095448033	0.590988882387361	0.5983199824130829	0.49181192169720234
4	20	Random	1.0	0.33716239959580463	0.29256875365710944	0.267873583413532	0.22805275427431307
4	20	iMF (full)	1.0	0.7802063863110076	0.5935049736688122	0.5988561969675754	0.4946221515228841
4	20	Popularity	1.0	0.6968505240223988	0.5371562317144529	0.5469005383959581	0.4460865346036339
4	20	kNN (test)	1.0	0.7814037271641716	0.5934464599180808	0.6009823779604008	0.49408513966037126
4	20	Normalized kNN (test)	1.0	0.6717616549944168	0.5369806904622586	0.542606412860739	0.4435296148718585
4	20	Average Rating	1.0	0.5431606736943138	0.46132241076653013	0.4561689720813362	0.3758256520749799
4	20	Normalized kNN (full)	1.0	0.6622661503002414	0.5117027501462844	0.4614966310157845	0.40080939667964777
4	20	iMF (test)	1.0	0.7603785299200972	0.5878291398478642	0.5959230064141872	0.4885693547029342
5	20	kNN (full)	1.0	0.7699299657338994	0.5887068461088356	0.5925303463742079	0.4895972304035453
5	20	Random	1.0	0.3352885447746718	0.2905792861322411	0.26461194802307736	0.22442114318473874
5	20	iMF (full)	1.0	0.774691452718658	0.5925687536571095	0.5937373150234979	0.49283928257533594
5	20	Popularity	1.0	0.6890986099895064	0.5338794616734932	0.5441555873180518	0.4438584797891501
5	20	kNN (test)	1.0	0.7735496168219803	0.5918080748976009	0.59671048791216	0.4925351517140987
5	20	Normalized kNN (test)	1.0	0.6659593721959786	0.5324751316559392	0.5395370890986436	0.43991638793363674
5	20	Average Rating	1.0	0.5445071460397052	0.460327677004096	0.4554659614136391	0.3737957874517601
5	20	Normalized kNN (full)	1.0	0.648585880126143	0.5059098888238737	0.44896353301631764	0.3939626107799485
5	20	iMF (test)	1.0	0.7522553592663684	0.5826214160327677	0.5882351538963791	0.4841901496857695
1	50	kNN (full)	1.0	0.7184326168239561	0.5549444119368051	0.539896755377165	0.45262855153846193
1	50	Random	1.0	0.20710220839008261	0.18297249853715622	0.14501483276500585	0.1313525494976466
1	50	iMF (full)	1.0	0.7340615876467077	0.5643066120538326	0.5476946357577654	0.4617144210378157
1	50	Popularity	1.0	0.6023465271991558	0.4751316559391457	0.45618314174165053	0.38257542588806176
1	50	kNN (test)	1.0	0.7218578139564876	0.5553540081919252	0.5406630124356229	0.4527627401344859
1	50	Normalized kNN (test)	1.0	0.5100529831735394	0.4256875365710942	0.3974862279237259	0.33579223032517247
1	50	Average Rating	1.0	0.36184474868898703	0.3221767115272089	0.2782640628267596	0.24331860624626786
1	50	Normalized kNN (full)	1.0	0.5921064336404026	0.46214160327677	0.3827259864970094	0.34933373501455334
1	50	iMF (test)	1.0	0.6564638802000153	0.5210649502633119	0.49903899305184407	0.42025423359628117
2	50	kNN (full)	1.0	0.7179101726858956	0.555763604447045	0.541224050522824	0.4546601168553066
2	50	Random	1.0	0.20677629861319027	0.18642480983031012	0.1483375548821866	0.13421208831902595
2	50	iMF (full)	1.0	0.7362905691778063	0.566998244587478	0.5529901267323358	0.46549773502964387
2	50	Popularity	1.0	0.5999871027037477	0.4767700409596255	0.4548148772430508	0.38336876099235984
2	50	kNN (test)	1.0	0.7190481089836624	0.556173200702165	0.5419368120691863	0.45501693944383836
2	50	Normalized kNN (test)	1.0	0.5086958114115998	0.42656524283206554	0.40213026179382755	0.33819197963467085
2	50	Average Rating	1.0	0.3632134098804183	0.32375658279695724	0.2892413001970186	0.24775015395273312
2	50	Normalized kNN (full)	1.0	0.5874709628563751	0.4608543007606788	0.38421709786250846	0.3506281536096602
2	50	iMF (test)	1.0	0.6549751545450049	0.5223522527794032	0.5026401670011864	0.42364159001707863
3	50	kNN (full)	1.0	0.723196845652891	0.5555880631948508	0.5415770451433901	0.45442323339249485
3	50	Random	1.0	0.2080068408076827	0.1860737273259216	0.14557716669679688	0.1318490565568972
3	50	iMF (full)	1.0	0.7322737147455013	0.56173200702165	0.5477339318220172	0.46054350946653444
3	50	Popularity	1.0	0.6068150105760713	0.47840842598010536	0.45482760898876073	0.38490855284966174
3	50	kNN (test)	1.0	0.7231647316756619	0.5566413107080164	0.5440092306277529	0.4558218953097792
3	50	Normalized kNN (test)	1.0	0.5163001804091465	0.4312463428905793	0.40901440572283276	0.34345813681364223
3	50	Average Rating	1.0	0.36280912826492034	0.3203627852545348	0.2852812408488767	0.24461849132263347
3	50	Normalized kNN (full)	1.0	0.5939667402049946	0.45980105324751314	0.38744856770648417	0.34940670799767415
3	50	iMF (test)	1.0	0.6619730921200431	0.522761849034523	0.5086805390976538	0.4252198609435648
4	50	kNN (full)	1.0	0.7329442235619023	0.5571094207138678	0.5506882743862864	0.4566945563728689
4	50	Random	1.0	0.20095352743766104	0.18057343475716794	0.13938814937924526	0.12806743769907156
4	50	iMF (full)	1.0	0.7396430023822058	0.5630778232884728	0.5593446929150858	0.46451957667754634
4	50	Popularity	1.0	0.6179448009768608	0.47975424224692803	0.46787903614333304	0.3881265045056208
4	50	kNN (test)	1.0	0.7360599476413308	0.5600351082504389	0.555929931017759	0.4597494442985762
4	50	Normalized kNN (test)	1.0	0.5239600354477603	0.4338209479227618	0.4120285834088832	0.3455689614605222
4	50	Average Rating	1.0	0.35557750387011605	0.3179637214745465	0.284772231516773	0.24493741645984532
4	50	Normalized kNN (full)	1.0	0.6069976811427723	0.4684025746050322	0.40056797295125507	0.3581448182005347
4	50	iMF (test)	1.0	0.6579117606347502	0.5195435927442948	0.5090102822732386	0.4221808843742319
5	50	kNN (full)	1.0	0.7210795579203683	0.5538326506729081	0.5433459918570176	0.4532564545729868
5	50	Random	1.0	0.21006944148144355	0.18437682855471038	0.14673800434099077	0.13250705849086217
5	50	iMF (full)	1.0	0.733272813058939	0.5624926857811585	0.5523445762742757	0.46144926982425444
5	50	Popularity	1.0	0.601966283795673	0.4716793446459918	0.45272621970407834	0.37910182626941946
5	50	kNN (test)	1.0	0.7217592747747137	0.5548858981860737	0.5436030226941402	0.453583210901517
5	50	Normalized kNN (test)	1.0	0.515003335132863	0.426214160327677	0.4070544890044326	0.3395472506769146
5	50	Average Rating	1.0	0.35483799872873295	0.3154476301930954	0.2790602765955186	0.24005170675548132
5	50	Normalized kNN (full)	1.0	0.5923116156398015	0.46348741954359274	0.38860163808608167	0.35236796728970166
5	50	iMF (test)	1.0	0.6628260368587547	0.5242246928028087	0.5141105279624281	0.42714788999550335
1	100	kNN (full)	1.0	0.6675199271193718	0.5167934464599181	0.4901085613780545	0.41458009425535436
1	100	Random	1.0	0.12845520058129262	0.11726155646576945	0.08199098762543248	0.078439691621382
1	100	iMF (full)	1.0	0.6930331237759555	0.5354593329432417	0.5103486120148221	0.4318271890979545
1	100	Popularity	1.0	0.5240945388119483	0.4176711527208894	0.38552391263212205	0.32722356262989977
1	100	kNN (test)	1.0	0.6704522247039751	0.5170275014628438	0.49264305904602923	0.4153021120199377
1	100	Normalized kNN (test)	1.0	0.38353136271918903	0.33247513165593917	0.28976506807617136	0.25247944608048073
1	100	Average Rating	1.0	0.24160721814406305	0.2242832065535401	0.18034130327251094	0.1628456200924289
1	100	Normalized kNN (full)	1.0	0.5454709507949261	0.42785254534815687	0.350918817025217	0.32212384358999707
1	100	iMF (test)	1.0	0.5613035616353093	0.45482738443534226	0.42388645882312176	0.35968946984164984
2	100	kNN (full)	1.0	0.6706946060174501	0.5196021064950264	0.4948582385231792	0.4188242049174751
2	100	Random	1.0	0.1270094678175566	0.1155061439438268	0.08419628556702066	0.07773676132954664
2	100	iMF (full)	1.0	0.6939340344445017	0.5385020479812755	0.5153724482542392	0.43622640804471086
2	100	Popularity	1.0	0.5267984129047465	0.41913399648917493	0.38413066847064004	0.32829096293619486
2	100	kNN (test)	1.0	0.6680658954052738	0.5179052077238151	0.4947713785023336	0.418330512720875
2	100	Normalized kNN (test)	1.0	0.38348992810407184	0.33153891164423643	0.29564372345873313	0.2545942460058274
2	100	Average Rating	1.0	0.23821882945945147	0.22516091281451142	0.18961191529366514	0.16658032365291722
2	100	Normalized kNN (full)	1.0	0.5420838021140211	0.42486834406085433	0.3533573833001496	0.322322735174582
2	100	iMF (test)	1.0	0.5585632653882655	0.45201872440023405	0.42767066837928575	0.3610942747494881
3	100	kNN (full)	1.0	0.6698593718327338	0.5157987126974839	0.49000393988088964	0.4150269987200991
3	100	Random	1.0	0.12863501028521573	0.11632533645406672	0.08030707432191962	0.0771281427523287
3	100	iMF (full)	1.0	0.6889982337575588	0.5323581041544763	0.5060365133940783	0.43017279274125486
3	100	Popularity	1.0	0.5271122000105453	0.42141603276770045	0.38295816707127556	0.32946870796118205
3	100	kNN (test)	1.0	0.6714830858035288	0.5185488589818608	0.49249634493038386	0.41762114482113255
3	100	Normalized kNN (test)	1.0	0.39354225353984224	0.3375073142188414	0.29876893926434467	0.2584426188400992
3	100	Average Rating	1.0	0.2370173481226596	0.21743709771796374	0.18188266658098576	0.1593896777393502
3	100	Normalized kNN (full)	1.0	0.5465050468461626	0.42276184903452313	0.353011154347194	0.32004056517607454
3	100	iMF (test)	1.0	0.5554959333755193	0.45201872440023405	0.42325298990038995	0.3593491594558948
4	100	kNN (full)	1.0	0.6858654352910405	0.5217086015213576	0.5042187990262502	0.4212242039800817
4	100	Random	1.0	0.129030357812099	0.11568168519602108	0.08590316012866304	0.07802080916115553
4	100	iMF (full)	1.0	0.6993324022040911	0.5338209479227618	0.5206853655082732	0.43436836400136436
4	100	Popularity	1.0	0.5393640390879155	0.42311293153891166	0.3920235631832444	0.3315376125850294
4	100	kNN (test)	1.0	0.685231086089003	0.5232884727911059	0.5085577959236142	0.42374666806361055
4	100	Normalized kNN (test)	1.0	0.38887145874175166	0.33282621416032765	0.2984834640125503	0.2566042366782395
4	100	Average Rating	1.0	0.22628114137140634	0.21620830895260387	0.17884324980005198	0.15963561953390046
4	100	Normalized kNN (full)	1.0	0.5639093308327541	0.4369221767115272	0.37065664162448353	0.3322010498331917
4	100	iMF (test)	1.0	0.568949659081772	0.45260386190754825	0.43257196531349246	0.3613736258782473
5	100	kNN (full)	1.0	0.6751460815327299	0.516500877706261	0.49602704970504546	0.41675758473423613
5	100	Random	1.0	0.12896108013527757	0.11597425394967818	0.08447017135150885	0.07874196386016045
5	100	iMF (full)	1.0	0.6928926330438182	0.5316559391456993	0.510853638764844	0.4306106666052701
5	100	Popularity	1.0	0.5271449398011776	0.4167349327091867	0.3815722399519524	0.3255294917965744
5	100	kNN (test)	1.0	0.6742173281885172	0.5160327677004096	0.49540376337423114	0.41612230945880957
5	100	Normalized kNN (test)	1.0	0.396536300823568	0.3383850204798127	0.3048108345527499	0.2595942237589673
5	100	Average Rating	1.0	0.23710973839168606	0.22047981275599768	0.17822077579702816	0.1608384010705907
5	100	Normalized kNN (full)	1.0	0.546455300926685	0.4285547103569339	0.3522164619438625	0.3233321117161237
5	100	iMF (test)	1.0	0.5646567388195203	0.45149210064365125	0.43051579776075233	0.3605510856698891
1	200	kNN (full)	1.0	0.5996389632025017	0.46553540081919254	0.431291502901697	0.3677844938366737
1	200	Random	1.0	0.07653825643039831	0.06939730836746635	0.043543031983533306	0.043007018659747036
1	200	iMF (full)	1.0	0.6317597176902744	0.48905792861322406	0.4592561480718255	0.3903062679545982
1	200	Popularity	1.0	0.4387403347872073	0.3544177881802224	0.30797427963103496	0.26808204888577575
1	200	kNN (test)	1.0	0.6002122055533332	0.4637214745465184	0.42871569669034526	0.3653972294142164
1	200	Normalized kNN (test)	1.0	0.2631870487528008	0.23996489174956115	0.1928986127460187	0.17374783223784895
1	200	Average Rating	1.0	0.13622739151919097	0.1267407840842598	0.09022179148768936	0.08620878781455858
1	200	Normalized kNN (full)	1.0	0.4855870071284732	0.3823288472791106	0.3211753810917357	0.29017628013421126
1	200	iMF (test)	1.0	0.45208383531939494	0.37068461088355764	0.33382411442937043	0.2864875243663144
2	200	kNN (full)	1.0	0.6006015694651617	0.46489174956114687	0.43165167916148695	0.36907088524077153
2	200	Random	1.0	0.0718075877134509	0.06746635459332943	0.045460386641244924	0.043493031790004466
2	200	iMF (full)	1.0	0.6332501899728744	0.49262726740784085	0.45862436961038305	0.3925350323344082
2	200	Popularity	1.0	0.43990764513647485	0.3529549444119368	0.3071251761388024	0.2681501038482236
2	200	kNN (test)	1.0	0.5991434908865543	0.46459918080748974	0.43353326491069166	0.3688895007164202
2	200	Normalized kNN (test)	1.0	0.26141209245019376	0.2355763604447045	0.19196751861966777	0.17190463927637195
2	200	Average Rating	1.0	0.12773321338792418	0.12276184903452311	0.09468931996798022	0.08617800026835214
2	200	Normalized kNN (full)	1.0	0.48032190032935285	0.37811585722644825	0.3208083279923059	0.28922189414948557
2	200	iMF (test)	1.0	0.44069945701199553	0.36325336454066703	0.32986670465448054	0.2837005315914002
3	200	kNN (full)	1.0	0.5999242011638708	0.46249268578115854	0.4266993091371038	0.3656393571837236
3	200	Random	1.0	0.07529087618842961	0.07027501462843769	0.04570802149988041	0.04495083685829733
3	200	iMF (full)	1.0	0.6303961612828585	0.4867173785839672	0.4542556842728911	0.3890862360650828
3	200	Popularity	1.0	0.44816774604890375	0.3575190169689877	0.3106864297362427	0.2713729849040565
3	200	kNN (test)	1.0	0.6005315456828507	0.46430661205383267	0.43001175658876445	0.3675996702933646
3	200	Normalized kNN (test)	1.0	0.26553321267649227	0.23598595669982447	0.19301456564395658	0.1719919196786216
3	200	Average Rating	1.0	0.13482164595667143	0.12761849034523112	0.10058490582751696	0.08945656824849807
3	200	Normalized kNN (full)	1.0	0.48602889614247125	0.381275599765945	0.32208817124154293	0.2902595956991664
3	200	iMF (test)	1.0	0.44570655246104096	0.36553540081919256	0.326556473319718	0.28200163719373195
4	200	kNN (full)	1.0	0.6212613920043546	0.4724400234055003	0.4491740746010443	0.37701895932576096
4	200	Random	1.0	0.07290146072944324	0.06805149210064365	0.04251196548306667	0.04256111817762857
4	200	iMF (full)	1.0	0.6424941097179498	0.4929783499122294	0.4716601942863138	0.39585407778840376
4	200	Popularity	1.0	0.4528723684063465	0.3566998244587478	0.31302322871363397	0.27032761882151224
4	200	kNN (test)	1.0	0.6167397664710391	0.4713867758923347	0.4466589656024735	0.37529573994241827
4	200	Normalized kNN (test)	1.0	0.2662177580764987	0.2387946167349327	0.20309396350232314	0.17748933833917677
4	200	Average Rating	1.0	0.12461911855150969	0.12340550029256876	0.09333829646140684	0.0864454008170012
4	200	Normalized kNN (full)	1.0	0.5005740270270141	0.38812170860152134	0.3353033640395736	0.2975090182823954
4	200	iMF (test)	1.0	0.4537096125759834	0.368929198361615	0.338734887890699	0.2891711696078976
5	200	kNN (full)	1.0	0.6030097007017147	0.4650672908133411	0.4326447708328342	0.36747400096470384
5	200	Random	1.0	0.07543079395080753	0.06904622586307782	0.044436975061484044	0.043562865150561535
5	200	iMF (full)	1.0	0.6319828437257627	0.48753657109420717	0.45713709141741177	0.38873015171640907
5	200	Popularity	1.0	0.44326377100159553	0.35073142188414275	0.3057302815977289	0.26473198857579466
5	200	kNN (test)	1.0	0.6046130311614537	0.4674663545933294	0.43638196842003235	0.37017223783769654
5	200	Normalized kNN (test)	1.0	0.26326757036015713	0.23978935049736688	0.1932263010627678	0.1736554983906385
5	200	Average Rating	1.0	0.12852535479359595	0.1211234640140433	0.08627365777257567	0.08262290017312962
5	200	Normalized kNN (full)	1.0	0.48732881887145496	0.38642480983031013	0.3233400359014524	0.2924835365092179
5	200	iMF (test)	1.0	0.4519940869193176	0.3695143358689292	0.33886317133724114	0.2885659862515951
1	500	kNN (full)	1.0	0.4970373794328007	0.38806319485078994	0.3420523225429902	0.29792881128071846
1	500	Random	1.0	0.03454814490452004	0.03212404915155062	0.01874057346960383	0.0194794340149144
1	500	iMF (full)	1.0	0.5351087017058215	0.4170860152135752	0.3763730507834256	0.32467029333182096
1	500	Popularity	1.0	0.3270602156807862	0.2660620245757753	0.2149389787888075	0.1913402668443978
1	500	kNN (test)	1.0	0.4950177387578641	0.38379169104739613	0.3396100846053013	0.29480384361057954
1	500	Normalized kNN (test)	1.0	0.1366544840461936	0.13575190169689877	0.09558265240756059	0.0915168191823861
1	500	Average Rating	1.0	0.06222317898469776	0.0620245757753072	0.041115840973867196	0.03973949508980856
1	500	Normalized kNN (full)	1.0	0.37775463747898474	0.3052077238150966	0.26923560169362326	0.23640504000089868
1	500	iMF (test)	1.0	0.29877429108847076	0.251316559391457	0.2134224160489075	0.18675258382837456
2	500	kNN (full)	1.0	0.4967396100417245	0.3844353423054418	0.34743529454363975	0.2990246494796394
2	500	Random	1.0	0.03511235356361697	0.032767700409596257	0.020817455084908246	0.02007220237190103
2	500	iMF (full)	1.0	0.5372401894205068	0.4170860152135752	0.376046889186422	0.3257259407940653
2	500	Popularity	1.0	0.3312113032878758	0.26963136337039206	0.21770413440942257	0.19578628967670747
2	500	kNN (test)	1.0	0.492407788772449	0.382796957284962	0.3446929764268955	0.2970518778167912
2	500	Normalized kNN (test)	1.0	0.13519185967083733	0.13387946167349327	0.09890969853367158	0.09279489051125382
2	500	Average Rating	1.0	0.05133265045073692	0.05541252194265653	0.038890638321925665	0.037123961765695254
2	500	Normalized kNN (full)	1.0	0.37655182535733056	0.3002340550029257	0.2676768102350778	0.23470171920827335
2	500	iMF (test)	1.0	0.2971436289332638	0.25090696313633704	0.2140621435494128	0.18859623998367758
3	500	kNN (full)	1.0	0.4977645236942558	0.38484493856056173	0.3443992127368639	0.29771425850339006
3	500	Random	1.0	0.03438662826209864	0.03165593914569924	0.01929819538885247	0.0191100931758769
3	500	iMF (full)	1.0	0.5352375231390635	0.41726155646576946	0.37552867595332867	0.3250164153763234
3	500	Popularity	1.0	0.334805716393725	0.27033352837916913	0.219887983243761	0.19654946902186896
3	500	kNN (test)	1.0	0.49819143086696893	0.38589818607372733	0.34461640613518274	0.2977534391170403
3	500	Normalized kNN (test)	1.0	0.13710290733638372	0.13376243417203043	0.0994806676643473	0.09184469525522299
3	500	Average Rating	1.0	0.05643161087934577	0.05781158572264482	0.04241717151803133	0.038710017500740344
3	500	Normalized kNN (full)	1.0	0.3773872720634092	0.3003510825043885	0.26874261165672436	0.23399479513312005
3	500	iMF (test)	1.0	0.3010016313719316	0.25196021064950264	0.2153871885582351	0.1888632652634164
4	500	kNN (full)	1.0	0.5122666351793789	0.3909303686366296	0.35807645844043373	0.30376763547661617
4	500	Random	1.0	0.03645888844296178	0.03323581041544763	0.020923968231598745	0.02047433700092038
4	500	iMF (full)	1.0	0.5360908473688167	0.4165593914569924	0.38159766451079197	0.3261579093260647
4	500	Popularity	1.0	0.3422160992580619	0.27284961966062027	0.22674880458916502	0.19837056343697462
4	500	kNN (test)	1.0	0.5073703496597479	0.3877121123464014	0.35394469329951606	0.30047878618701873
4	500	Normalized kNN (test)	1.0	0.13427629788072126	0.13212404915155063	0.10029451018033868	0.09204885233149888
4	500	Average Rating	1.0	0.044349112303334146	0.047747220596840265	0.0320023801406965	0.030976660047438688
4	500	Normalized kNN (full)	1.0	0.3909862606968109	0.3064950263311878	0.2813868759970555	0.24105465063499043
4	500	iMF (test)	1.0	0.30504152080105135	0.248683440608543	0.2228685104882613	0.18974241115513957
5	500	kNN (full)	1.0	0.5016093550895004	0.38700994733762434	0.3476246801372344	0.2982735456600274
5	500	Random	1.0	0.037823246522458547	0.03364540667056758	0.020343863451789228	0.020556288769609472
5	500	iMF (full)	1.0	0.5358181284040588	0.4149210064365126	0.37687288752854725	0.3233944109898622
5	500	Popularity	1.0	0.3332553744034892	0.26699824458747806	0.21739103705152843	0.1920173559235275
5	500	kNN (test)	1.0	0.4997751087308864	0.38548858981860734	0.3463537130859988	0.2970412209174099
5	500	Normalized kNN (test)	1.0	0.13969931333578403	0.1382679929783499	0.09580211701851898	0.0930695789711349
5	500	Average Rating	1.0	0.058997803764811445	0.05868929198361615	0.03823632731797502	0.03762124000694404
5	500	Normalized kNN (full)	1.0	0.37757056248923926	0.3029256875365711	0.2681505488081487	0.23467018505713338
5	500	iMF (test)	1.0	0.3025364539575198	0.25190169689877123	0.22012351630077695	0.19003250312092354
1	1000	kNN (full)	1.0	0.4076986708575002	0.31913399648917495	0.2730148658456795	0.239938044336787
1	1000	Random	1.0	0.017797226226264916	0.01673493270918666	0.009104167259113602	0.009646360110345042
1	1000	iMF (full)	1.0	0.45077178661596756	0.35166764189584554	0.30824500034597085	0.2690334010175881
1	1000	Popularity	1.0	0.2502994230341204	0.20573434757167935	0.1551227701359398	0.14113086558789964
1	1000	kNN (test)	1.0	0.4067541100357332	0.31761263897015796	0.2708689381007874	0.2385628362875442
1	1000	Normalized kNN (test)	1.0	0.06533191476276845	0.07132826214160327	0.04488866237781343	0.04556913331886529
1	1000	Average Rating	1.0	0.02825335128558614	0.02791105909888824	0.016936302514034978	0.017268245847544158
1	1000	Normalized kNN (full)	1.0	0.2809114948700097	0.2310122878876536	0.21585937827020626	0.18250882282841496
1	1000	iMF (test)	1.0	0.20373868467220127	0.17290813341135167	0.1387723831535127	0.12414091709994383
2	1000	kNN (full)	1.0	0.41059131740372057	0.31691047396138095	0.27655933236795915	0.24053062628891642
2	1000	Random	1.0	0.01948332142862551	0.01831480397893505	0.009710318859423514	0.01042847748419476
2	1000	iMF (full)	1.0	0.4534469704670302	0.35266237565827974	0.3092806634720783	0.27003602733666915
2	1000	Popularity	1.0	0.25123204720832915	0.20520772381509655	0.15529640913094658	0.1430592162281408
2	1000	kNN (test)	1.0	0.407660195630538	0.31497952018724396	0.2733154892827133	0.2381216903076831
2	1000	Normalized kNN (test)	1.0	0.06710500943372251	0.07314218841427736	0.04785130761407445	0.04804536468970356
2	1000	Average Rating	1.0	0.017332326305139156	0.01948507899356349	0.011516013177201198	0.011892023802997333
2	1000	Normalized kNN (full)	1.0	0.28112660538698814	0.22586307782328846	0.2126330614728017	0.18022171555530064
2	1000	iMF (test)	1.0	0.20336992450250402	0.1730251609128145	0.14528367881192825	0.12772906838291273
3	1000	kNN (full)	1.0	0.4107108021341712	0.31819777647747216	0.27605232286412623	0.24087650473712144
3	1000	Random	1.0	0.018598654830087828	0.017261556465769455	0.008699775165045904	0.009484910008875537
3	1000	iMF (full)	1.0	0.43993622502317065	0.34400234055002926	0.3017593752687101	0.26299652595282236
3	1000	Popularity	1.0	0.2550012634709527	0.2072557050906963	0.1619645024801476	0.14518373561229617
3	1000	kNN (test)	1.0	0.40842694333856283	0.3179052077238151	0.2759168264560786	0.24033976169966173
3	1000	Normalized kNN (test)	1.0	0.0733786814635704	0.0780573434757168	0.0541825037908836	0.05078021499011469
3	1000	Average Rating	1.0	0.02233557080255437	0.022469280280866002	0.013682406555462837	0.013549891742203122
3	1000	Normalized kNN (full)	1.0	0.2805318689618495	0.22633118782913986	0.2140653620178604	0.18045059167121283
3	1000	iMF (test)	1.0	0.20474043555869545	0.1719719133996489	0.14145742127506333	0.12499556209749996
4	1000	kNN (full)	1.0	0.42241321456405617	0.3221767115272089	0.2873075294990579	0.24469690919603646
4	1000	Random	1.0	0.018389005945027764	0.01825629022820363	0.01006980021525845	0.010631826979266967
4	1000	iMF (full)	1.0	0.4541162946276344	0.34956114686951434	0.3128779390387504	0.2695753892221395
4	1000	Popularity	1.0	0.26491101108111476	0.21293153891164424	0.17219858886343256	0.15001647452633612
4	1000	kNN (test)	1.0	0.4182797344681797	0.31819777647747216	0.28404476043557836	0.24201309699292625
4	1000	Normalized kNN (test)	1.0	0.06557520466746447	0.06857811585722645	0.047486392690708326	0.045480230076621816
4	1000	Average Rating	1.0	0.014806363188319648	0.01585722644821533	0.009226286239923553	0.009551794599334239
4	1000	Normalized kNN (full)	1.0	0.29009707757209857	0.23136337039204216	0.22640953357311208	0.18637670108244023
4	1000	iMF (test)	1.0	0.2081326552095339	0.172674078408426	0.1518062433606438	0.1292281969780065
5	1000	kNN (full)	1.0	0.4075977066833109	0.3175541252194266	0.276800773778101	0.24021527769782605
5	1000	Random	1.0	0.0182610161132533	0.016968987712112346	0.011257262957434537	0.010678514211553868
5	1000	iMF (full)	1.0	0.4443374788228156	0.3483908718548859	0.3055857053705374	0.2662009378213467
5	1000	Popularity	1.0	0.2510348611972566	0.20392042129900526	0.15670322409843734	0.1416028339221685
5	1000	kNN (test)	1.0	0.4040749887929766	0.3141018139262726	0.27296174680109925	0.23679189402981796
5	1000	Normalized kNN (test)	1.0	0.07114709781860093	0.07671152720889408	0.04731667324533579	0.04855869996276322
5	1000	Average Rating	1.0	0.027664646013923343	0.029022820362785254	0.01810226537309348	0.017944036921814205
5	1000	Normalized kNN (full)	1.0	0.27454897379549903	0.22486834406085432	0.21356217882243178	0.17883951628649394
5	1000	iMF (test)	1.0	0.20275797304184895	0.17173785839672323	0.14262818311900471	0.12648352978440253
1	2000	kNN (full)	1.0	0.3187790550355839	0.25038033937975424	0.20693870918064847	0.18391859110894387
1	2000	Random	1.0	0.010199960489430941	0.009713282621416033	0.005602673264751618	0.0056690760008538095
1	2000	iMF (full)	1.0	0.3585281336770331	0.2824458747805734	0.24194324963794117	0.2129880228634043
1	2000	Popularity	1.0	0.18064573780304277	0.1507899356348742	0.10634563798656484	0.09912998425467716
1	2000	kNN (test)	1.0	0.317803915841248	0.24739613809245173	0.20379995405726037	0.1812736160354607
1	2000	Normalized kNN (test)	1.0	0.027234018895780608	0.03136337039204213	0.018367302055122416	0.019238646057250317
1	2000	Average Rating	1.0	0.011981630833989189	0.010942071386775892	0.00648049716512819	0.006507837388321624
1	2000	Normalized kNN (full)	1.0	0.18333732358689125	0.15371562317144527	0.14833087735189818	0.12301847513394812
1	2000	iMF (test)	1.0	0.1263755274125954	0.10848449385605617	0.0864492170607753	0.07697547370831533
2	2000	kNN (full)	1.0	0.3203134424823919	0.2500292568753657	0.21279832427332615	0.1866310954726012
2	2000	Random	1.0	0.009447672276965986	0.008777062609713282	0.005193476248377045	0.005153193417489977
2	2000	iMF (full)	1.0	0.36108060498620753	0.2845523698069046	0.24220052668724937	0.21384708856386142
2	2000	Popularity	1.0	0.18304710489456358	0.15231129315389116	0.10954673536708051	0.10216233233194141
2	2000	kNN (test)	1.0	0.31623939119600575	0.24552369806904623	0.20579662084564024	0.1814936461046025
2	2000	Normalized kNN (test)	1.0	0.026879353437825156	0.031421884142773554	0.019079234437245702	0.02006711543697349
2	2000	Average Rating	1.0	0.006977983012743705	0.008191925102399064	0.004278587150010046	0.004867801646164186
2	2000	Normalized kNN (full)	1.0	0.18323654518072405	0.1492100643651258	0.14775436280787185	0.121305295414664
2	2000	iMF (test)	1.0	0.12250695754566497	0.10462258630778233	0.08495612695619797	0.07577750013688721
3	2000	kNN (full)	1.0	0.3242237264136839	0.25073142188414277	0.21035087244627912	0.18561777939536622
3	2000	Random	1.0	0.009516082109050182	0.00930368636629608	0.0052942055501029655	0.00575511497610414
3	2000	iMF (full)	1.0	0.3534117424437783	0.2787009947337624	0.23848747164716583	0.2093090569345857
3	2000	Popularity	1.0	0.18557089646473288	0.15301345816266823	0.11346271065371849	0.10344987641513163
3	2000	kNN (test)	1.0	0.3225823315058346	0.25172615564657697	0.21057124139018063	0.185532037700001
3	2000	Normalized kNN (test)	1.0	0.026576940214000092	0.02943241661790521	0.020423894904235473	0.018632792138245806
3	2000	Average Rating	1.0	0.009052901937835076	0.009128145114101816	0.004839454462138408	0.005339426286637926
3	2000	Normalized kNN (full)	1.0	0.18883708780930414	0.15342305441778817	0.15162469577825557	0.12519354823428247
3	2000	iMF (test)	1.0	0.13066415209884835	0.11029842012873026	0.08933237311882661	0.07927279015612257
4	2000	kNN (full)	1.0	0.33450515763768707	0.25523698069046225	0.22149233020444828	0.19014698016598333
4	2000	Random	1.0	0.008488987830149891	0.008191925102399064	0.004525593573371741	0.00471144614801192
4	2000	iMF (full)	1.0	0.36146909067258903	0.2815096547688707	0.24628441560024186	0.212897040820275
4	2000	Popularity	1.0	0.19179902226479978	0.15634874195435927	0.11693299010677288	0.10516973404906244
4	2000	kNN (test)	1.0	0.3286627675741462	0.24985371562317144	0.21614086991021622	0.18549339268392798
4	2000	Normalized kNN (test)	1.0	0.025539000332767858	0.027735517846693977	0.019336837835561786	0.018139356556549118
4	2000	Average Rating	1.0	0.004950254921477759	0.00433001755412522	0.0023595332620152667	0.0026379994007117522
4	2000	Normalized kNN (full)	1.0	0.1949387047896578	0.15488589818607373	0.16292886707055879	0.12820746681907533
4	2000	iMF (test)	1.0	0.1324492928504877	0.11105909888823874	0.09611937342811783	0.08190692776019871
5	2000	kNN (full)	1.0	0.32128373861905396	0.25201872440023404	0.2123268767318711	0.1864097605079313
5	2000	Random	1.0	0.00913598352231119	0.00836746635459333	0.003504078564348626	0.004285225230925803
5	2000	iMF (full)	1.0	0.35375067486728795	0.27794031597425395	0.23483015677229474	0.2086919569269557
5	2000	Popularity	1.0	0.18543168064771268	0.1545933294324166	0.10999635736074385	0.10306959399955007
5	2000	kNN (test)	1.0	0.3159722748884201	0.247571679344646	0.20303006144895713	0.18180532870896102
5	2000	Normalized kNN (test)	1.0	0.027906471682499594	0.03200702165008777	0.017970686841877467	0.01937959353887058
5	2000	Average Rating	1.0	0.010704513468510361	0.011585722644821533	0.0071898065623465365	0.007211209360237819
5	2000	Normalized kNN (full)	1.0	0.18298464757510255	0.1502633118782914	0.15078428248634257	0.1218442566590133
5	2000	iMF (test)	1.0	0.12720249397553401	0.10842598010532475	0.08540716084871847	0.07717325765789315
1	3481	kNN (full)	1.0	0.25588139808519716	0.2029842012873025	0.16308776332524233	0.1461044024414119
1	3481	Random	1.0	0.00525861197264803	0.004739613809245173	0.0032359277447516653	0.0030478416890599865
1	3481	iMF (full)	1.0	0.28599224276190655	0.22744294909303686	0.19032777470281023	0.16846763740768045
1	3481	Popularity	1.0	0.13833811945736674	0.114979520187244	0.07491543494805893	0.07190504486544043
1	3481	kNN (test)	1.0	0.2537263573054953	0.19801053247513165	0.1601225392769722	0.1424324561029027
1	3481	Normalized kNN (test)	1.0	0.010363645698458344	0.012112346401404331	0.007164435595300638	0.0075524528169253645
1	3481	Average Rating	1.0	0.0064258793422316204	0.005851375073142188	0.0034511426481882786	0.003557246184104915
1	3481	Normalized kNN (full)	1.0	0.12387808845180534	0.10438853130485665	0.10333460789377842	0.08435933328625952
1	3481	iMF (test)	1.0	0.08782285676879621	0.07577530719719135	0.0583031502575636	0.05251181665270486
2	3481	kNN (full)	1.0	0.2559771795426478	0.1974253949678174	0.16522942963114282	0.14518395621119362
2	3481	Random	1.0	0.005603224233038221	0.0052662375658279695	0.0031743148227749074	0.0033357497654955487
2	3481	iMF (full)	1.0	0.29458329789529347	0.2315389116442364	0.19174827194048677	0.17043581452075093
2	3481	Popularity	1.0	0.1404813802208572	0.11667641895845524	0.08105069827614339	0.0762009113824768
2	3481	kNN (test)	1.0	0.25408366333908017	0.19607957870099474	0.1611749093642071	0.14283912784174538
2	3481	Normalized kNN (test)	1.0	0.010118018165033063	0.012170860152135752	0.007636347380911213	0.007899564122618528
2	3481	Average Rating	1.0	0.0018735226959248788	0.0019309537741369223	7.937823745982454E-4	9.851918978404574E-4
2	3481	Normalized kNN (full)	1.0	0.12726222896971498	0.10526623756582797	0.10737501592720204	0.08614166944194368
2	3481	iMF (test)	1.0	0.08442703546944903	0.07290813341135167	0.05895565833617699	0.05254630175722309
3	3481	kNN (full)	1.0	0.2620228582427413	0.20386190754827382	0.17010070951533524	0.14959059966741822
3	3481	Random	1.0	0.0059429799778098836	0.005441778818022235	0.002871406500173637	0.0031006932282299955
3	3481	iMF (full)	1.0	0.280693462965342	0.22375658279695726	0.18869759703822708	0.16588543806471526
3	3481	Popularity	1.0	0.14104207866751897	0.11614979520187244	0.0811626522817495	0.07582316708428208
3	3481	kNN (test)	1.0	0.2580467905550425	0.20011702750146285	0.16356512369146695	0.14483664174273542
3	3481	Normalized kNN (test)	1.0	0.010433602192226927	0.011527208894090113	0.008784742831680072	0.00729079940939662
3	3481	Average Rating	1.0	0.006597035293584923	0.00807489760093622	0.004452803345086022	0.004815876560626558
3	3481	Normalized kNN (full)	1.0	0.1271553411370869	0.10555880631948508	0.10613067681192458	0.08667079866957064
3	3481	iMF (test)	1.0	0.0913932105899293	0.07794031597425397	0.06257493977098616	0.05560556673413517
4	3481	kNN (full)	1.0	0.269974694862555	0.20550029256875366	0.17567961075218486	0.1508618268331911
4	3481	Random	1.0	0.006041885133492827	0.0052662375658279695	0.003185979832691007	0.003087978034005455
4	3481	iMF (full)	1.0	0.2913382960766391	0.22773551784669396	0.19704439622490233	0.17087509277984794
4	3481	Popularity	1.0	0.14608781688381198	0.11889994148624927	0.08336295112635703	0.07652948419347066
4	3481	kNN (test)	1.0	0.2663311353879699	0.2018724400234055	0.17038530598730142	0.14768795136653465
4	3481	Normalized kNN (test)	1.0	0.010061528041473842	0.01088355763604447	0.008085558612004735	0.007275125369007353
4	3481	Average Rating	1.0	0.0036851988860614627	0.003627852545348157	0.0021007364292809512	0.002292614947501187
4	3481	Normalized kNN (full)	1.0	0.1328422280732241	0.10854300760678759	0.11641891682485471	0.09060315318811839
4	3481	iMF (test)	1.0	0.08881963331054114	0.0770040959625512	0.06220275701762876	0.05523611073436155
5	3481	kNN (full)	1.0	0.25798536413102674	0.2018724400234055	0.16274575391926133	0.14597644254333575
5	3481	Random	1.0	0.0058111715342475155	0.00497366881217086	0.003231843258833543	0.0030113295551884417
5	3481	iMF (full)	1.0	0.28583602686721316	0.2261556465769456	0.1868571839090685	0.16696228278746472
5	3481	Popularity	1.0	0.14290063842680445	0.11696898771211235	0.0779797992612239	0.07472409162679158
5	3481	kNN (test)	1.0	0.25520492417372154	0.19935634874195435	0.156709926295376	0.14245835846670615
5	3481	Normalized kNN (test)	1.0	0.010987791622028132	0.012873025160912814	0.007277657621813765	0.007795127654539371
5	3481	Average Rating	1.0	0.004806123517854655	0.005617320070216501	0.0032346023307472	0.003391448381358274
5	3481	Normalized kNN (full)	1.0	0.12381150593916428	0.10286717378583968	0.1052524264031819	0.08380592711705029
5	3481	iMF (test)	1.0	0.0868377674305631	0.07641895845523698	0.05851464684621013	0.05336710116012584
