fold	target size	recommender system	Coverage@10	nDCG@10	P@10	Recall@10	FScore@10
3	100	Average Rating	1.0	0.2360100280231931	0.21755412521942658	0.17795790220913396	0.15779516757643813
3	100	iMF (test)	1.0	0.5631094864248637	0.4523112931538912	0.4270315373076694	0.3601390125303139
3	100	Normalized kNN (full)	0.688765359859567	0.537712144080165	0.41509654768870685	0.3328708833467465	0.3086201814473725
3	100	Random	1.0	0.12917958577481073	0.1184318314803979	0.08004649942559156	0.07852438663258887
3	5	Average Rating	0.9822703335283792	0.7426388865915327	0.5904037448800468	0.6106552338739774	0.498063309263006
3	5	iMF (test)	0.9832650672908134	0.8239793462699149	0.6316559391456993	0.6447220325300697	0.530974424709409
3	5	Normalized kNN (full)	0.6224107665301346	0.6002307471791023	0.46132241076653013	0.35501612641191693	0.3367307621646924
3	5	Random	0.9832650672908134	0.5591682018582685	0.4572264482153306	0.5083786997147139	0.3970869645597927
3	1	Average Rating	0.8992393212404914	0.8164405574727496	0.631480397893505	0.6503687951383802	0.5346604323821273
3	1	iMF (test)	0.8998829724985372	0.8481190696767631	0.6465769455822118	0.6599032139976737	0.5445699548256399
3	100	iMF (full)	1.0	0.6895827881620692	0.5319485078993563	0.5069322228375726	0.4301524593650431
3	100	Popularity	1.0	0.531220555410978	0.4212990052662376	0.38244924833169885	0.3293239348273188
3	1	Normalized kNN (full)	0.6193680514921006	0.604173325924144	0.4641895845523698	0.35612308125080616	0.33826694203336716
3	1	Random	0.8998829724985372	0.666548564983405	0.5252194265652429	0.5883093212014089	0.4646106461684306
3	100	kNN (test)	1.0	0.6697054764197419	0.516500877706261	0.49068797769424205	0.4161085455149488
3	0	Average Rating	0.8672322995904037	0.840779011514123	0.6408425980105324	0.6585966320356529	0.5427541910616054
3	100	Normalized kNN (test)	1.0	0.3958880351659556	0.3366881217086015	0.2991633625081011	0.2578290095781084
3	0	iMF (test)	0.8675833820947924	0.8535418506679217	0.6497366881217087	0.6626699290487966	0.5473897504176891
3	100	kNN (full)	1.0	0.6694847880347	0.5156231714452897	0.48873643726688853	0.4147382501475575
3	5	iMF (full)	0.9832650672908134	0.8069462198306239	0.6146869514335869	0.6298051325580868	0.5176686207223281
3	5	Popularity	0.9822703335283792	0.7614223545396999	0.5885313048566413	0.6177611134693757	0.5024292442662563
3	0	Normalized kNN (full)	0.6177881802223523	0.6055354577937951	0.46500877706260973	0.35652654256801847	0.3387897781440524
3	0	Random	0.8675833820947924	0.7086189883488304	0.5469280280866003	0.6096409583938406	0.4846439218900673
3	5	kNN (test)	0.9176711527208894	0.8093325025350644	0.6181392627267408	0.629704222774335	0.5204614351863299
3	20	Average Rating	1.0	0.5492432703313245	0.4616149795201872	0.4497712367291326	0.3736528080216208
3	5	Normalized kNN (test)	0.9360444704505559	0.7922511210756558	0.6142188414277355	0.6294301652890222	0.5176648981578805
3	20	iMF (test)	1.0	0.7545128256107965	0.5864833235810415	0.5881549694375635	0.48671982997262747
3	5	kNN (full)	0.8959625511995319	0.8014843229349053	0.6114686951433587	0.6176156822136437	0.5125251507941547
3	20	Normalized kNN (full)	0.6321825629022821	0.5904432987002332	0.4540081919251024	0.3516947078089772	0.332436425942015
3	20	Random	1.0	0.3292144322050481	0.2906377998829725	0.2557157917055882	0.2228869509135626
5	100	Average Rating	1.0	0.23539243538537596	0.21930953774136921	0.1753152247802618	0.15931868197143573
5	100	iMF (test)	1.0	0.5621286370833964	0.451316559391457	0.43059094360348527	0.36086395253578407
5	100	Normalized kNN (full)	0.695143358689292	0.5340134121055866	0.41889994148624926	0.33480885442849834	0.31168410956610504
5	100	Random	1.0	0.12725732304483653	0.1157401989467525	0.08159590960945429	0.07717075702396303
5	5	Average Rating	0.9824458747805734	0.7410613426877207	0.586541837331773	0.6111273981605485	0.4948957744204109
5	5	iMF (test)	0.9833820947922761	0.8271133582029978	0.6309537741369221	0.6467098786334902	0.5305151086123617
5	5	Normalized kNN (full)	0.6291983616149794	0.6034267225071636	0.4674663545933294	0.3587859350565758	0.34176210136275315
5	5	Random	0.9833820947922761	0.5605400403203468	0.45658279695728493	0.5126575171572357	0.39745959057642183
3	1	iMF (full)	0.8998829724985372	0.8227325223795772	0.6255119953188999	0.6459206597989755	0.5300814723004104
3	1	Popularity	0.8992393212404914	0.7865847418224203	0.6030427150380339	0.6362699732328958	0.5173224617617571
3	1	kNN (test)	0.8675248683440608	0.818537376072764	0.6238150965476886	0.6355066286263065	0.5257734930273592
3	1	Normalized kNN (test)	0.8770040959625511	0.8333692907212624	0.6363955529549443	0.6481370721585086	0.5361632592961151
3	1	kNN (full)	0.8554710356933879	0.81174474454205	0.6183733177296664	0.6247237288660633	0.5190692055791202
3	0	iMF (full)	0.8675833820947924	0.8256779670085023	0.6272674078408426	0.648911868138757	0.5322305015555417
3	0	Popularity	0.8672322995904037	0.7933953577498503	0.6067875950848449	0.6399489173850573	0.5208790475311923
3	0	kNN (test)	0.8534230544177882	0.8219723662760922	0.6263311878291399	0.6382461509849214	0.5282524313198013
3	0	Normalized kNN (test)	0.8596255119953189	0.8445471940464907	0.6417203042715038	0.6537086329338196	0.5412444271033573
3	0	kNN (full)	0.8447045055588063	0.8142929663522389	0.6201872440023406	0.6264725017436471	0.5207843832079725
3	20	iMF (full)	1.0	0.77152738713681	0.5905207723815097	0.5886866274715135	0.4904412588316946
3	20	Popularity	1.0	0.6900455534069339	0.5389116442363956	0.5437888297858783	0.448412529477579
3	20	kNN (test)	0.9901111761263897	0.7744481773451769	0.5930953774136922	0.5946117374012778	0.4933857785109761
3	20	Normalized kNN (test)	0.9977179637214745	0.6716240253935878	0.5373317729666471	0.5375539350906301	0.4428330037906156
3	20	kNN (full)	0.9741369221767116	0.7700472653999736	0.5890579286132241	0.5894620593795733	0.48933548790563747
5	1	Average Rating	0.8987126974839088	0.8164900911513917	0.628145114101814	0.6518105139586381	0.5323285364820916
5	1	iMF (test)	0.8995904037448801	0.8484394761799755	0.6439438267992978	0.6618504380065199	0.5435397982610298
5	1	Normalized kNN (full)	0.6256875365710942	0.6064978245196434	0.4699824458747806	0.3600953140638172	0.34334686666914815
5	1	Random	0.8995904037448801	0.6746840642405472	0.5275014628437683	0.5932361240972066	0.4662923573485311
5	100	iMF (full)	1.0	0.6910181963896826	0.5297834991222937	0.5073639003368193	0.4284489569559594
5	100	Popularity	1.0	0.526230884436916	0.4165593914569924	0.38170571241992635	0.3254853301650941
5	100	kNN (test)	1.0	0.6725767884982998	0.5155646576945583	0.4962888601374881	0.415832649426079
5	0	Average Rating	0.867407840842598	0.8406107210485866	0.6390871854885899	0.661410343411312	0.541885578948953
5	0	iMF (test)	0.8677589233469866	0.856573766724767	0.648683440608543	0.6648915172813276	0.5469383388574558
5	0	Normalized kNN (full)	0.6251609128145115	0.6073745147531802	0.4705675833820948	0.3603532706836132	0.3436913410575972
5	0	Random	0.8677589233469866	0.7136151096134143	0.5510239906377999	0.6142886495844072	0.4872034044189261
5	100	Normalized kNN (test)	1.0	0.38859525077448676	0.334113516676419	0.3000628342249781	0.2566040050322468
5	5	iMF (full)	0.9833820947922761	0.8095460099852159	0.6154476301930953	0.6362944264397684	0.5198174736329872
5	5	Popularity	0.9824458747805734	0.7623638654076341	0.5846693973083675	0.6172001661651565	0.497746592227436
5	100	kNN (full)	1.0	0.6720831466183582	0.513867758923347	0.49456849102738704	0.41477519567388765
5	5	kNN (test)	0.9188999414862493	0.811373909631717	0.617612638970158	0.6293298735960869	0.5188477666539972
5	20	Average Rating	1.0	0.540997171110499	0.4582211819777648	0.452042283282838	0.3717077700817184
5	5	Normalized kNN (test)	0.9338209479227619	0.7922145354075718	0.6116442363955529	0.6305498553313956	0.515494905100139
5	5	kNN (full)	0.8985371562317144	0.8043327468665705	0.6112346401404329	0.6184545039067093	0.5117274161300572
5	20	iMF (test)	1.0	0.7579978053794536	0.58806319485079	0.5915586835207041	0.487566657541084
5	20	Normalized kNN (full)	0.6413107080163839	0.591036937265108	0.45898186073727326	0.3549314753380734	0.33665631593181833
5	20	Random	1.0	0.34035950901828727	0.2935049736688122	0.2679901427480994	0.22772138556095076
4	100	Average Rating	1.0	0.2273808514082935	0.2165593914569924	0.1795885041459843	0.1605847656793914
4	100	iMF (test)	1.0	0.5743155156691525	0.45605617320070213	0.43517717529713357	0.36427461761311186
4	100	Normalized kNN (full)	0.6961380924517262	0.5531448628451711	0.4262726740784084	0.3503534560593504	0.3196010961876342
4	100	Random	1.0	0.13027286003678412	0.1197776477472206	0.08387182628975301	0.07975512177047905
4	5	Average Rating	0.9813341135166763	0.7440099379908397	0.5867173785839672	0.6142474272927374	0.49627944489507086
4	5	iMF (test)	0.9822703335283792	0.8270701986174787	0.6317144528964306	0.6480566093918807	0.5307083799260486
4	5	Normalized kNN (full)	0.6298420128730252	0.6205925582032243	0.4743709771796372	0.3747996929833354	0.34985336737431444
4	5	Random	0.9822703335283792	0.565475578621088	0.46003510825043886	0.5161215402237288	0.4007304712902633
5	1	iMF (full)	0.8995904037448801	0.8242340566177856	0.625804564072557	0.6497307182054025	0.5306645231111592
5	1	Popularity	0.8987126974839088	0.7898543577457001	0.6022235225277941	0.6372051237661011	0.5153051854909931
5	1	kNN (test)	0.8691047396138092	0.8237783507690364	0.625804564072557	0.6379379084060308	0.5268082473053712
5	0	iMF (full)	0.8677589233469866	0.828850522653567	0.6298420128730252	0.6536064188535883	0.5341848080919427
5	0	Popularity	0.867407840842598	0.7961656477684264	0.6063194850789936	0.6414484910018307	0.5193208672446398
5	0	kNN (test)	0.8561146869514336	0.8261282346622475	0.6275599765944997	0.6396870453412931	0.5285222572047249
5	1	Normalized kNN (test)	0.8775892334698654	0.8349582173471077	0.634113516676419	0.6510984367920911	0.5353336514983036
5	1	kNN (full)	0.8568753657109421	0.8163311050418983	0.6200117027501463	0.6276742635182245	0.5202966912046566
5	0	Normalized kNN (test)	0.8612638970157988	0.8462028785303255	0.6402574605032183	0.6566751030999067	0.5407523013028828
5	0	kNN (full)	0.8473376243417202	0.8186891721724595	0.6216500877706261	0.6293625312026889	0.5219289839054811
5	20	iMF (full)	1.0	0.773489440684303	0.5899356348741954	0.5904786185721548	0.49028290023968507
5	20	Popularity	1.0	0.6866145917220378	0.5324751316559392	0.5415519176187175	0.44260541700533546
5	20	kNN (test)	0.9909888823873609	0.7749090856811202	0.5913399648917496	0.5954717137147607	0.49162351369289753
4	1	Average Rating	0.8944411936805149	0.8215572296587945	0.6284961966062024	0.6528207074051192	0.5325962719458791
5	20	Normalized kNN (test)	0.9983031012287887	0.6636101066635408	0.5302516091281452	0.5372857323625221	0.4382633860554464
4	1	iMF (test)	0.8952018724400235	0.8512401467995449	0.6454066705675834	0.6620411078005066	0.543290646119886
5	20	kNN (full)	0.9747220596840257	0.7723658006259261	0.5896430661205384	0.5914811219687208	0.48953731755647434
4	1	Normalized kNN (full)	0.6269163253364541	0.6237055076951138	0.47630193095377416	0.37558225328025074	0.35092599472404035
4	1	Random	0.8952018724400235	0.6744432838763056	0.5233469865418373	0.5908966173145882	0.46343404605747784
4	0	Average Rating	0.8631363370392041	0.8442094854076084	0.6384435342305441	0.6608931298961263	0.5408631431137131
4	0	iMF (test)	0.8635459332943242	0.8585026469763671	0.6494441193680516	0.6655454948648242	0.546716117525291
4	100	iMF (full)	1.0	0.6987853341497969	0.5326506729081334	0.5197187897671939	0.4335292731847336
4	100	Popularity	1.0	0.5423344026471195	0.42498537156231714	0.3943279771416919	0.3334110903301534
4	100	kNN (test)	1.0	0.6857028983923993	0.5231714452896431	0.5089771595398133	0.4233475268653257
4	0	Normalized kNN (full)	0.6256875365710942	0.6245133538742164	0.47688706846108836	0.3758928979808896	0.35131511148829125
4	0	Random	0.8635459332943242	0.7153853714126348	0.5494441193680515	0.6129043585848991	0.4848392411748068
4	100	Normalized kNN (test)	1.0	0.39468547926826775	0.3359859566998245	0.30038162468033175	0.2578788764696404
4	5	iMF (full)	0.9822703335283792	0.8144998123596815	0.6160912814511411	0.6364249835657714	0.5197285594306899
4	100	kNN (full)	1.0	0.6871966743713731	0.5231714452896431	0.507855508489323	0.42316368456788334
4	5	Popularity	0.9813341135166763	0.7693647881595093	0.5885313048566413	0.6215250143674632	0.5010101872599803
4	5	kNN (test)	0.9135751901696898	0.8157175838083822	0.6169689877121124	0.6287497812848002	0.5175788262232485
4	20	Average Rating	1.0	0.5410336434688574	0.4555880631948508	0.44757401137005737	0.370451049557688
4	20	iMF (test)	1.0	0.7614504949571703	0.5876535985956699	0.5937620155214228	0.48750119542108583
4	5	Normalized kNN (test)	0.9311878291398479	0.7952565056609201	0.6126974839087185	0.6304057746995414	0.5154503155180807
4	20	Normalized kNN (full)	0.6425394967817436	0.6070300262408026	0.46436512580456407	0.3698715490696607	0.34364742124418496
4	20	Random	1.0	0.33818925050705917	0.2930368636629608	0.2680334421117575	0.22807239284704245
4	5	kNN (full)	0.8927442949093037	0.810870041257027	0.6130485664131071	0.6209427495340766	0.5126994129248865
2	100	Average Rating	1.0	0.23782842805284948	0.22375658279695726	0.1890363767764631	0.1662432464508394
2	100	iMF (test)	1.0	0.5616197093002999	0.4538326506729081	0.42549099581449706	0.36137391303401406
2	100	Normalized kNN (full)	0.6926857811585723	0.5321297479190612	0.4176711527208894	0.33539830918809227	0.3123037432068731
2	100	Random	1.0	0.12414362784187612	0.11398478642480983	0.07858932614399668	0.07527793308560317
2	5	Average Rating	0.9832065535400819	0.7375140592204028	0.5866588648332358	0.6055432273529034	0.49424145439549366
2	5	iMF (test)	0.9844938560561732	0.8176798748066582	0.6313048566413108	0.6412047150486454	0.5297577962433815
2	5	Normalized kNN (full)	0.6313633703920422	0.5983156062316579	0.465184318314804	0.35850562909306205	0.34140869730321266
2	5	Random	0.9844938560561732	0.556272739305026	0.45617320070216505	0.5033758435323217	0.39436569239319197
4	1	iMF (full)	0.8952018724400235	0.826089228595366	0.6244002340550029	0.6487622746673772	0.5292567901235732
4	1	Popularity	0.8944411936805149	0.7954907157899972	0.6040374488004681	0.6389594956655567	0.5163192488325444
4	1	kNN (test)	0.8641895845523698	0.8252788307584943	0.6231129315389117	0.6356381054442857	0.5237399251235517
4	0	iMF (full)	0.8635459332943242	0.8305010187752738	0.627325921591574	0.6526653484980363	0.5324473403463952
4	0	Popularity	0.8631363370392041	0.802049355694806	0.6083089526038619	0.6434556490704375	0.5204745638902342
4	0	kNN (test)	0.8495026331187829	0.8283786749408406	0.6253949678174371	0.6381217063495552	0.5259991405101112
4	1	Normalized kNN (test)	0.8724985371562317	0.835296554815748	0.6335283791691048	0.6484319276597345	0.5332555976584138
4	1	kNN (full)	0.8523698069046226	0.8199532558043036	0.6190169689877122	0.627370790588878	0.518580104192396
4	0	Normalized kNN (test)	0.8554710356933879	0.8478185124635627	0.6400819192510241	0.6543701804056835	0.5391188562667305
4	0	kNN (full)	0.8407255705090696	0.8224721965461715	0.6207723815096549	0.6290802951078125	0.5202260763503407
4	20	iMF (full)	1.0	0.7818246018169142	0.5923932124049152	0.5993836191457976	0.4941816310157199
4	20	Popularity	1.0	0.693954757633789	0.5357519016968988	0.5459807738570653	0.44472083764129433
4	20	kNN (test)	0.9912229373902867	0.7820237433289852	0.5932709186658864	0.5989588743430241	0.4931824970981342
4	20	Normalized kNN (test)	0.9984201287302515	0.6668933849174771	0.5344060854300761	0.5386984297030278	0.4410178533799349
4	20	kNN (full)	0.9731421884142774	0.7806282628830317	0.5921591574019894	0.5966588530665039	0.49210741828551285
2	1	Average Rating	0.902223522527794	0.8097392155897127	0.6260386190754827	0.6445177597116728	0.5300187838180048
2	1	iMF (test)	0.9028086600351083	0.8392412615333557	0.6443534230544178	0.6549053052131029	0.5419789803653821
2	1	Normalized kNN (full)	0.628028086600351	0.6019477868005424	0.4674663545933294	0.3597920068159279	0.342825377940955
2	1	Random	0.9028086600351083	0.6607365540931275	0.5241661790520772	0.584406791192741	0.4623417199057931
2	0	Average Rating	0.8723815096547689	0.8338604208743431	0.6369221767115272	0.65400630524519	0.5393502999178202
2	100	iMF (full)	1.0	0.689578553664136	0.5359859566998244	0.5135907034667252	0.43427665721312875
2	100	Popularity	1.0	0.528140288888437	0.42106495026331187	0.38692367726403426	0.33043348991556487
2	0	iMF (test)	0.8725570509069631	0.8474277652710824	0.6518431831480398	0.6608423803049385	0.5479592838991377
2	100	kNN (test)	1.0	0.6668604450503858	0.5181392627267408	0.495410092347551	0.41834787304204424
2	0	Normalized kNN (full)	0.6272088940901113	0.6032603050050999	0.46851960210649507	0.3603273916649577	0.34352248985314887
2	0	Random	0.8725570509069631	0.7031158160495578	0.5461088355763604	0.6050675935667074	0.4822791943932029
2	100	Normalized kNN (test)	1.0	0.3802600568885616	0.3307197191339965	0.29169683325301166	0.2532370969673013
2	100	kNN (full)	1.0	0.6679174618145113	0.5175541252194266	0.4935450156946573	0.41733338437472006
2	5	iMF (full)	0.9844938560561732	0.8048556275667897	0.6201287302516091	0.6311837808804378	0.5207657511296306
2	5	Popularity	0.9832065535400819	0.7556628021460974	0.5871854885898186	0.6126451562628928	0.49901728239508253
2	5	kNN (test)	0.9198946752486834	0.8027692154562358	0.6174956114686951	0.6269148963916321	0.518692878165982
2	20	Average Rating	1.0	0.539216531526396	0.4544177881802224	0.4493978224873831	0.36939706639678815
2	20	iMF (test)	1.0	0.7449845250775845	0.5873025160912815	0.5838693850378418	0.48613693942826924
2	20	Normalized kNN (full)	0.6413692217671152	0.58814490205644	0.45693387946167346	0.3548556952814394	0.3365362435274663
2	20	Random	1.0	0.33256280936364274	0.28765359859566997	0.26617282972842693	0.22601399575159944
2	5	Normalized kNN (test)	0.9371562317144528	0.7846186245312937	0.6115857226448216	0.6227451421691133	0.5136418171321399
2	5	kNN (full)	0.9004681100058515	0.7986470534693745	0.6142188414277355	0.6163784714119027	0.5136342070822383
1	100	Average Rating	1.0	0.24524332443226163	0.22802808660035107	0.18293528619393123	0.1656017128206172
1	100	iMF (test)	1.0	0.5551507783144901	0.4483323581041545	0.41934993551417454	0.355087228478998
1	100	Normalized kNN (full)	0.6936220011702751	0.5351154867319095	0.4180807489760094	0.33355540860938837	0.3104128520635631
1	100	Random	1.0	0.12610886244449945	0.11632533645406672	0.0813406673329051	0.07695560410543573
1	5	Average Rating	0.9829724985371563	0.7381603971721034	0.5899941486249268	0.6039007936506018	0.4940468596159139
1	5	iMF (test)	0.9836161497952018	0.8217866880381636	0.6351667641895845	0.6409670746091392	0.5306522846499913
1	5	Normalized kNN (full)	0.6287887653598595	0.6033904290810336	0.4673493270918666	0.3575388390195973	0.3408325242648116
1	5	Random	0.9836161497952018	0.5565424641576541	0.45816266822703333	0.5053507860278916	0.3959374228100771
2	1	iMF (full)	0.9028086600351083	0.8183119053276919	0.6277940315974254	0.6442869094878723	0.530428827797731
2	1	Popularity	0.902223522527794	0.7798426081412936	0.6022235225277941	0.6309931452582015	0.5144824809180701
2	1	kNN (test)	0.8736688121708601	0.8141329037256123	0.6248683440608543	0.6347544008498569	0.5258675317499703
2	0	iMF (full)	0.8725570509069631	0.8233993905889776	0.6297834991222937	0.6461075800870036	0.5318797537815226
2	0	Popularity	0.8723815096547689	0.7878476849759296	0.6067875950848449	0.6354986993285296	0.5186958420496546
2	0	kNN (test)	0.8597425394967817	0.81698345390373	0.6267407840842597	0.6365262465820419	0.5276127339962636
2	1	Normalized kNN (test)	0.8820362785254535	0.8250588905531845	0.6342305441778818	0.6440715071720208	0.5338986706925144
2	1	kNN (full)	0.8630193095377414	0.8081422714128884	0.6210649502633119	0.6232555516844952	0.5201020392280329
2	0	Normalized kNN (test)	0.8656524283206554	0.8362429415446082	0.6397308367466354	0.6485795541433965	0.5384918363739967
2	0	kNN (full)	0.8511995318899942	0.8108789972796105	0.6230544177881802	0.625008283222782	0.5218792436338376
2	20	iMF (full)	1.0	0.7724541531648152	0.5976594499707432	0.5929006054838627	0.49537439356054624
2	20	Popularity	1.0	0.6858131501638179	0.5359859566998244	0.5402711887575189	0.4453430769076697
2	20	kNN (test)	0.9912814511410181	0.7684563488282217	0.5912229373902868	0.5928566416790096	0.4917524229541534
2	20	Normalized kNN (test)	0.9985956699824459	0.6612329792612724	0.5334113516676419	0.5350674282818684	0.44000049983666534
2	20	kNN (full)	0.9754827384435342	0.7667780571745555	0.5901696898771212	0.5864033049606607	0.48900266648917184
1	1	Average Rating	0.9034523112931538	0.8150251881868678	0.6315389116442364	0.645512118847914	0.5322047593519111
1	1	iMF (test)	0.9038619075482739	0.8450234978698277	0.64979520187244	0.656177662394299	0.5443046513676889
1	100	iMF (full)	1.0	0.6919608046581794	0.535927442949093	0.5081554129196849	0.43234483255834444
1	100	Popularity	1.0	0.5311640050638334	0.420947922761849	0.3877672303906938	0.32943110889687266
1	1	Normalized kNN (full)	0.6266822703335284	0.6059551853515386	0.46933879461673494	0.3585434032173676	0.3420728090949417
1	1	Random	0.9038619075482739	0.6714206547463321	0.5325336454066706	0.5887593775326302	0.4679128524030773
1	0	Average Rating	0.8729081334113516	0.8388499694621704	0.6428905792861322	0.6552514786165707	0.5419178259218295
1	100	kNN (test)	1.0	0.6701850599059075	0.5193680514921006	0.4921531537325675	0.41657056427787376
1	0	iMF (test)	0.8732007021650088	0.8538794665185722	0.6541252194265653	0.6616328495594855	0.5493221678170511
1	0	Normalized kNN (full)	0.6255119953188999	0.6074838092922905	0.4702750146284377	0.3589610139796918	0.34263466837113216
1	0	Random	0.8732007021650088	0.7113198742133223	0.552018724400234	0.6064462731691866	0.48507384229334255
1	100	Normalized kNN (test)	1.0	0.3934940570280421	0.3395552954944412	0.2978613201249357	0.2584603594122528
1	100	kNN (full)	1.0	0.668016147857062	0.5197776477472206	0.4929998657608431	0.4173881481120825
1	20	Average Rating	1.0	0.5450488251935055	0.45956699824458747	0.44051799987895746	0.3679349802748101
1	5	iMF (full)	0.9836161497952018	0.8067677107159648	0.6172615564657695	0.6272624424596451	0.5179828709561317
1	20	iMF (test)	1.0	0.7499648326556055	0.5898186073727326	0.5843837036826187	0.48562191457434006
1	5	Popularity	0.9829724985371563	0.7587702784842938	0.5853130485664131	0.6108251781396452	0.49711652416846697
1	5	kNN (test)	0.9217086015213576	0.8085032664476893	0.6200117027501463	0.6245244562626961	0.5185526070840507
1	20	Normalized kNN (full)	0.6399648917495612	0.5915785941373343	0.4587478057343476	0.3535869988989532	0.3356900901563293
1	20	Random	1.0	0.3472392291047174	0.29801053247513165	0.2695712012491162	0.23027500027684114
1	5	Normalized kNN (test)	0.9365710942071386	0.7866893947772521	0.6149210064365126	0.6234013421049557	0.5144640460951161
1	5	kNN (full)	0.90040959625512	0.8005285798041443	0.6153891164423639	0.61543339275396	0.5130726428687038
3	200	Average Rating	1.0	0.13514449010641266	0.1280280866003511	0.10035999606009162	0.08942902036375612
3	200	iMF (test)	1.0	0.4384122828833743	0.3566998244587478	0.31691828291000107	0.27401170180203654
3	200	Normalized kNN (full)	0.7406085430076068	0.4827709956778318	0.3788765359859567	0.31323364443670265	0.2853328909228052
3	200	Random	1.0	0.07078698000867543	0.06489174956114688	0.042755621597587196	0.041278113594982686
3	2000	Average Rating	1.0	0.008838494157684501	0.008952603861907549	0.004813488932313604	0.005284276373268282
3	2000	iMF (test)	1.0	0.13037876666160647	0.1093622001170275	0.08832611452862557	0.07840554739957846
3	2000	Normalized kNN (full)	0.9792276184903452	0.18577727102970978	0.15143358689291983	0.15184112660666543	0.12407362201512237
3	2000	Random	1.0	0.010890415131887871	0.010064365125804563	0.005634673812929413	0.005846483242135792
1	1	iMF (full)	0.9038619075482739	0.8198960883686065	0.6261556465769456	0.641665758179158	0.5284599257439571
1	1	Popularity	0.9034523112931538	0.7844015800680375	0.6015213575190169	0.6296557584831051	0.5134897587697205
1	1	kNN (test)	0.8752486834406085	0.8195451191956404	0.628145114101814	0.6339611716035093	0.5267954729118254
1	0	iMF (full)	0.8732007021650088	0.8241750423082917	0.6291398478642481	0.645099948322612	0.5313728932926016
1	0	Popularity	0.8729081334113516	0.7910507729061375	0.6062609713282621	0.634643932732018	0.5180650399621748
1	0	kNN (test)	0.8612053832650672	0.8228679846929127	0.6304856641310708	0.6362247659878784	0.5290173830135999
1	1	Normalized kNN (test)	0.8824458747805733	0.82818639999976	0.6377413692217672	0.644716869509938	0.5347829272807403
1	1	kNN (full)	0.8641310708016383	0.8102828240872804	0.6226448215330602	0.6231632865627268	0.5201472266513464
1	20	iMF (full)	1.0	0.7722685292592446	0.5953774136922176	0.5890414392112857	0.49296433756759567
1	20	Popularity	1.0	0.6850079327857527	0.5355763604447045	0.5410543400642437	0.4443820518945473
1	0	Normalized kNN (test)	0.8663545933294323	0.8401258185355022	0.6440608543007607	0.6504771923854764	0.5404720509061867
1	20	kNN (test)	0.9912814511410181	0.7715024603743978	0.5930953774136922	0.590080102726056	0.490734773540982
1	0	kNN (full)	0.8528964306612054	0.8130646229599522	0.62469280280866	0.6248812707225414	0.5219287182105015
1	20	Normalized kNN (test)	0.9985371562317145	0.6610828121333291	0.5361029842012873	0.5334619538138282	0.4393206801919682
1	20	kNN (full)	0.9770040959625512	0.7659268233988967	0.5911059098888239	0.5863825381907235	0.48873047708305334
3	2	Average Rating	0.9268578115857227	0.7967110614397772	0.6201287302516091	0.6412323887832466	0.5255501575735305
3	2	iMF (test)	0.9276770040959627	0.8420227119476116	0.641895845523698	0.6547674772064692	0.5402165109561923
3	200	iMF (full)	1.0	0.6319067502980314	0.48894090111176125	0.4567911015181375	0.3906566383567655
3	200	Popularity	1.0	0.44795036620359235	0.3584552369806905	0.3112785475442163	0.2718525062421838
3	2	Normalized kNN (full)	0.619426565242832	0.6038153332163877	0.4638385020479813	0.35593876543497077	0.33804454798660505
2	2	Average Rating	0.9292568753657109	0.7907558970367401	0.6160912814511411	0.635903850683387	0.5214525708712641
3	2	Random	0.9276770040959627	0.63952804601569	0.5109420713867759	0.5712955494799019	0.4499745257945969
3	200	kNN (test)	1.0	0.6047714299345003	0.46623756582796955	0.43059991135888476	0.3683932539517642
2	2	iMF (test)	0.9297834991222937	0.8348911614291348	0.6419543592744295	0.6523412401401001	0.5396684150617223
2	2	Normalized kNN (full)	0.6283791691047397	0.6015371978869333	0.4672908133411352	0.3598189481387775	0.3428337380704541
2	2	Random	0.9297834991222937	0.6297242201988968	0.5046225863077823	0.5634448279575716	0.44360816036081563
3	200	Normalized kNN (test)	1.0	0.26907235234636434	0.24072557050906962	0.19729307731933313	0.17543877646153797
3	10	Average Rating	1.0	0.6614326828262332	0.5398478642480983	0.553027069489841	0.4507280715218249
3	200	kNN (full)	1.0	0.6042473095493169	0.4661790520772382	0.4281458098936234	0.36770418681419487
3	10	iMF (test)	1.0	0.7925620849763901	0.6126974839087185	0.6222400667759489	0.5125241421217276
3	10	Normalized kNN (full)	0.6263897015798713	0.5954186223254184	0.4582211819777648	0.3536959168164769	0.3350127312804085
3	10	Random	1.0	0.45076073947846307	0.3799882972498537	0.3884728645716527	0.31502064447194095
3	2000	iMF (full)	1.0	0.3522548856356249	0.2761263897015799	0.23880447704865096	0.2078086175763849
3	2000	Popularity	1.0	0.18495454995453647	0.15219426565242833	0.11235980938519922	0.10282680124001531
3	2000	kNN (test)	1.0	0.3238524851550347	0.2518431831480398	0.21241440449801746	0.1863360715105551
3	2000	Normalized kNN (test)	1.0	0.026913557163504496	0.030193095377413694	0.020531801086182706	0.019309064296873797
3	2000	kNN (full)	1.0	0.3262345176738134	0.25307197191339964	0.2148596761660134	0.1882571942725493
5	200	Average Rating	1.0	0.13083143489897084	0.12363955529549445	0.08729666363566028	0.08411550301112905
5	200	iMF (test)	1.0	0.44315215648083006	0.3653013458162668	0.336403498982456	0.2850936468192166
5	200	Normalized kNN (full)	0.7421884142773553	0.482753658132515	0.38145114101813926	0.31455711248406537	0.28737624128704714
5	200	Random	1.0	0.07885643391926704	0.07290813341135167	0.04688689089244227	0.04651729120982081
3	2	iMF (full)	0.9276770040959627	0.8184930453180793	0.6227618490345231	0.6432046514844378	0.5275523943946235
3	2	Popularity	0.9268578115857227	0.7793379454556792	0.5995318899941485	0.6324882419332051	0.5140329672608909
3	2	kNN (test)	0.8822118197776477	0.8167847006766049	0.6232884727911059	0.6348334980523594	0.5253119945747526
5	2000	Average Rating	1.0	0.010108867817744388	0.010649502633118783	0.006540180307117651	0.006551968918083825
2	2	iMF (full)	0.9297834991222937	0.815670563983692	0.626623756582797	0.64125978849433	0.5281628838373281
2	2	Popularity	0.9292568753657109	0.7746946587707068	0.5985956699824458	0.6267456972066056	0.5106919830464797
5	2000	iMF (test)	1.0	0.12554118564935826	0.1083089526038619	0.08450416113924818	0.07683747790307888
2	2	kNN (test)	0.8860152135751902	0.8107599727669734	0.6227618490345231	0.6324459236538681	0.523745598124805
5	2000	Normalized kNN (full)	0.9775892334698655	0.18201231268818455	0.14844938560561732	0.1479133012925915	0.11994457572369022
5	2000	Random	1.0	0.010373302455936203	0.010064365125804563	0.005822546916321294	0.005934225428893279
3	2	Normalized kNN (test)	0.8953774136922177	0.8231177696117098	0.6309537741369221	0.644626667186186	0.5322723615310903
3	2	kNN (full)	0.8676418958455236	0.8094502655297491	0.6170860152135751	0.6233811919861876	0.5178471580474221
3	10	iMF (full)	1.0	0.7941460887906739	0.607080163838502	0.6148396618635922	0.5084698153199785
3	10	Popularity	1.0	0.7348583778852108	0.5692802808660035	0.5903682900925716	0.4815728303189726
3	10	kNN (test)	0.9598010532475132	0.7944487888531553	0.6095377413692218	0.6195192253692371	0.5116400372701329
2	2	Normalized kNN (test)	0.8971328262141604	0.8141509813037361	0.6271503803393798	0.6374816472492869	0.5274465905630351
2	2	kNN (full)	0.8708601521357519	0.805811738715233	0.6197776477472207	0.6216408753786726	0.5186949559018486
3	10	Normalized kNN (test)	0.9796372147454652	0.7443203249976762	0.5868929198361615	0.5991203716590793	0.4915223080393758
3	10	kNN (full)	0.9358104154476302	0.7880384520014873	0.6035108250438853	0.6078353856402591	0.5042236100178538
5	2	Average Rating	0.92592159157402	0.7994724528626308	0.6196021064950263	0.6441207204014823	0.5246987452964639
5	2	iMF (test)	0.9272088940901111	0.8456406488649313	0.6417203042715038	0.6581649062623055	0.540679683346787
5	2	Normalized kNN (full)	0.6268578115857226	0.6052750583586362	0.4691047396138093	0.3597354188628677	0.34286565525977725
5	2	Random	0.9272088940901111	0.6464885177400408	0.5146869514335869	0.5788682207672795	0.45335847334043783
1	2	Average Rating	0.9298420128730251	0.7966225039725813	0.6221181977764775	0.6366422911366699	0.5237343392996915
5	200	iMF (full)	1.0	0.6327203897071869	0.48718548858981864	0.45722985883461364	0.3887307042926031
5	200	Popularity	1.0	0.4447934647237839	0.3540667056758338	0.308071784058574	0.2671017972132337
1	2	iMF (test)	0.930368636629608	0.83898238397757	0.6472205968402575	0.6533758297083676	0.5419224987286861
5	200	kNN (test)	1.0	0.6086129931568771	0.4696313633703921	0.44106603982487896	0.3726010008268147
1	2	Normalized kNN (full)	0.6273844353423055	0.605391267285945	0.4690462258630778	0.3583603536316668	0.3418652500917508
1	2	Random	0.930368636629608	0.6425194606697965	0.5122293739028672	0.569304438965017	0.4497091595119807
5	10	Average Rating	1.0	0.6637114699769066	0.5430076067875951	0.5594894680710015	0.45310805875443183
5	10	iMF (test)	1.0	0.8004886845047164	0.614979520187244	0.6269265282286514	0.5145351730768926
5	10	Normalized kNN (full)	0.6334698654183732	0.5993631719854229	0.46553540081919254	0.35789250225111524	0.3405685775038953
5	10	Random	1.0	0.4500980173481131	0.37870099473376245	0.3930680797092376	0.31628871367430006
5	200	Normalized kNN (test)	1.0	0.2693850311032685	0.2444119368051492	0.19602923604421985	0.17786145369287742
5	200	kNN (full)	1.0	0.6082428303954571	0.467407840842598	0.4369880717424206	0.3704942612690108
5	2000	iMF (full)	1.0	0.3546954863427647	0.27899356348741955	0.24137103651190725	0.21131608336409002
5	2000	Popularity	1.0	0.18722398437454046	0.1534815681685196	0.10981380315133529	0.10209279485370515
5	2000	kNN (test)	1.0	0.3176179438478782	0.2476301930953774	0.20452028764156918	0.1817943445978363
4	200	Average Rating	1.0	0.12294549352031944	0.12135751901696899	0.09234157011773267	0.08506539417067265
4	200	iMF (test)	1.0	0.45119766604459427	0.3644821533060269	0.336991892759715	0.28614994476634364
4	200	Normalized kNN (full)	0.7542422469280281	0.49668835781724563	0.3860152135751902	0.32843040801876855	0.29351389474020734
4	200	Random	1.0	0.07706217078525254	0.07238150965476887	0.0477441308001568	0.04662693352284087
5	2000	Normalized kNN (test)	1.0	0.02766217628246092	0.03148039789350498	0.018756087888904437	0.01956943335623395
5	2000	kNN (full)	1.0	0.32139510156283224	0.25166764189584556	0.21216705422392468	0.18629720446051837
5	2	iMF (full)	0.9272088940901111	0.8207833734205888	0.6232884727911059	0.6459957650099623	0.5276882489197674
5	2	Popularity	0.92592159157402	0.7823893577985089	0.5978935049736688	0.6320533363081701	0.5110253351628917
5	2	kNN (test)	0.8847279110590989	0.820374932610428	0.623581041544763	0.6360789945078358	0.5249098529318877
1	2	iMF (full)	0.930368636629608	0.8161876508720017	0.6248098303101228	0.6398306447602244	0.5268732351930839
1	2	Popularity	0.9298420128730251	0.7763717809949128	0.5983616149795202	0.6262662008184682	0.5103165020547878
1	2	kNN (test)	0.8895845523698068	0.8160041497331963	0.6263311878291399	0.63187994610891	0.5249457011858153
5	2	Normalized kNN (test)	0.8957284961966062	0.822484278491621	0.6283791691047397	0.6462471855433214	0.5303742998660106
5	2	kNN (full)	0.8698654183733177	0.8136838517568817	0.618022235225278	0.6260091054117441	0.5185941937148726
5	10	iMF (full)	1.0	0.7946115666998956	0.6058513750731422	0.6163725729497033	0.5079516236586882
5	10	Popularity	1.0	0.7366362052027872	0.5691632533645407	0.5956302672854844	0.4812587535535831
1	2	Normalized kNN (test)	0.8989467524868344	0.8167316126243811	0.6330017554125219	0.6403401157441574	0.5306195648686551
5	10	kNN (test)	0.9555295494441194	0.8004114675905937	0.6105909888823874	0.6203558206487229	0.5114566206551362
1	2	kNN (full)	0.8763019309537741	0.8071870607228067	0.6210064365125805	0.6212447702731307	0.5184630045003996
4	2000	Average Rating	1.0	0.004994890723671281	0.004447045055588064	0.002463426848642305	0.002715911410908989
4	2000	iMF (test)	1.0	0.13096979452857654	0.11053247513165594	0.09479225333532448	0.08157666007632398
4	2000	Normalized kNN (full)	0.9784084259801052	0.19268650208788982	0.15447630193095377	0.15922215263048137	0.12731744392312436
4	2000	Random	1.0	0.008907623480830271	0.008484493856056173	0.004979048438912836	0.004936134870636822
5	10	Normalized kNN (test)	0.9735517846693973	0.7449569494337405	0.5850789935634874	0.6031774595740386	0.4912260532893046
5	10	kNN (full)	0.9321240491515506	0.7953159671147292	0.6065535400819192	0.6124355960519687	0.5068836797532491
4	2	Average Rating	0.9227033352837918	0.8009765223810515	0.6167349327091867	0.6430034501249707	0.5228706449056446
4	2	iMF (test)	0.9236980690462258	0.8453272404583181	0.6424809830310123	0.6587228040725465	0.5402942917846538
4	2	Random	0.9236980690462258	0.6427357048922572	0.5117027501462844	0.5770102616691206	0.45050563015338707
4	2	Normalized kNN (full)	0.6273844353423055	0.6223233975313776	0.47530719719133996	0.3751445677372969	0.35034578449367154
4	2	kNN (full)	0.861439438267993	0.8168027100746468	0.6173785839672322	0.62559343513119	0.5169482676810797
4	2	Popularity	0.9227033352837918	0.7891869367426622	0.6005851375073142	0.6351912623966603	0.5128822472064947
4	2	kNN (test)	0.8757167934464599	0.8225279752234148	0.6214160327677004	0.6338751851970539	0.5220952377994225
4	200	iMF (full)	1.0	0.639458618091367	0.4923346986541837	0.4688655764528729	0.39489267187607296
4	200	Popularity	1.0	0.45360545255068757	0.3574605032182563	0.3169112035650706	0.2714951470932136
4	200	kNN (test)	1.0	0.615573335016832	0.4700994733762434	0.44611323277199466	0.3745449776192428
4	10	Average Rating	0.9999414862492686	0.6610381819842609	0.5387361029842013	0.5584843529801572	0.45031312624237113
4	2	Normalized kNN (test)	0.8882387361029842	0.8248355372520911	0.6275599765944997	0.6430889308774589	0.5281081039701422
4	10	iMF (test)	1.0	0.8049729389951245	0.6156816851960211	0.6291772522068126	0.5152630145258306
4	200	Normalized kNN (test)	1.0	0.26956832669396197	0.23967232299590405	0.20460970550171	0.1787715212129609
4	10	Normalized kNN (full)	0.6338209479227619	0.6159797886699756	0.47086015213575194	0.3733311099502244	0.3478952999998133
4	10	Random	1.0	0.4560786805686546	0.38162668227033353	0.39890276729515395	0.3185065277914496
4	200	kNN (full)	1.0	0.6148798586666137	0.4691047396138093	0.44217735686485743	0.3725836490743717
2	200	Average Rating	1.0	0.12963092289649084	0.12287887653598596	0.09622080156994595	0.08724687797560163
2	200	iMF (test)	1.0	0.44748154858310474	0.36787595084844943	0.32973838866550514	0.2860987867890203
4	2000	iMF (full)	1.0	0.36173495762961805	0.2798127559976594	0.24575224334451365	0.21234262264174114
4	2000	Popularity	1.0	0.1943677867818398	0.1585722644821533	0.11948286110042025	0.107037608176621
4	2000	kNN (test)	1.0	0.33171387331992325	0.25225277940315977	0.21968298683807735	0.18794815576761864
2	200	Normalized kNN (full)	0.743826799297835	0.47711259278264473	0.3768870684610884	0.31344223800972665	0.2860517340160686
2	200	Random	1.0	0.07519772930479321	0.0689877121123464	0.043375009241961096	0.04344027615532487
4	2000	Normalized kNN (test)	1.0	0.02471083528344585	0.027267407840842597	0.01828823346650633	0.017489412719855834
4	2000	kNN (full)	1.0	0.3340748689086525	0.25441778818022237	0.2205117205521429	0.18936060069265254
4	10	iMF (full)	1.0	0.8014455531780516	0.6077823288472791	0.6189507576255346	0.5093457961308372
4	10	Popularity	0.9999414862492686	0.7426023451807104	0.5690462258630778	0.5943279419554545	0.4803901137081646
4	10	kNN (test)	0.9555880631948508	0.8037448126551747	0.6087185488589818	0.6193545850326957	0.5093603261915373
4	10	Normalized kNN (test)	0.9741369221767116	0.7520087375305307	0.5858981860737273	0.6042278464690309	0.49127370810835597
4	10	kNN (full)	0.9308367466354593	0.7999375150047718	0.604856641310708	0.6118684553176938	0.5046875140958194
2	2000	Average Rating	1.0	0.007040705849322577	0.008250438853130487	0.004863624162512727	0.005161626801639093
2	2000	iMF (test)	1.0	0.12779560849422267	0.1098888238736103	0.08969313326759719	0.08025950592840726
2	2000	Normalized kNN (full)	0.9774136922176712	0.18462620404682356	0.1517846693973084	0.14961103711201024	0.12313870073215194
2	2000	Random	1.0	0.008534449167234118	0.008308952603861908	0.00492353384980927	0.0048683669611264335
2	200	iMF (full)	1.0	0.6361238979381071	0.4950263311878291	0.46012731982791133	0.39360230681868474
2	200	Popularity	1.0	0.4440225658844861	0.35705090696313635	0.3090085881213703	0.27035218127600236
2	200	kNN (test)	1.0	0.6027672883372445	0.46781743709771795	0.43520481142722967	0.37117970266851996
2	10	Average Rating	1.0	0.6572099936423377	0.5352837916910473	0.5441315287872259	0.44445861564836314
2	10	iMF (test)	1.0	0.7920994761513295	0.6156231714452896	0.6230004311061846	0.5145613459838502
2	10	Normalized kNN (full)	0.6352252779403159	0.5936366555947151	0.46208308952603866	0.35745909160280687	0.3398486294130095
2	200	Normalized kNN (test)	1.0	0.26211626217909095	0.23727325921591574	0.19245731700363247	0.17326490504259823
2	10	Random	1.0	0.45532226442119567	0.3840842598010532	0.3905591364304724	0.3167329919245313
2	200	kNN (full)	1.0	0.6028881162250654	0.466296079578701	0.4307520616314184	0.369236603634124
1	200	Average Rating	1.0	0.13296546072425128	0.12317144528964306	0.09046546223464551	0.08474235110017277
1	200	iMF (test)	1.0	0.4438068890789237	0.36729081334113517	0.3241889368836999	0.2821092523555874
1	200	Normalized kNN (full)	0.7449970743124634	0.48114330574868375	0.380163838502048	0.31447147840811984	0.28712395715871997
1	200	Random	1.0	0.0794974837497673	0.07220596840257461	0.05131638634310766	0.047558569408903836
2	2000	iMF (full)	1.0	0.359867478800836	0.2846693973083675	0.24132958997075848	0.21335340023152474
2	2000	Popularity	1.0	0.18402371767274733	0.151316559391457	0.1088878369417215	0.10193020484129274
2	2000	kNN (test)	1.0	0.315928233917049	0.24534815681685196	0.20666924541011641	0.18164714692300413
2	2000	Normalized kNN (test)	1.0	0.027040542132119094	0.03200702165008777	0.019168138834404623	0.020406051018369956
2	2000	kNN (full)	1.0	0.3200835777808225	0.24880046811000583	0.21126537263512402	0.18577489242604123
2	10	iMF (full)	1.0	0.7891479495286152	0.6084259801053247	0.6105957588285906	0.5072314304449893
2	10	Popularity	1.0	0.7266483091323327	0.5660620245757753	0.5837055159704093	0.47669314156476184
2	10	kNN (test)	0.9584552369806905	0.7900423397051739	0.6062024575775308	0.6139991336613481	0.507566464275286
2	10	Normalized kNN (test)	0.9756582796957286	0.7416267834584476	0.5844938560561732	0.5958998966246554	0.48880249765109657
2	10	kNN (full)	0.9331772966647162	0.7867721678468196	0.6050906963136337	0.6058328739267548	0.5045668562815399
1	2000	Average Rating	1.0	0.011689556033167422	0.010825043885313048	0.0067060655237425265	0.006532755468388736
1	2000	iMF (test)	1.0	0.12740830866351663	0.10813341135166765	0.08465128755995817	0.07584027720806916
1	2000	Normalized kNN (full)	0.9776477472205968	0.18604219453644624	0.15371562317144527	0.1484508218662252	0.12289326703243207
1	2000	Random	1.0	0.0097856834875169	0.00930368636629608	0.004526377534541049	0.005121133588717195
1	200	iMF (full)	1.0	0.6339054423637285	0.49210064365125805	0.4572275020273169	0.39114411293874457
1	200	Popularity	1.0	0.43693711672665425	0.3524868344060854	0.3044888878493066	0.2667440850862363
1	200	kNN (test)	1.0	0.5987205654999241	0.4644821533060269	0.428553134471581	0.36671942711682015
1	10	Average Rating	1.0	0.6585697136824693	0.5385605617320071	0.5436798241882416	0.444498997622837
1	10	iMF (test)	1.0	0.7977192967671446	0.619836161497952	0.6217267267510154	0.5153945313314635
1	200	Normalized kNN (test)	1.0	0.2651063851735857	0.24201287302516092	0.19562440016942206	0.17603235067538808
1	200	kNN (full)	1.0	0.5984096797906056	0.4664716208308953	0.4313618992725968	0.3685741292516381
1	10	Normalized kNN (full)	0.6334113516676418	0.598605973099436	0.4638385020479813	0.35568606831631705	0.33853060505629023
1	10	Random	1.0	0.45026856850618563	0.38074897600936225	0.3876286704929976	0.3139984286432936
3	50	Average Rating	1.0	0.3650049794470903	0.3211819777647747	0.2856563015230974	0.24530519943286655
3	50	iMF (test)	1.0	0.6534951580456304	0.5173785839672324	0.5003833504693739	0.4190266599787875
3	50	Normalized kNN (full)	0.6543592744294909	0.5662876255397195	0.4372732592159157	0.3430375916850548	0.3217651781682442
3	50	Random	1.0	0.2050319804488096	0.18256290228203628	0.14275140140785425	0.1294884685787438
1	2000	iMF (full)	1.0	0.35734631529457805	0.2842012873025161	0.24067371847564178	0.21291757186082333
1	2000	Popularity	1.0	0.18138151660338536	0.1500292568753657	0.10377795100244974	0.09744732056955069
1	2000	kNN (test)	1.0	0.3174906622625944	0.24792276184903453	0.20558234316083032	0.1819804722557391
1	2000	Normalized kNN (test)	1.0	0.02614028342356357	0.030427150380339378	0.017311828292846127	0.01855046375676959
1	2000	kNN (full)	1.0	0.31792807022121444	0.24967817437097717	0.20679544794974689	0.1835518889921865
1	10	iMF (full)	1.0	0.7926704146640997	0.6057928613224107	0.6088913358368592	0.5051200212291518
1	10	Popularity	1.0	0.7307129863720191	0.5661790520772382	0.585303433220748	0.4768142290375486
1	10	kNN (test)	0.9596255119953189	0.7949356837928833	0.6108250438853131	0.6135699555963704	0.5091909192253918
1	10	Normalized kNN (test)	0.9770040959625512	0.7427066414008093	0.5878876535985957	0.59480395014199	0.48910976046609583
1	10	kNN (full)	0.9361029842012872	0.7883679507699292	0.6076067875950849	0.6069864551246319	0.5054103432568111
3	3481	Average Rating	1.0	0.006597035293584923	0.00807489760093622	0.004452803345086022	0.004815876560626558
3	3481	iMF (test)	1.0	0.09062079631116043	0.07723815096547688	0.06227691273187978	0.0552165186871449
3	3481	Normalized kNN (full)	0.9948507899356349	0.1271553411370869	0.10555880631948508	0.10613067681192458	0.08667079866957064
3	3481	Random	1.0	0.005707342543356699	0.0051492100643651265	0.004195354739993004	0.0031735014435728707
3	50	iMF (full)	1.0	0.7354557180654868	0.5626097132826214	0.5489336997853349	0.46154185301037476
3	50	Popularity	1.0	0.6011116803063083	0.47419543592744295	0.45161336840390837	0.38158450891843415
3	50	kNN (test)	0.9998244587478058	0.7239698441244442	0.5565242832065536	0.5451022186727088	0.4560832469823372
3	1000	Average Rating	1.0	0.021808499589310373	0.021942656524283205	0.013667706046492372	0.01334683605619702
3	50	Normalized kNN (test)	1.0	0.5243238072535268	0.4338794616734933	0.4119609847257374	0.3461125388575931
3	1000	iMF (test)	1.0	0.20703047318274045	0.17366881217086017	0.147093878555852	0.12850990248611405
3	50	kNN (full)	0.9988882387361029	0.7210715519566108	0.5533645406670568	0.5396105480306571	0.45240773989347566
3	1000	Normalized kNN (full)	0.9248683440608543	0.2793628177619897	0.22486834406085432	0.212626329227473	0.17863440537019382
3	1000	Random	1.0	0.018898362118990132	0.01772966647162083	0.011168102740253028	0.010943304890951766
5	50	Average Rating	1.0	0.3567330186878818	0.3171445289643066	0.2821661203485744	0.24180111686150524
5	50	iMF (test)	1.0	0.6587852359766568	0.5193095377413692	0.5096318165045189	0.4233278642910279
5	50	Normalized kNN (full)	0.6632533645406671	0.5692663363801476	0.44458747805734344	0.3475399001953712	0.3275859883480427
5	50	Random	1.0	0.19870354931575915	0.17987126974839085	0.13685036419017493	0.12705268039497475
3	3481	iMF (full)	1.0	0.2864236176132423	0.22738443534230546	0.18988708107728297	0.1680357894198732
3	3481	Popularity	1.0	0.14104207866751897	0.11614979520187244	0.0811626522817495	0.07582316708428208
3	3481	kNN (test)	1.0	0.2580467905550425	0.20011702750146285	0.16356512369146695	0.14483664174273542
3	3481	Normalized kNN (test)	1.0	0.010433602192226927	0.011527208894090113	0.008784742831680072	0.00729079940939662
3	3481	kNN (full)	1.0	0.2620228582427413	0.20386190754827382	0.17010070951533524	0.14959059966741822
3	1000	iMF (full)	1.0	0.44489982153748636	0.3465184318314804	0.3066744756452852	0.2659505216719642
3	1000	Popularity	1.0	0.2548347249986905	0.20795787009947336	0.1606712203692249	0.14525753893493504
3	1000	kNN (test)	1.0	0.4084470822071425	0.3173785839672323	0.2753651712553999	0.2397947946959456
3	1000	Normalized kNN (test)	1.0	0.07206167677726957	0.07559976594499708	0.05390238037222016	0.05005064078690112
3	1000	kNN (full)	1.0	0.41292756321896884	0.32030427150380336	0.27778093605627013	0.24248784406407767
5	3481	Average Rating	1.0	0.004806123517854655	0.005617320070216501	0.0032346023307472	0.003391448381358274
5	3481	iMF (test)	1.0	0.08778391794247425	0.07723815096547688	0.0580250655024243	0.05394498771313431
5	3481	Normalized kNN (full)	0.9959625511995318	0.12381150593916428	0.10286717378583968	0.1052524264031819	0.08380592711705029
5	3481	Random	1.0	0.00569954023955222	0.0053247513165593915	0.0029350880381417473	0.0031453992655985745
5	50	iMF (full)	1.0	0.7323234472558258	0.5607957870099474	0.5518257538124152	0.4604377258767039
5	50	Popularity	1.0	0.605628979013322	0.47478057343475716	0.45814159242595526	0.3825920264172866
5	50	kNN (test)	1.0	0.7240527619474565	0.5545933294324166	0.5446293390484981	0.45397337657559494
5	50	Normalized kNN (test)	1.0	0.5172873830286807	0.4279695728496197	0.4116155968827914	0.3415856958973383
5	50	kNN (full)	0.9983031012287887	0.7226812747337731	0.5534230544177882	0.5422220909494682	0.45257950291508864
5	1000	Average Rating	1.0	0.026904657769696968	0.029256875365710942	0.017778223568038952	0.018169754395537183
5	1000	iMF (test)	1.0	0.20584409580128565	0.17472205968402577	0.14473236781302184	0.12878310175868513
5	1000	Normalized kNN (full)	0.9258630778232885	0.28033056052503474	0.22744294909303686	0.21690573476772904	0.18164240245197327
5	1000	Random	1.0	0.01881957347029108	0.01767115272088941	0.010401118296095191	0.010284216998723408
4	50	Average Rating	1.0	0.36024139650329684	0.3232299590403745	0.2888030478153178	0.24844853749581447
4	50	iMF (test)	1.0	0.6617828408341531	0.5195435927442948	0.5126257239967111	0.42356487068872006
4	50	Normalized kNN (full)	0.6648917495611468	0.5870589196693831	0.4494441193680515	0.3622314900504756	0.3343190989600812
4	50	Random	1.0	0.20123541862350927	0.18174370977179638	0.13741569632828773	0.1282810321159011
5	3481	iMF (full)	1.0	0.28274420839381387	0.22264482153306026	0.18675859497599048	0.16598316838877172
5	3481	Popularity	1.0	0.14290063842680445	0.11696898771211235	0.0779797992612239	0.07472409162679158
5	3481	kNN (test)	1.0	0.25520492417372154	0.19935634874195435	0.156709926295376	0.14245835846670615
5	3481	Normalized kNN (test)	1.0	0.010987791622028132	0.012873025160912814	0.007277657621813765	0.007795127654539371
5	3481	kNN (full)	1.0	0.25798536413102674	0.2018724400234055	0.16274575391926133	0.14597644254333575
5	1000	iMF (full)	1.0	0.4432149788496996	0.345348156816852	0.3040703623317396	0.2644009057730475
5	1000	Popularity	1.0	0.25242192082825216	0.20708016383850203	0.15735893693424557	0.1433550416809819
5	1000	kNN (test)	1.0	0.4056974149230466	0.31497952018724396	0.2725211121947139	0.23753234872262635
5	1000	Normalized kNN (test)	1.0	0.06998715159682281	0.07559976594499708	0.047920465940294824	0.04876868525570513
5	1000	kNN (full)	1.0	0.4099444150785762	0.31819777647747216	0.27926158431364645	0.2410275372637314
4	3481	Average Rating	1.0	0.0036851988860614627	0.003627852545348157	0.0021007364292809512	0.002292614947501187
4	3481	iMF (test)	1.0	0.0858213996943571	0.07454651843183148	0.06253339302724174	0.05410989928046851
4	3481	Normalized kNN (full)	0.9953188999414863	0.1328422280732241	0.10854300760678759	0.11641891682485471	0.09060315318811839
4	3481	Random	1.0	0.005095822285548459	0.004856641310708017	0.002585290078870782	0.0027075797083648003
4	50	iMF (full)	1.0	0.7438179530320226	0.5651258045640726	0.5600994095664804	0.4649828951088208
4	50	Popularity	1.0	0.6169893500259593	0.47870099473376243	0.4630712469192435	0.38554719068536375
4	50	kNN (test)	0.9997659449970743	0.737413682957955	0.5598010532475132	0.5536022789908475	0.4585886693742665
4	50	Normalized kNN (test)	1.0	0.525900372812107	0.4326506729081334	0.41347091935637253	0.3448247837251618
4	50	kNN (full)	0.9978935049736689	0.7365844427344808	0.5576360444704506	0.5515456439552547	0.4567774873895675
4	1000	Average Rating	1.0	0.015403702302379777	0.015974253949678174	0.00966772486645668	0.009838926613835832
4	1000	iMF (test)	1.0	0.21059142037656964	0.17478057343475717	0.15090496172959544	0.13038621145732948
4	1000	Normalized kNN (full)	0.9279110590988882	0.289957727312496	0.22954944411936806	0.22426128210438853	0.18448381155825072
4	1000	Random	1.0	0.01849358447827835	0.017437097717963722	0.010949130083423412	0.010680541435740388
2	50	Average Rating	1.0	0.3624318708244851	0.32065535400819195	0.28430462574742865	0.24576034228809754
2	50	iMF (test)	1.0	0.6563037103864994	0.522878876535986	0.5075547523244841	0.42568087535988836
2	50	Normalized kNN (full)	0.6617320070216501	0.5643917198201753	0.44113516676418957	0.34680259214577286	0.3265779900026461
2	50	Random	1.0	0.19907718125475002	0.18139262726740785	0.14131328363906748	0.12914097768284605
4	3481	iMF (full)	1.0	0.28964503693540494	0.22603861907548276	0.19300338690867103	0.16861560100128362
4	3481	Popularity	1.0	0.14608781688381198	0.11889994148624927	0.08336295112635703	0.07652948419347066
4	3481	kNN (test)	1.0	0.2663311353879699	0.2018724400234055	0.17038530598730142	0.14768795136653465
2	3481	Average Rating	1.0	0.0018735226959248788	0.0019309537741369223	7.937823745982454E-4	9.851918978404574E-4
4	3481	Normalized kNN (test)	1.0	0.010061528041473842	0.01088355763604447	0.008085558612004735	0.007275125369007353
2	3481	iMF (test)	1.0	0.08409071811942814	0.07197191339964892	0.057699856656326924	0.05114280348659889
4	3481	kNN (full)	1.0	0.269974694862555	0.20550029256875366	0.17567961075218486	0.1508618268331911
2	3481	Normalized kNN (full)	0.9959625511995318	0.12726222896971498	0.10526623756582797	0.10737501592720204	0.08614166944194368
2	3481	Random	1.0	0.005872780766264011	0.004915155061439439	0.002852278497396137	0.0028628479494324697
4	1000	iMF (full)	1.0	0.4536195619642408	0.35014628437682854	0.31544841305295873	0.27088141871794724
4	1000	Popularity	1.0	0.26623067814857854	0.21380924517261554	0.17229160923542197	0.1506329735842261
4	1000	kNN (test)	1.0	0.41686678405207717	0.3181392627267408	0.28111652411556265	0.2412186571522687
3	500	Average Rating	1.0	0.05762099975098393	0.05816266822703336	0.04189942261530355	0.038898709101497564
4	1000	Normalized kNN (test)	1.0	0.06664895485544074	0.07062609713282622	0.04896658063710825	0.04668690906219815
3	500	iMF (test)	1.0	0.2993889639471945	0.248683440608543	0.21274793562032218	0.18694114832809797
4	1000	kNN (full)	1.0	0.4217825480457609	0.3217086015213575	0.28866008402437454	0.24551371346375506
3	500	Normalized kNN (full)	0.8406085430076067	0.37926409734631683	0.3020479812755998	0.267713954644798	0.23429678676153054
3	500	Random	1.0	0.03632555917128814	0.03393797542422469	0.019559861241744664	0.01987891705137015
2	50	iMF (full)	1.0	0.73367559727031	0.5660620245757753	0.5491577849185809	0.463144034350838
2	50	Popularity	1.0	0.6021301532684178	0.47688706846108836	0.4576835186092667	0.38464868892809007
2	50	kNN (test)	0.9997659449970743	0.7181055221140086	0.5545933294324166	0.5426899812073318	0.4542921896394601
2	50	Normalized kNN (test)	1.0	0.5097499944962605	0.42545348156816853	0.4027035954405873	0.3388792976714329
2	50	kNN (full)	0.9980690462258631	0.7169994064231084	0.5531889994148624	0.5387694841833102	0.45203030624033064
2	1000	Average Rating	1.0	0.018363772160398428	0.020596840257460506	0.012670558917583691	0.012815994805478105
2	1000	iMF (test)	1.0	0.2055943466603498	0.1759508484493856	0.14694582760420105	0.1303277529724284
2	1000	Normalized kNN (full)	0.9232299590403744	0.2791099070880981	0.22697483908718546	0.21244916471642442	0.18082871644316603
2	1000	Random	1.0	0.01876538357843041	0.01702750146284377	0.010026180103432671	0.009815113815118444
2	3481	iMF (full)	1.0	0.29248708707393195	0.23066120538326507	0.1923802061653805	0.17034962972809214
2	3481	Popularity	1.0	0.1404813802208572	0.11667641895845524	0.08105069827614339	0.0762009113824768
2	3481	kNN (test)	1.0	0.25408366333908017	0.19607957870099474	0.1611749093642071	0.14283912784174538
1	50	Average Rating	1.0	0.3679377766897987	0.3282036278525453	0.28060701818432227	0.24705220103054995
1	50	iMF (test)	1.0	0.6594476735186005	0.5244002340550029	0.5049703006213104	0.42341276952516743
2	3481	Normalized kNN (test)	1.0	0.010118018165033063	0.012170860152135752	0.007636347380911213	0.007899564122618528
1	50	Normalized kNN (full)	0.6609128145114102	0.5694622906880945	0.4420128730251609	0.34570947246233164	0.32562318098961457
1	50	Random	1.0	0.20877810431458435	0.18677589233469866	0.1433444457418626	0.13221811150549795
2	3481	kNN (full)	1.0	0.2559771795426478	0.1974253949678174	0.16522942963114282	0.14518395621119362
3	500	iMF (full)	1.0	0.5383398257183032	0.4179052077238151	0.37678720368639446	0.3258498742989406
3	500	Popularity	1.0	0.3353669200554878	0.26998244587478054	0.22152244805085256	0.19654892458450599
3	500	kNN (test)	1.0	0.5007227276590123	0.3878291398478642	0.348294856193507	0.2996785201165015
3	500	Normalized kNN (test)	1.0	0.14127395439680537	0.13779988297249854	0.10359822618816718	0.09474718099866887
1	3481	Average Rating	1.0	0.0064258793422316204	0.005851375073142188	0.0034511426481882786	0.003557246184104915
3	500	kNN (full)	1.0	0.5014505338892006	0.3884142773551784	0.3475803612107968	0.2997120578484818
1	3481	iMF (test)	1.0	0.08757422321520597	0.07442949093036864	0.05790190367889843	0.05171937902550829
1	3481	Normalized kNN (full)	0.9962551199531889	0.12387808845180534	0.10438853130485665	0.10333460789377842	0.08435933328625952
1	3481	Random	1.0	0.005208581931794869	0.004798127559976595	0.0031511430376029836	0.0027852635971877425
2	1000	iMF (full)	1.0	0.44796708078045433	0.3519602106495026	0.30710670165216286	0.26921337917415217
2	1000	Popularity	1.0	0.24954889372320985	0.20473961380924516	0.15423850879986528	0.14261953108846495
2	1000	kNN (test)	1.0	0.4023379691311424	0.31199531889994153	0.2725495806104592	0.2365776380042111
5	500	Average Rating	1.0	0.05856699628863598	0.05833820947922762	0.038125882548436116	0.03777907980189458
5	500	iMF (test)	1.0	0.29998387034088814	0.24985371562317144	0.21768215035769783	0.18894537851296667
5	500	Normalized kNN (full)	0.8446459918080749	0.374204253321158	0.3000585137507314	0.2653011805623712	0.23224277052430628
5	500	Random	1.0	0.036369360394413665	0.032650672908133414	0.021917407072332716	0.020313274797272685
2	1000	Normalized kNN (test)	1.0	0.06564871886998919	0.07173785839672324	0.04768279424729497	0.04741207271560525
2	1000	kNN (full)	1.0	0.40589099638188275	0.3146284376828555	0.2760258889292569	0.23949367355215206
1	50	iMF (full)	1.0	0.7358774594334685	0.5674663545933294	0.5525505671944805	0.46441891481474695
1	50	Popularity	1.0	0.6063200143060697	0.4781743709771797	0.46120155999757145	0.38546645128545354
1	50	kNN (test)	1.0	0.7221599939221117	0.557694558221182	0.5399006926598723	0.4540392206561643
1	50	Normalized kNN (test)	1.0	0.5137038677968431	0.4315389116442364	0.4009323805513642	0.34009665467309674
1	50	kNN (full)	0.9989467524868344	0.7203207197945112	0.5579871269748391	0.5417403065294322	0.4543576949521661
1	1000	Average Rating	1.0	0.028898630388163985	0.029198361614979525	0.017335526055632357	0.017818849459540993
1	1000	iMF (test)	1.0	0.20447259602429238	0.17343475716793444	0.14049775010110305	0.12437119641743055
1	1000	Normalized kNN (full)	0.926214160327677	0.2796279149425158	0.22902282036278526	0.21576190340977572	0.1823734184220503
1	1000	Random	1.0	0.019703110581682327	0.01889994148624927	0.010664111485366706	0.010950674507462869
1	3481	iMF (full)	1.0	0.2858329060488866	0.22586307782328846	0.19128176593980586	0.1680830230950665
1	3481	Popularity	1.0	0.13833811945736674	0.114979520187244	0.07491543494805893	0.07190504486544043
1	3481	kNN (test)	1.0	0.2537263573054953	0.19801053247513165	0.1601225392769722	0.1424324561029027
1	3481	Normalized kNN (test)	1.0	0.010363645698458344	0.012112346401404331	0.007164435595300638	0.0075524528169253645
1	3481	kNN (full)	1.0	0.25588139808519716	0.2029842012873025	0.16308776332524233	0.1461044024414119
5	500	iMF (full)	1.0	0.531518307396724	0.41193680514921005	0.3737114040879629	0.32165436029827366
5	500	Popularity	1.0	0.3332690639705873	0.26887068461088354	0.21940600147649184	0.1943635602095089
5	500	kNN (test)	1.0	0.49518881443214713	0.3834406085430076	0.3464110779574623	0.2962427400127553
5	500	Normalized kNN (test)	1.0	0.13481175874937895	0.13440608543007607	0.09302215692109093	0.09069856160105941
5	500	kNN (full)	1.0	0.49593811976789587	0.38314803978935047	0.3444726736227037	0.29584785209817405
2	500	Average Rating	1.0	0.05247148757028454	0.056290228203627855	0.04019652833845786	0.037927642077426216
2	500	iMF (test)	1.0	0.2938411121361682	0.24569923932124046	0.21388168064786783	0.1857571870244173
2	500	Normalized kNN (full)	0.8438267992978349	0.37327339566542905	0.30058513750731425	0.2664573981567513	0.23445213150562688
2	500	Random	1.0	0.03533075096428901	0.03247513165593915	0.0196614864678618	0.02012183572942957
1	1000	iMF (full)	1.0	0.4511273884045852	0.3510825043885313	0.30818639472363124	0.268738114360043
1	1000	Popularity	1.0	0.2489309362281201	0.20415447630193095	0.15475437108080534	0.14078236763851337
1	1000	kNN (test)	1.0	0.4056262296669531	0.31427735517846694	0.2678933553433405	0.23582017003425465
4	500	Average Rating	1.0	0.043900230073319585	0.04716208308952605	0.03140557685388689	0.030618853604525795
4	500	iMF (test)	1.0	0.29834886060940063	0.2466939730836747	0.2173631698040303	0.18698568333842172
4	500	Normalized kNN (full)	0.8487419543592745	0.3907660500154391	0.30567583382094793	0.27879090455688477	0.2390680731356159
4	500	Random	1.0	0.03382331559954117	0.03200702165008777	0.018348020301187564	0.01887428534898529
1	1000	Normalized kNN (test)	1.0	0.06792847580347738	0.07355178466939731	0.04612500546821364	0.04727279885926366
1	1000	kNN (full)	1.0	0.4089421204853715	0.3189584552369807	0.2714844777281279	0.23937482561978224
4	500	kNN (full)	1.0	0.511917639093553	0.39069631363370394	0.358917945408121	0.30419005213414435
4	500	Popularity	1.0	0.3422630419302202	0.2721474546518432	0.22746331693905464	0.19813230935059667
4	500	kNN (test)	1.0	0.5076390832810331	0.38812170860152134	0.355822536156217	0.30190533160446137
2	500	iMF (full)	1.0	0.5349956379661439	0.4191925102399064	0.37342331476322144	0.3255018079281034
2	500	Popularity	1.0	0.32661960526113437	0.26547688706846106	0.21432798432608502	0.1920615643775574
2	500	kNN (test)	1.0	0.49287227745630957	0.3833235810415448	0.34386773905190154	0.2965953015779224
4	500	Normalized kNN (test)	1.0	0.13445458350040954	0.13241661790520773	0.10039185205571143	0.09220775446744019
1	500	Average Rating	1.0	0.06241254039093702	0.06167349327091867	0.041820830660982154	0.0402967883282853
1	500	iMF (test)	1.0	0.3022985890949881	0.2543592744294909	0.2165302576182182	0.18921977219493646
1	500	Normalized kNN (full)	0.8431831480397893	0.3757933020737726	0.3030427150380339	0.2669950700037174	0.23421770796048888
1	500	Random	1.0	0.034493843310859605	0.03218256290228204	0.01899724162382095	0.019307311061339223
2	500	Normalized kNN (test)	1.0	0.13455691541924444	0.1334113516676419	0.09726050522424812	0.09194636630598448
2	500	kNN (full)	1.0	0.4954134932713922	0.384610883557636	0.34347461140758345	0.29761743949350544
1	500	kNN (full)	1.0	0.4941096811142337	0.3866003510825044	0.343950994328138	0.297265926122411
1	500	Popularity	1.0	0.3253135759891147	0.26541837331772966	0.21263018742999668	0.1906538878669721
1	500	kNN (test)	1.0	0.49357320809203553	0.38425980105324753	0.3413377639757973	0.29502043695254804
4	2	iMF (full)	0.9236980690462258	0.8214238906888252	0.6211819777647747	0.6452146022944577	0.5261349486443526
1	500	Normalized kNN (test)	1.0	0.13332291367231364	0.13627852545348157	0.09409123884485328	0.09160204052691512
1	500	iMF (full)	1.0	0.5370432572764977	0.41930953774136925	0.37985860398751614	0.32733177811064845
4	500	iMF (full)	1.0	0.539411765710583	0.4146284376828555	0.382448902709861	0.32536307130721354
