fold	target size	recommender system	Coverage@10	nDCG@10	P@10	Recall@10	FScore@10
3	100	Average Rating	1.0	0.36680988311253104	0.27531456953642386	0.19350877266258856	0.184512964970297
3	100	iMF (test)	1.0	0.629820916854427	0.5138741721854305	0.44524303359122247	0.38915750780222325
3	100	Normalized kNN (full)	1.0	0.5814003505832167	0.4644370860927152	0.36043820596716536	0.3363132440700924
3	100	Random	1.0	0.14256704158023012	0.13236754966887418	0.08452922416333841	0.08332666783141059
3	100	iMF (full)	1.0	0.7300072709947737	0.5794701986754967	0.5122766320143498	0.4458313853638384
3	100	Popularity	1.0	0.5118269159289891	0.4283112582781457	0.35145528612781446	0.31417418782069406
3	100	kNN (test)	1.0	0.6881802293735404	0.5449834437086093	0.4816010077342851	0.4179266518332553
3	100	Normalized kNN (test)	1.0	0.4156041918826738	0.34299668874172184	0.2512746324772023	0.23587659985141146
3	100	kNN (full)	1.0	0.6941301189783894	0.5487748344370861	0.48342776133416737	0.4206119341087375
2	100	Average Rating	1.0	0.36727096383797125	0.2834271523178808	0.208533847884092	0.19472700788616043
2	100	iMF (test)	1.0	0.623892565772599	0.5105629139072848	0.4487265146260215	0.3909703753352576
1	100	Average Rating	1.0	0.31206506950130486	0.2735430463576159	0.19626775700038335	0.1868077626003926
1	100	iMF (test)	1.0	0.6237805859306231	0.5102649006622516	0.4483475734628387	0.39002271740255506
2	100	Normalized kNN (full)	1.0	0.5821241894611237	0.4659933774834437	0.36004169356075433	0.3378797516937382
2	100	Random	1.0	0.13881714454183414	0.12867549668874173	0.0825637269689595	0.08169118339141924
1	100	Normalized kNN (full)	1.0	0.5804383768718941	0.4638907284768212	0.3621154465319291	0.3381975988357403
1	100	Random	1.0	0.14010205287986482	0.13048013245033113	0.08365729962691291	0.08246046828975225
2	100	iMF (full)	1.0	0.7262981589891202	0.5801490066225166	0.511184999565677	0.4476733669707474
2	100	Popularity	1.0	0.5119202629307477	0.42387417218543044	0.3488064640124821	0.3116778157378224
1	100	iMF (full)	1.0	0.726096719021723	0.5774172185430464	0.5092712515102973	0.44571239534168
2	100	kNN (test)	1.0	0.6899068453058061	0.5460430463576159	0.48321204094710557	0.4202556220473499
1	100	Popularity	1.0	0.521885377993574	0.43362582781456954	0.3573488770412913	0.3187695762589755
1	100	kNN (test)	1.0	0.6905409530193966	0.5464569536423841	0.4837883666482833	0.4208329610905139
2	100	Normalized kNN (test)	1.0	0.4108539547495075	0.34246688741721854	0.2569264848360628	0.23895681329086127
2	100	kNN (full)	1.0	0.6959132802567893	0.5507450331125828	0.48367419648377163	0.4226929442908832
1	100	Normalized kNN (test)	1.0	0.4048164282514388	0.3355298013245033	0.24610433231008616	0.23197212692965016
1	100	kNN (full)	1.0	0.695321343471614	0.5488576158940397	0.48379017108397376	0.42196008038382277
3	200	Average Rating	1.0	0.2738723317242137	0.22475165562913907	0.15846846696419778	0.15049006014432523
3	200	iMF (test)	1.0	0.5519372763829182	0.4508278145695364	0.37309465516526336	0.3331902041746103
3	200	Normalized kNN (full)	1.0	0.5316440297505742	0.42427152317880795	0.33079818698975444	0.3068928577080766
3	200	Random	1.0	0.08375101489485473	0.07885761589403974	0.04391983727621222	0.046125563455197666
3	200	iMF (full)	1.0	0.686101705265996	0.5438907284768212	0.4696508494603907	0.4125567987379763
3	200	Popularity	1.0	0.44118747921628665	0.35771523178807946	0.26957547137275883	0.2500722762348493
3	200	kNN (test)	1.0	0.63368365541491	0.4970695364238411	0.42911837834628236	0.37516054694448514
3	200	Normalized kNN (test)	1.0	0.330847822054002	0.2862582781456954	0.203078783638883	0.19313690550874008
3	200	kNN (full)	1.0	0.6412762319470081	0.5028973509933775	0.43357805651504944	0.37957337172584693
2	200	Average Rating	1.0	0.25216569377344433	0.2083774834437086	0.15200500607693757	0.1426193693255077
1	200	Average Rating	1.0	0.24076922378882085	0.2093708609271523	0.15421306814352248	0.14436893606615112
2	200	iMF (test)	1.0	0.5450001646326168	0.44925496688741723	0.37671313261535855	0.33551487371295075
1	200	iMF (test)	1.0	0.5414448571632676	0.4435264900662252	0.3703304446589787	0.32993595510961293
2	200	Normalized kNN (full)	1.0	0.5325299303439257	0.4267218543046358	0.3317003310881366	0.30955193711917595
2	200	Random	1.0	0.08476376689724133	0.07832781456953643	0.04626954854520417	0.04688091407557025
1	200	Normalized kNN (full)	1.0	0.529757203124627	0.42394039735099337	0.3327274373156219	0.3094275159787724
1	200	Random	1.0	0.08376832400614057	0.07920529801324504	0.04550415207812319	0.047089388290218574
2	200	iMF (full)	1.0	0.6825515305253236	0.5445860927152318	0.4687428232788527	0.4142544609277105
2	200	Popularity	1.0	0.4424708743186477	0.3544867549668874	0.267851629956004	0.24844124366532316
1	200	iMF (full)	1.0	0.6858963758992518	0.5445198675496689	0.4701924785014552	0.41436402424543756
1	200	Popularity	1.0	0.4469329629991421	0.3601490066225166	0.27552338551357275	0.25321166764222025
2	200	kNN (test)	1.0	0.6369875194395459	0.4995860927152318	0.42921831328611215	0.3776195505671738
1	200	kNN (test)	1.0	0.6336454053982157	0.49635761589403976	0.42933517488141315	0.3759983277188841
2	200	Normalized kNN (test)	1.0	0.32416375402181663	0.2827317880794702	0.20427854131200487	0.19296475506766458
1	200	Normalized kNN (test)	1.0	0.3175106047952224	0.27195364238410596	0.19317545312255904	0.18421232852491057
2	200	kNN (full)	1.0	0.6432878652726115	0.50591059602649	0.43309160747965697	0.38196119914472176
1	200	kNN (full)	1.0	0.6401598599425101	0.500976821192053	0.43166922738424607	0.3792421954571624
1	5	Average Rating	0.9851324503311258	0.7529220315406716	0.6095529801324503	0.5754963719987677	0.48556002635998413
3	50	Average Rating	1.0	0.5127975085602369	0.40211920529801326	0.29907229183943035	0.2792294018463709
1	5	iMF (test)	0.9851324503311258	0.8433705147438895	0.6659271523178808	0.6197736898891987	0.5302833464046208
3	50	iMF (test)	1.0	0.6894088451063975	0.561274834437086	0.4987012471213679	0.4316613695239983
1	5	Normalized kNN (full)	0.9851324503311258	0.7553156363080769	0.6013245033112583	0.556505655282999	0.47323047272542734
1	5	Random	0.9851324503311258	0.5449682566677597	0.4591887417218543	0.471184476133553	0.379231679693361
3	50	Normalized kNN (full)	1.0	0.6143578371273243	0.49087748344370863	0.3851390220326501	0.3570828699590974
3	50	Random	1.0	0.2156180694890339	0.19682119205298013	0.13944940559821803	0.13199192199272655
1	5	iMF (full)	0.9851324503311258	0.8255132945095017	0.6484933774834437	0.6068423683084485	0.5175286597127016
1	5	Popularity	0.9851324503311258	0.7592448609925794	0.6005794701986755	0.5796443800178765	0.4852419187526403
1	5	kNN (test)	0.9851324503311258	0.8197987846716618	0.6424337748344371	0.6050290360187133	0.5140437709516723
3	50	iMF (full)	1.0	0.759441864212663	0.6016887417218543	0.5399974361628637	0.4673923371793728
3	50	Popularity	1.0	0.5598586153543397	0.47857615894039734	0.41651459283458286	0.36420113132333204
3	50	kNN (test)	1.0	0.7138364262296972	0.5670529801324503	0.5103010288583316	0.4392992400631352
1	50	Average Rating	1.0	0.4121342392079175	0.36374172185430464	0.27500754991426674	0.2555679351349712
2	50	Average Rating	1.0	0.513016874389184	0.40203642384105964	0.304838644311462	0.2824941990431683
1	5	Normalized kNN (test)	0.9851324503311258	0.7767592020845038	0.625546357615894	0.5937054481318221	0.5015082520931559
1	50	iMF (test)	1.0	0.6912595913076284	0.5626158940397351	0.5048844419069286	0.4363404160123772
1	5	kNN (full)	0.9851324503311258	0.8169067232213171	0.6403807947019867	0.6024677671988444	0.511764229693043
2	50	iMF (test)	1.0	0.6934538647693104	0.5646523178807947	0.506342173185741	0.438294375902694
3	50	Normalized kNN (test)	1.0	0.5057409140970007	0.4172350993377483	0.327530433049102	0.2975980106818125
1	50	Normalized kNN (full)	1.0	0.6139518390668507	0.49167218543046354	0.3873543630714141	0.36004348071765335
1	50	Random	1.0	0.2146866949865869	0.19678807947019866	0.14087517156703167	0.1333080882197715
3	50	kNN (full)	1.0	0.7205972718931792	0.5702317880794702	0.5112128828292921	0.44098969878108213
2	50	Normalized kNN (full)	1.0	0.6162345701709989	0.4927483443708609	0.38633482773868766	0.3593601787774692
2	50	Random	1.0	0.20864816327032482	0.19213576158940399	0.13438096873544136	0.12863305813631631
1	50	iMF (full)	1.0	0.7593687060127713	0.601953642384106	0.5390607594937143	0.46903260179821094
1	50	Popularity	1.0	0.5675458448886054	0.48152317880794704	0.4215698144387536	0.3673405935113014
2	50	iMF (full)	1.0	0.757079715307828	0.6021688741721855	0.5405809214995078	0.4697866679555477
2	50	Popularity	1.0	0.5618035785001212	0.47647350993377485	0.41618091365358895	0.3638921226033891
1	50	kNN (test)	1.0	0.7165953572482806	0.5689735099337748	0.512449558721641	0.44264915639467123
2	50	kNN (test)	1.0	0.7167164053910982	0.5687086092715232	0.5135384547000909	0.4429314974053173
1	50	Normalized kNN (test)	1.0	0.48531882594005343	0.4022185430463576	0.31280842461385105	0.287378352444542
2	50	Normalized kNN (test)	1.0	0.5040982123861375	0.4135927152317881	0.3274570531378694	0.2975562666062179
1	50	kNN (full)	1.0	0.7220782117695074	0.570728476821192	0.5118478331287342	0.44310703629968784
2	50	kNN (full)	1.0	0.7233524209992059	0.5734602649006623	0.5141043524359367	0.4453086734521562
1	20	Average Rating	1.0	0.44114513236675007	0.3951324503311258	0.3197864076872142	0.28638865095451643
1	20	iMF (test)	1.0	0.7387257310175198	0.6006456953642384	0.549516790059443	0.47078224079951675
1	20	Normalized kNN (full)	1.0	0.6507318593582212	0.5234933774834437	0.43424965462418863	0.39174080427175123
1	20	Random	1.0	0.34448300534508813	0.3069701986754967	0.25375548155448563	0.2264608909758158
3	2000	Average Rating	1.0	0.05861023302796052	0.06230132450331126	0.03836300594020847	0.03863117235693185
3	2000	iMF (test)	1.0	0.22261639042950135	0.18899006622516556	0.13919204637103819	0.12934740661281632
3	2000	Normalized kNN (full)	1.0	0.26253308487049337	0.21605960264900662	0.1896683007775451	0.16312225482660297
3	2000	Random	1.0	0.012030647441596026	0.010960264900662252	0.005622236383676208	0.005853135547294802
1	20	iMF (full)	1.0	0.7784833269335094	0.6188079470198675	0.5663022565018696	0.48729829623112564
1	20	Popularity	1.0	0.5925241169183582	0.5029139072847681	0.47314987270167197	0.39539320328058297
1	20	kNN (test)	1.0	0.7297866929116352	0.5809602649006622	0.5367151244950176	0.45733982848410903
3	2000	iMF (full)	1.0	0.4502695215238692	0.360976821192053	0.27876334237093114	0.2553923905687897
3	2000	Popularity	1.0	0.23298520218138077	0.19947019867549667	0.123039791316341	0.12342716748428177
1	20	Normalized kNN (test)	1.0	0.5541769448262022	0.45576158940397354	0.40800285572389466	0.3472926514991262
3	2000	kNN (test)	1.0	0.4081326256402258	0.3217218543046358	0.24755457764918928	0.2261324462360495
1	20	kNN (full)	1.0	0.7380986246080466	0.5853311258278145	0.5390012486190858	0.4602063222056766
1	2000	Average Rating	1.0	0.050468029079184434	0.05486754966887418	0.03531449052183488	0.03509302156703665
2	2000	Average Rating	1.0	0.0623633342925653	0.06769867549668875	0.04462414741107033	0.04337722188279671
1	2000	iMF (test)	1.0	0.2148142359218757	0.18382450331125827	0.13605594387137426	0.12645622003621465
2	2000	iMF (test)	1.0	0.2168479676951329	0.18569536423841057	0.13564166814311776	0.12714715844088215
1	2000	Normalized kNN (full)	1.0	0.25915989830764635	0.21468543046357616	0.18808222762848795	0.16206828155858813
1	2000	Random	1.0	0.011146237328088001	0.010480132450331126	0.005251869451444266	0.005666770811876517
2	2000	Normalized kNN (full)	1.0	0.259005806810901	0.215794701986755	0.18692971043694417	0.16224411637045213
2	2000	Random	1.0	0.010536533065515672	0.010198675496688741	0.0051566806293314406	0.005549570384445554
3	2000	Normalized kNN (test)	1.0	0.07919350287350875	0.08493377483443709	0.04795731542978407	0.05146430424912703
3	2000	kNN (full)	1.0	0.41074297183455555	0.32281456953642385	0.25066949204138655	0.22756269934146614
3	3706	Average Rating	1.0	0.016157669009139782	0.020413907284768214	0.010538791024920014	0.011505535385975558
3	3706	iMF (test)	1.0	0.1434563918803817	0.12572847682119204	0.08690222140008953	0.08266474561565577
3	3706	Normalized kNN (full)	1.0	0.1727277858554996	0.1463245033112583	0.13185913773472022	0.11128046602303011
3	3706	Random	1.0	0.005619888040658986	0.005364238410596026	0.0028166801057984336	0.0029437220042545804
1	2000	iMF (full)	1.0	0.4473546672013142	0.3583609271523179	0.27990462363789886	0.25481498458196267
1	2000	Popularity	1.0	0.21480248794882664	0.19178807947019869	0.11947356530801741	0.11901122778780658
2	2000	iMF (full)	1.0	0.4446699011482627	0.3595529801324503	0.27638783140703377	0.25504618147521074
2	2000	Popularity	1.0	0.21307546503862312	0.19322847682119204	0.11925880108383573	0.1205460774143997
1	2000	kNN (test)	1.0	0.39858030924002025	0.3145364238410596	0.24401948383207445	0.22227644803037364
2	2000	kNN (test)	1.0	0.39956088974992454	0.3182615894039735	0.2418338656547473	0.22356286068453138
1	2000	Normalized kNN (test)	1.0	0.09859322517809717	0.0978476821192053	0.054424901141142124	0.05833431496040941
1	2000	kNN (full)	1.0	0.4026739373778877	0.3174337748344371	0.24721964369652408	0.22478227606152823
2	2000	Normalized kNN (test)	1.0	0.07470664349785157	0.08149006622516557	0.04716006149817076	0.05008757752970864
2	2000	kNN (full)	1.0	0.40329748659990977	0.3208112582781457	0.24694968358284444	0.22650349225896813
1	10	Average Rating	1.0	0.6534337060119952	0.5354635761589404	0.48997776844382945	0.41514794230394153
1	10	iMF (test)	1.0	0.7939741900441384	0.6378476821192053	0.5923790442091267	0.5053213054428859
1	10	Normalized kNN (full)	1.0	0.7016392643702677	0.5620198675496688	0.494651880490155	0.4314787233582832
1	10	Random	1.0	0.46197045729415237	0.39839403973509935	0.3712974309176644	0.31315809339195216
3	3706	iMF (full)	1.0	0.3603385156373559	0.29127483443708607	0.21582282261596905	0.2008092641679135
3	3706	Popularity	1.0	0.17098256441647924	0.1456291390728477	0.08334995244718131	0.08611383679729186
1	3706	Average Rating	1.0	0.016400977497289717	0.021440397350993377	0.012280810782296647	0.01293060390949719
3	3706	kNN (test)	1.0	0.3197219126703091	0.2540066225165563	0.18777805956208307	0.17373833358611288
2	3706	Average Rating	1.0	0.015076396943542512	0.018294701986754966	0.010664276767179515	0.010997070004017987
1	3706	iMF (test)	1.0	0.1414909590731592	0.12276490066225165	0.08715780531162931	0.08226257168395874
2	3706	iMF (test)	1.0	0.14413065533658992	0.12403973509933776	0.08816006284377415	0.08331383545912209
1	3706	Normalized kNN (full)	1.0	0.1706261587894294	0.14500000000000002	0.13142961017695037	0.11111517877468716
1	3706	Random	1.0	0.006669284024290331	0.006043046357615894	0.0032321635003589224	0.0033599790129258864
2	3706	Normalized kNN (full)	1.0	0.1680089220034084	0.14395695364238412	0.13090867397693073	0.1104144419740825
2	3706	Random	1.0	0.005994321336578836	0.005811258278145695	0.0028407559602651538	0.003059848049906308
3	3706	Normalized kNN (test)	1.0	0.04176069379828109	0.0468046357615894	0.022170399397475442	0.025551788839879894
3	3706	kNN (full)	1.0	0.32313846353978104	0.25682119205298015	0.19324072581436288	0.17720557299069697
1	10	iMF (full)	1.0	0.7990230132361824	0.6330794701986755	0.5858619507122924	0.5019878988759847
1	10	Popularity	1.0	0.6699892051143159	0.5623675496688741	0.5350642568914658	0.4478340747593787
1	10	kNN (test)	1.0	0.7712507769551425	0.6132450331125828	0.5741811912873558	0.48723318027627205
1	3706	iMF (full)	1.0	0.3610169641368067	0.2918211920529801	0.2200120157755977	0.20317835353895727
1	3706	Popularity	1.0	0.171448864007565	0.14589403973509935	0.08700460334989468	0.08755458896951955
1	3706	kNN (test)	1.0	0.3195949799532942	0.2522682119205298	0.190010101747848	0.1744094994299382
2	3706	iMF (full)	1.0	0.35571266839105703	0.28894039735099336	0.21403455791573148	0.200040576068088
2	3706	Popularity	1.0	0.16948828911356792	0.14549668874172186	0.08483639581685883	0.08779494968795501
1	10	Normalized kNN (test)	1.0	0.6757235383204876	0.5554966887417219	0.5222010557409624	0.43732821115753895
2	3706	kNN (test)	1.0	0.3175405877332266	0.25256622516556293	0.18749984471697428	0.1742879911018511
1	10	kNN (full)	1.0	0.7742958525653372	0.6131456953642385	0.571790251180505	0.486362629794367
1	3706	Normalized kNN (test)	1.0	0.043855395315661704	0.04793046357615894	0.02380938149831722	0.02722314623845999
1	3706	kNN (full)	1.0	0.32163226860163235	0.2545860927152318	0.19392227769439707	0.17732965753888816
2	3706	Normalized kNN (test)	1.0	0.033459335648169386	0.03879139072847682	0.020057252698668586	0.022245751947402685
2	3706	kNN (full)	1.0	0.32138255927247505	0.25572847682119204	0.19330024903229273	0.17796529028275238
3	1000	Average Rating	1.0	0.10167288375822059	0.08867549668874172	0.05475775674823792	0.05501220507676856
3	1000	iMF (test)	1.0	0.29884972813975497	0.253658940397351	0.18944728271732592	0.17557281833728192
3	1000	Normalized kNN (full)	1.0	0.3442070885587985	0.2809602649006622	0.23889123117000066	0.20992520890502167
3	1000	Random	1.0	0.021909125309677122	0.021009933774834438	0.010334741368840968	0.011294048330839768
1	1	Average Rating	0.9134271523178809	0.8445454546630337	0.661092715231788	0.6240760428457177	0.5314901307333101
1	1	iMF (test)	0.9134271523178809	0.8688113814496402	0.6818874172185431	0.6343952167324997	0.5442020503979411
1	1	Normalized kNN (full)	0.9134271523178809	0.8025654952332929	0.6347682119205298	0.5978732082199197	0.5069805639908671
1	1	Random	0.9134271523178809	0.6572992185704927	0.5293543046357616	0.5500283224547307	0.4471601311495756
1	1000	Average Rating	1.0	0.07042323097259097	0.07293046357615894	0.0453476069669692	0.045784557334098655
1	1000	iMF (test)	1.0	0.2959508316800828	0.24859271523178808	0.18872888060032814	0.17410097100822355
2	1000	Average Rating	1.0	0.09905432553390363	0.10187086092715233	0.06807400787829858	0.06592963450072231
2	1000	iMF (test)	1.0	0.30237314985547153	0.2546523178807947	0.19176996031136614	0.17799191881639279
3	1000	iMF (full)	1.0	0.5187664475453356	0.41713576158940396	0.331502769481204	0.3005107797597663
3	1000	Popularity	1.0	0.2719024079308552	0.23764900662251656	0.1565865598083911	0.1526026672931265
1	1000	Normalized kNN (full)	1.0	0.34080798271042023	0.27816225165562913	0.23733646404449493	0.20844914603340217
1	1000	Random	1.0	0.021397998545134526	0.020182119205298013	0.010143466473173197	0.010866868201438116
3	1000	kNN (test)	1.0	0.46085687796741304	0.3611092715231788	0.28788578199704934	0.25929145752487237
2	1000	Normalized kNN (full)	1.0	0.34892264312831706	0.2861258278145695	0.24069414743521997	0.2132877449727079
2	1000	Random	1.0	0.02127412643565952	0.020331125827814572	0.00997287092515273	0.010887285213206721
3	1000	Normalized kNN (test)	1.0	0.12520069170669168	0.12105960264900663	0.07731430910716239	0.07786433618577955
3	1000	kNN (full)	1.0	0.4695164775767061	0.3675662251655629	0.29705283349918116	0.26555025004298005
1	1	iMF (full)	0.9134271523178809	0.8390919914548289	0.658228476821192	0.6190155994158307	0.5275606050157636
1	1	Popularity	0.9134271523178809	0.7963040818406099	0.6241887417218542	0.603863174766908	0.5076550625142747
1	1	kNN (test)	0.9134271523178809	0.8410398747002362	0.6589735099337748	0.621178849989152	0.5287307892847591
1	1000	iMF (full)	1.0	0.5193295541664635	0.4155960264900662	0.3345580135625914	0.3015510394758329
1	1000	Popularity	1.0	0.2687438915045043	0.23350993377483445	0.1534471264494578	0.15000014400731843
1	1000	kNN (test)	1.0	0.4581160978113635	0.35829470198675495	0.2865117934181518	0.2582280290895124
2	1000	iMF (full)	1.0	0.520150285076928	0.4195364238410596	0.3332319255280344	0.30365390945270765
2	1000	Popularity	1.0	0.26686480817006397	0.23509933774834438	0.15391227412215047	0.15157416144752325
1	1	Normalized kNN (test)	0.9134271523178809	0.8564886666395439	0.6698675496688742	0.6297565696310105	0.5376835301203519
2	1000	kNN (test)	1.0	0.46261519026772846	0.3638741721854305	0.28798807085018163	0.2615709401079676
1	1	kNN (full)	0.9134271523178809	0.8363263290447268	0.6553311258278145	0.617550705050137	0.5252261874904642
1	1000	Normalized kNN (test)	1.0	0.13740774188185276	0.12644039735099338	0.0775183757777859	0.0791732034988003
1	1000	kNN (full)	1.0	0.46551851925197985	0.36480132450331126	0.29371601866302827	0.2638384222224514
2	1000	Normalized kNN (test)	1.0	0.12108727913744205	0.12062913907284768	0.07742151654755679	0.0780018213777877
2	1000	kNN (full)	1.0	0.4709000290834399	0.3716721854304636	0.29767198904919295	0.2684911401228807
3	500	Average Rating	1.0	0.13987047098628064	0.11963576158940398	0.078137795853633	0.07649205041230649
3	500	iMF (test)	1.0	0.39660172317589404	0.3323841059602649	0.26357171442056976	0.23882554352699492
3	500	Normalized kNN (full)	1.0	0.4350768376147566	0.35259933774834434	0.28718391827742323	0.259435189354516
3	500	Random	1.0	0.040190931781785406	0.03763245033112583	0.020015761549552983	0.021048927618727415
1	2	Average Rating	0.9373178807947019	0.8436889256210219	0.660364238410596	0.62295553072355	0.5306306695466315
1	2	iMF (test)	0.9373178807947019	0.8668379715117852	0.6809933774834437	0.6334009599886582	0.5431733953795814
1	2	Normalized kNN (full)	0.9373178807947019	0.7920678835439076	0.628294701986755	0.5891456326515121	0.4998299416827068
1	2	Random	0.9373178807947019	0.6278740337446298	0.5136092715231788	0.5338920992459759	0.4322498934137599
1	500	Average Rating	1.0	0.11831704148009015	0.11031456953642385	0.07450273130590723	0.0720636003158293
1	500	iMF (test)	1.0	0.39798471382307843	0.33223509933774836	0.26387220414688095	0.23987968935578569
2	500	Average Rating	1.0	0.13541379650992488	0.12109271523178808	0.08105990066770778	0.07865916455586358
2	500	iMF (test)	1.0	0.3974979001702534	0.33400662251655633	0.2655820460203566	0.24165817684302832
1	500	Normalized kNN (full)	1.0	0.43405269381697503	0.35130794701986756	0.2867770481780264	0.2597658181331331
1	500	Random	1.0	0.03976866010857443	0.03708609271523179	0.019875417944546815	0.021016058486394033
2	500	Normalized kNN (full)	1.0	0.43657957205870834	0.3558112582781457	0.28883768265739607	0.26221669499518313
2	500	Random	1.0	0.04059571248880527	0.039254966887417225	0.021255013038661348	0.02227723718559611
3	500	iMF (full)	1.0	0.5954505406538656	0.47799668874172185	0.3948761874269114	0.35261632541258114
3	500	Popularity	1.0	0.3455234789127556	0.29258278145695366	0.20586460893703126	0.19594542339666668
3	500	kNN (test)	1.0	0.5393019150926806	0.42822847682119203	0.35234924098579595	0.3138970555978479
3	500	Normalized kNN (test)	1.0	0.17976227095761632	0.16804635761589404	0.11698055529896721	0.11284194545315476
3	500	kNN (full)	1.0	0.5471612892964928	0.4329801324503311	0.35844557614851014	0.3182854940252494
1	2	iMF (full)	0.9373178807947019	0.8376348073522012	0.6569039735099338	0.6173191558414085	0.5260591958772385
1	2	Popularity	0.9373178807947019	0.7948909140933008	0.6231622516556291	0.6024267074446791	0.5064824625095596
1	2	kNN (test)	0.9373178807947019	0.8398145636738894	0.6583278145695365	0.6200447440288871	0.5279583444085197
1	500	iMF (full)	1.0	0.5934996443353071	0.4748841059602649	0.39233883140185405	0.35127559078930043
1	500	Popularity	1.0	0.3468246743085914	0.2915397350993378	0.2063395377834635	0.19577004825743194
1	500	kNN (test)	1.0	0.5385809157006854	0.4254139072847682	0.3518986052366156	0.31342740539812475
2	500	iMF (full)	1.0	0.5927309272523237	0.4784602649006623	0.3942503295561528	0.35415008613779925
2	500	Popularity	1.0	0.34323522674811385	0.29124172185430464	0.20444754571591067	0.1957217747959251
1	2	Normalized kNN (test)	0.9373178807947019	0.8542174368707537	0.6685430463576159	0.6279055713375453	0.536202919821182
2	500	kNN (test)	1.0	0.5395097060195246	0.42884105960264896	0.3509321692939342	0.31458196619133594
1	2	kNN (full)	0.9373178807947019	0.8346293356976494	0.6542384105960265	0.6158491399669493	0.5239466449109452
1	500	Normalized kNN (test)	1.0	0.20241582105986317	0.1837913907284768	0.12300308500914942	0.12073291606500874
1	500	kNN (full)	1.0	0.5458369857915224	0.43038079470198676	0.35567850983409666	0.3172824514460132
2	500	Normalized kNN (test)	1.0	0.19398656849642343	0.18215231788079472	0.12435017253709163	0.12144550268010734
2	500	kNN (full)	1.0	0.54664260062067	0.43461920529801323	0.35605285623277133	0.3190872681194307
3	5	Average Rating	0.9834437086092715	0.724191604223236	0.5991721854304636	0.5694613057431225	0.47732578652958385
3	5	iMF (test)	0.9834437086092715	0.8118138040164244	0.6537748344370862	0.6061522081578327	0.5165649103487253
3	5	Normalized kNN (full)	0.9834437086092715	0.7422946228931598	0.5947185430463576	0.5509381845337219	0.46621884914779815
3	5	Random	0.9834437086092715	0.5628659738625151	0.472317880794702	0.48218926342282714	0.3884841022111295
2	5	Average Rating	0.9846854304635762	0.720122811157441	0.5982284768211921	0.5708027582240902	0.47951488496181816
2	5	iMF (test)	0.9846854304635762	0.8152934636499231	0.658476821192053	0.6122235742198889	0.5236028200474365
2	5	Normalized kNN (full)	0.9846854304635762	0.7445995061775842	0.5961589403973511	0.5525527212425604	0.4695962782429907
2	5	Random	0.9846854304635762	0.5562510783880568	0.4674337748344371	0.47694428674823175	0.3860594082305077
3	5	iMF (full)	0.9834437086092715	0.8094805470367491	0.6400662251655629	0.5981570983294187	0.5080977795096071
3	5	Popularity	0.9834437086092715	0.6836938021301775	0.5764238410596026	0.557534532762903	0.4635260785961975
3	5	kNN (test)	0.9834437086092715	0.7829234950671741	0.6245364238410596	0.5881678964629438	0.4967682382092697
3	5	Normalized kNN (test)	0.9834437086092715	0.7407329663845251	0.6086258278145695	0.5761109555828283	0.48397225247075826
3	5	kNN (full)	0.9834437086092715	0.7864271698869327	0.6252152317880795	0.5867004842574485	0.4963323400332046
2	5	iMF (full)	0.9846854304635762	0.8089601554345377	0.6437086092715232	0.6018400703254284	0.5133850161408271
2	5	Popularity	0.9846854304635762	0.689984784228715	0.579635761589404	0.5639964869558988	0.46957309672761804
2	5	kNN (test)	0.9846854304635762	0.7851636374850895	0.6266390728476822	0.5919775261347673	0.5015119582408499
2	5	Normalized kNN (test)	0.9846854304635762	0.7484778715216075	0.6144701986754967	0.5851098029567304	0.4931023074729236
2	5	kNN (full)	0.9846854304635762	0.7892355226092865	0.6284437086092716	0.5911821650657053	0.5018028239186451
3	20	Average Rating	1.0	0.5540043964635678	0.44566225165562917	0.36536933108617714	0.3243328515302243
3	20	iMF (test)	1.0	0.7411168385298446	0.6033940397350993	0.5488943100745598	0.4701649534916252
3	20	Normalized kNN (full)	1.0	0.6528230919293411	0.5242384105960265	0.4331539560557885	0.38971538125449545
3	20	Random	1.0	0.34993554309256897	0.3089072847682119	0.2557649279688516	0.22710760680586525
2	20	Average Rating	1.0	0.546917101799336	0.43917218543046355	0.3554896549918789	0.3193495254827883
2	20	iMF (test)	1.0	0.7392177477504689	0.6038741721854305	0.5540292815679333	0.4745627711386984
2	20	Normalized kNN (full)	1.0	0.6519868160820502	0.5242549668874172	0.43187913807482553	0.39077975111180474
2	20	Random	1.0	0.35024786044924827	0.3115562913907285	0.26066390566151143	0.23110642721061195
3	20	iMF (full)	1.0	0.7780635969496854	0.6180132450331126	0.5637832656496158	0.48430981464725886
3	20	Popularity	1.0	0.5837743296448811	0.49865894039735104	0.4668178933790788	0.39073039646377933
3	20	kNN (test)	1.0	0.7273902288901763	0.5792715231788079	0.5350540210731044	0.45409298136029264
3	20	Normalized kNN (test)	1.0	0.5800866308813865	0.4742384105960265	0.421800814542323	0.35915750121305684
3	20	kNN (full)	1.0	0.7359735328237653	0.5845364238410596	0.535910441877013	0.45715454937628947
2	20	iMF (full)	1.0	0.7735583174809453	0.6174006622516556	0.5632195636702421	0.48575520887799106
2	20	Popularity	1.0	0.5845200520856328	0.4964238410596027	0.4630411023713122	0.3898009237785488
2	20	kNN (test)	1.0	0.7292233582004782	0.5800993377483444	0.5360434593474939	0.4566361986436022
2	20	Normalized kNN (test)	1.0	0.5708698514201492	0.4663576158940398	0.4156050124629496	0.3551169610533692
2	20	kNN (full)	1.0	0.7383378232515329	0.5873344370860927	0.5387945686858381	0.46124453309026486
3	10	Average Rating	0.9999834437086093	0.6626165676548232	0.5426158940397351	0.4941422213946198	0.4193175888844368
3	10	iMF (test)	0.9999834437086093	0.7908467858576306	0.6377649006622517	0.587379581383315	0.5013077732438517
3	10	Normalized kNN (full)	0.9999834437086093	0.6997349655129049	0.5600496688741722	0.48994018678558077	0.42661388173549325
3	10	Random	0.9999834437086093	0.4533238778805185	0.3905960264900662	0.3714780114013059	0.3075129220672559
2	10	Average Rating	0.9999834437086093	0.615762010898799	0.5082119205298014	0.45834903339965055	0.3912911388948556
2	10	iMF (test)	0.9999834437086093	0.7711945903414302	0.625728476821192	0.5774228479301553	0.4935460863700441
2	10	Normalized kNN (full)	0.9999834437086093	0.6937236971384707	0.5565066225165564	0.4909401256482944	0.42739908128736787
2	10	Random	0.9999834437086093	0.4637527381031724	0.39908940397350995	0.3731762928936135	0.31404615405833197
3	10	iMF (full)	0.9999834437086093	0.7995303883406604	0.6322350993377484	0.5839772414584775	0.49926565193808203
3	10	Popularity	0.9999834437086093	0.6634718551239539	0.5585596026490066	0.5289888349030906	0.44291859504837366
3	10	kNN (test)	0.9999834437086093	0.7716563583384464	0.6139238410596026	0.5728652708177215	0.4852839810190956
3	10	Normalized kNN (test)	0.9999834437086093	0.6881136228421526	0.5630794701986755	0.5254274670991432	0.44014860238464165
2	10	iMF (full)	0.9999834437086093	0.7881020751477172	0.627384105960265	0.5780734711581745	0.4962502597430947
2	10	Popularity	0.9999834437086093	0.6239387111249243	0.5299172185430463	0.5042000719373415	0.42098975707199904
3	10	kNN (full)	0.9999834437086093	0.7743316603760353	0.6137913907284769	0.5693978213870162	0.48388716856737884
2	10	kNN (test)	0.9999834437086093	0.7504837247106136	0.5970033112582782	0.5575937670489294	0.4730586779173169
2	10	Normalized kNN (test)	0.9999834437086093	0.6454310310834761	0.5283112582781457	0.4928247465192173	0.41265381921995126
2	10	kNN (full)	0.9999834437086093	0.7579979759681541	0.6023013245033113	0.5592607197544417	0.47626953150802076
3	1	Average Rating	0.9124006622516556	0.8436671523114962	0.6605960264900662	0.6209824602379098	0.5282922394963957
3	1	iMF (test)	0.9124006622516556	0.8671521793223611	0.6813576158940396	0.6319491966334021	0.5410038060667284
3	1	Normalized kNN (full)	0.9124006622516556	0.8007162509427024	0.6332119205298014	0.5946559192767469	0.5031275018240123
3	1	Random	0.9124006622516556	0.6583783024932032	0.5297516556291391	0.5473717707363402	0.4441323148307792
2	1	Average Rating	0.9148675496688742	0.8451614956454924	0.6639403973509933	0.6258253591919948	0.5344030189151704
2	1	iMF (test)	0.9148675496688742	0.8696701923194201	0.6847350993377483	0.6369604854590116	0.5471804367477224
2	1	Normalized kNN (full)	0.9148675496688742	0.8019004225749482	0.635248344370861	0.5977680643666282	0.5076238504878675
2	1	Random	0.9148675496688742	0.6577825991421964	0.5326986754966887	0.5517902016064692	0.44984458184495146
3	1	iMF (full)	0.9124006622516556	0.8364956335749197	0.6557450331125827	0.6154833886855714	0.5231648654761906
3	1	Popularity	0.9124006622516556	0.7909194624293208	0.6204139072847682	0.6003270312585013	0.503388094941145
3	1	kNN (test)	0.9124006622516556	0.8390670431598406	0.6571523178807946	0.6175869586146271	0.5248701709632251
2	1	iMF (full)	0.9148675496688742	0.836280599354552	0.6583112582781456	0.6186351572045551	0.5278336325063171
2	1	Popularity	0.9148675496688742	0.7941024723052548	0.6244205298013245	0.6044269181075935	0.5090381222160617
2	1	kNN (test)	0.9148675496688742	0.8394461463472479	0.6593046357615894	0.6211738226402228	0.5296969836678297
3	1	Normalized kNN (test)	0.9124006622516556	0.8550390670099226	0.669635761589404	0.6269233717464385	0.5347202277539307
3	1	kNN (full)	0.9124006622516556	0.8354982764155172	0.6547682119205298	0.6146850767955035	0.5222568157970545
2	1	Normalized kNN (test)	0.9148675496688742	0.857064100497136	0.6729966887417219	0.6313369147020624	0.5405006472319698
2	1	kNN (full)	0.9148675496688742	0.8361470675174575	0.6579139072847683	0.6187994500117401	0.5277849039830138
2	0	Average Rating	0.8872019867549669	0.8474075403613259	0.6653973509933775	0.6278237204701573	0.5360383347295474
2	0	iMF (test)	0.8872019867549669	0.8705614482671457	0.6858278145695363	0.6375563727236112	0.5478626890032146
3	2	Average Rating	0.9365562913907285	0.8430090568458684	0.6600993377483444	0.6202052880907046	0.5277021366227933
2	0	Normalized kNN (full)	0.8872019867549669	0.8143656300782315	0.6423841059602649	0.6066734808133536	0.5153326793579326
2	0	Random	0.8872019867549669	0.6949399953832172	0.5516225165562915	0.5686137394224247	0.4661657686187533
2	2	Average Rating	0.939023178807947	0.8447141922132334	0.6636092715231787	0.6253029759461016	0.5340036080470704
3	2	iMF (test)	0.9365562913907285	0.8673042066747118	0.6814735099337749	0.6316497314497467	0.5408791775203413
2	2	iMF (test)	0.939023178807947	0.868579348958509	0.6842218543046358	0.6359319014001298	0.5465683134410707
3	2	Normalized kNN (full)	0.9365562913907285	0.7884719843404203	0.6256622516556292	0.5849099721427028	0.49498867191187024
3	2	Random	0.9365562913907285	0.6291992573407373	0.5125331125827814	0.5312461021621435	0.42913590532765633
2	2	Normalized kNN (full)	0.939023178807947	0.7908344560610333	0.6282615894039735	0.5885712048176734	0.5000471838382657
2	2	Random	0.939023178807947	0.6273067485837368	0.5130132450331125	0.5335931773274898	0.43226067924332406
2	0	iMF (full)	0.8872019867549669	0.838803991998048	0.659817880794702	0.6206792586782627	0.5294683875114724
2	0	Popularity	0.8872019867549669	0.7943555430339567	0.6245198675496688	0.6047188869922776	0.5091673786383619
2	0	kNN (test)	0.8872019867549669	0.8400757199422964	0.659635761589404	0.6216203169112203	0.5300712001473068
3	2	iMF (full)	0.9365562913907285	0.8347626308241913	0.6551324503311259	0.6142378341939247	0.5222533829376594
3	2	Popularity	0.9365562913907285	0.7893599165530637	0.6194701986754967	0.5989472029374477	0.502295507780062
2	2	iMF (full)	0.939023178807947	0.8351075766105055	0.6574337748344371	0.617099318616795	0.5266319808124361
2	2	Popularity	0.939023178807947	0.7924268602916744	0.623294701986755	0.6028271377371178	0.5077423717771071
3	2	kNN (test)	0.9365562913907285	0.8382348531430303	0.65658940397351	0.6168056533672622	0.5242240893343378
2	2	kNN (test)	0.939023178807947	0.8384959580830625	0.6586920529801324	0.619932686109351	0.5289486939139938
2	0	Normalized kNN (test)	0.8872019867549669	0.8582370468152637	0.6738741721854304	0.632206652763901	0.5413282263531675
2	0	kNN (full)	0.8872019867549669	0.8376749229737842	0.6587417218543047	0.6199600944629475	0.5287336335742094
3	2	Normalized kNN (test)	0.9365562913907285	0.8528242757228197	0.6685264900662252	0.6254050880158204	0.5334829878512025
2	2	Normalized kNN (test)	0.939023178807947	0.8554860079280908	0.6719536423841059	0.629886582933022	0.5393248276111884
3	2	kNN (full)	0.9365562913907285	0.8340532542594884	0.6538410596026489	0.6132130660064398	0.5211469915733533
2	2	kNN (full)	0.939023178807947	0.8346736595152392	0.6567880794701987	0.6171128584575989	0.5264622721984205
3	0	Average Rating	0.8848509933774834	0.8471996867180133	0.663046357615894	0.6242639814884855	0.5310191686910116
3	0	iMF (test)	0.8848509933774834	0.8689168416454699	0.683228476821192	0.6335006021227112	0.542650654277882
5	100	Average Rating	1.0	0.3859405376210451	0.29317880794701984	0.2101051519445156	0.1986610618675632
5	100	iMF (test)	1.0	0.6309341959804518	0.5169370860927153	0.45231004831566757	0.39528982911051347
3	0	Normalized kNN (full)	0.8848509933774834	0.8124578781139489	0.6400993377483444	0.6031090572834908	0.5104170207558784
3	0	Random	0.8848509933774834	0.6922610233443227	0.5471357615894039	0.5638050163887933	0.4597857228641839
5	100	Normalized kNN (full)	1.0	0.5837342470211484	0.46745033112582784	0.36195591849364683	0.33921386357482375
5	100	Random	1.0	0.1405777168340289	0.13064569536423842	0.08350328638132874	0.08240602127564134
3	0	iMF (full)	0.8848509933774834	0.8376717414083118	0.6566225165562913	0.6168123534264788	0.524116660401972
3	0	Popularity	0.8848509933774834	0.7911317275206814	0.620546357615894	0.6005927860151501	0.5035555108676644
3	0	kNN (test)	0.8848509933774834	0.8396120473391265	0.6574503311258278	0.6180766175024648	0.5252232297918364
5	100	iMF (full)	1.0	0.727578784894793	0.5816059602649006	0.512563053616757	0.4494715369465826
5	100	Popularity	1.0	0.5137212917942443	0.4277814569536424	0.3494575856873946	0.3140380619086418
5	100	kNN (test)	1.0	0.6904894326318373	0.5491059602649007	0.48557608613436937	0.4231270744663864
3	0	Normalized kNN (test)	0.8848509933774834	0.8575747656179942	0.6710264900662252	0.62827940272883	0.5360210078085025
5	100	Normalized kNN (test)	1.0	0.42984960996748495	0.35788079470198675	0.2618478996968659	0.2470869677777352
3	0	kNN (full)	0.8848509933774834	0.8369869660564357	0.6556622516556291	0.6160333633507438	0.5233006409852322
5	100	kNN (full)	1.0	0.6957311702270349	0.5534437086092715	0.486993262179888	0.42567135362146163
5	200	Average Rating	1.0	0.18504750921569613	0.1721026490066225	0.12439192448783572	0.11708157728494184
5	200	iMF (test)	1.0	0.5497885430878141	0.45322847682119205	0.3771876010772254	0.33726476246525566
5	200	Normalized kNN (full)	1.0	0.5355195822573593	0.42917218543046354	0.3344981850484911	0.3114488842000037
5	200	Random	1.0	0.08498869065844486	0.07985099337748344	0.0463498472736561	0.04726888200228254
5	200	iMF (full)	1.0	0.6859012098377125	0.546407284768212	0.47127111006920486	0.4164240821816695
5	200	Popularity	1.0	0.440983312690569	0.35397350993377485	0.2628331155660236	0.24677079210435815
5	200	kNN (test)	1.0	0.6363887995797585	0.5004635761589404	0.43083984369682804	0.3789166854246247
5	200	Normalized kNN (test)	1.0	0.35068418575298077	0.29894039735099337	0.20934543997393812	0.20108164921418242
5	200	kNN (full)	1.0	0.6435393409105664	0.507317880794702	0.4377285710784056	0.3844374276347289
5	50	Average Rating	1.0	0.5030865537619578	0.39753311258278146	0.2924071743475112	0.2759463908362857
5	50	iMF (test)	1.0	0.6899503716691244	0.5657781456953642	0.5063206883660738	0.43908417732161614
5	50	Normalized kNN (full)	1.0	0.6159012466878204	0.4929635761589404	0.3882616821605625	0.3602831609632185
5	50	Random	1.0	0.21642284356832728	0.19769867549668874	0.1395290667598723	0.1328336522248587
5	50	iMF (full)	1.0	0.7597113749461717	0.6044867549668874	0.5416327176216205	0.4718464778059206
5	50	Popularity	1.0	0.5613730944461277	0.47768211920529796	0.4150276832631686	0.36404991931420105
5	50	kNN (test)	1.0	0.7157376189291687	0.5709437086092716	0.5131822748059341	0.44419460454864956
5	50	Normalized kNN (test)	1.0	0.504254793043479	0.41779801324503313	0.3287022998437319	0.29937668799836226
5	50	kNN (full)	1.0	0.7217273769961142	0.5749172185430463	0.5137502777908161	0.44645976046457947
5	2000	Average Rating	1.0	0.06186666138021189	0.06887417218543046	0.04679167933002788	0.04496979174998728
5	2000	iMF (test)	1.0	0.21832898085208738	0.1869205298013245	0.1377544188015029	0.12832232792424297
5	2000	Normalized kNN (full)	1.0	0.25750598402167363	0.21415562913907285	0.1866749155214143	0.1613404141275007
5	2000	Random	1.0	0.01103498964691497	0.010496688741721855	0.005340206130000041	0.005678354150315535
5	2000	iMF (full)	1.0	0.4451217251321436	0.35844370860927155	0.27680109636059247	0.25418844044788563
5	2000	Popularity	1.0	0.21571628236403592	0.19473509933774835	0.12137224672390551	0.12131327094818058
5	2000	kNN (test)	1.0	0.40020438999359453	0.3171523178807947	0.24317563536609416	0.22315467665741898
5	2000	Normalized kNN (test)	1.0	0.09087234453286114	0.09259933774834438	0.05095257153574204	0.05501032171062399
5	2000	kNN (full)	1.0	0.4028733180104288	0.31932119205298015	0.24654340989705423	0.2252234266323611
5	3706	Average Rating	1.0	0.011491252713346898	0.014983443708609271	0.008789737416711072	0.008962916473065909
5	3706	iMF (test)	1.0	0.14360452494042375	0.12392384105960265	0.08761621587370437	0.08285366481181258
5	3706	Normalized kNN (full)	1.0	0.17159097733758477	0.14625827814569536	0.13228757784879333	0.11146754069498002
5	3706	Random	1.0	0.006095285572398018	0.005728476821192053	0.002642374193612129	0.003014557929432828
5	3706	iMF (full)	1.0	0.36171284171385515	0.2921523178807947	0.21763432973651115	0.20260372654394299
5	3706	Popularity	1.0	0.17310352390243947	0.14748344370860927	0.08760476646512394	0.08925787636395921
5	3706	kNN (test)	1.0	0.3184361211420461	0.2531291390728477	0.18808240412146845	0.1744086659045811
5	3706	Normalized kNN (test)	1.0	0.04590823558743678	0.04975165562913907	0.023583421246888628	0.027286497926836115
5	3706	kNN (full)	1.0	0.32028346344042663	0.2551324503311258	0.19184314327060423	0.17682119986684336
5	1000	Average Rating	1.0	0.09303825635643155	0.08975165562913907	0.058575955817343546	0.05757498252762186
5	1000	iMF (test)	1.0	0.29697848706897967	0.2516887417218543	0.1900141481203911	0.17600856986192462
5	1000	Normalized kNN (full)	1.0	0.3425849742084713	0.2802980132450331	0.23688276381841472	0.20892769695127508
5	1000	Random	1.0	0.020265719560078575	0.01903973509933775	0.009595036085242137	0.010271364455664147
5	1000	iMF (full)	1.0	0.5177424534028205	0.41526490066225163	0.3318994836582299	0.30080794783139925
5	1000	Popularity	1.0	0.28201334654654137	0.24359271523178808	0.16278412269512849	0.1587248852443188
5	1000	kNN (test)	1.0	0.46046563818596126	0.3612748344370861	0.28766043936383706	0.26015567995600425
5	1000	Normalized kNN (test)	1.0	0.14068823065383518	0.13125827814569538	0.079557391350967	0.08222639910027647
5	1000	kNN (full)	1.0	0.46646639551964175	0.3668046357615894	0.29432796670450584	0.2647870535925358
5	500	Average Rating	1.0	0.10116032869516713	0.09622516556291391	0.06355815620306239	0.06216078044404472
5	500	iMF (test)	1.0	0.3887783009361033	0.32678807947019867	0.2582607589902927	0.23561300879848124
5	500	Normalized kNN (full)	1.0	0.43495207842529104	0.35266556291390727	0.2864808131620184	0.25934381141939655
5	500	Random	1.0	0.039062457711827946	0.03753311258278146	0.01836532241324173	0.02028081058332291
5	500	iMF (full)	1.0	0.5940379183523027	0.4773344370860927	0.39506502128704646	0.3536446809615366
5	500	Popularity	1.0	0.3441185230380217	0.28832781456953643	0.20090232121419063	0.19313729347776468
5	500	kNN (test)	1.0	0.5363885740524057	0.42647350993377486	0.34963367965706144	0.31333329593282305
5	500	Normalized kNN (test)	1.0	0.19170084371299617	0.17395695364238412	0.11411564782720254	0.11379817850460223
5	500	kNN (full)	1.0	0.5452035530302473	0.43324503311258283	0.3559044408223233	0.3185950817723267
5	5	Average Rating	0.985546357615894	0.7576994138568208	0.6163907284768212	0.5786519371431781	0.49161967160128156
5	5	iMF (test)	0.985546357615894	0.8411399468443206	0.6699834437086093	0.6191755074521589	0.5330355945528242
5	5	Normalized kNN (full)	0.985546357615894	0.7545505415439768	0.6022682119205298	0.5517886816223716	0.4725521471088228
5	5	Random	0.985546357615894	0.5478194420571235	0.4622847682119205	0.4707296166788625	0.38203896656119046
5	5	iMF (full)	0.985546357615894	0.8239736009096296	0.6495695364238411	0.6048882763301179	0.5184181076104478
5	5	Popularity	0.985546357615894	0.7540275317129571	0.6005960264900662	0.5775076494759718	0.48617734915717986
5	5	kNN (test)	0.985546357615894	0.8199034148281775	0.645430463576159	0.6040701618313808	0.51625632174657
5	5	Normalized kNN (test)	0.985546357615894	0.7827260000493831	0.6311920529801325	0.5930657116877243	0.5045715398336399
5	5	kNN (full)	0.985546357615894	0.8173672306099652	0.6442880794701987	0.6014876542551549	0.5145165130927642
5	20	Average Rating	1.0	0.5444449957963711	0.4426158940397351	0.3543198058197021	0.32062521071789424
5	20	iMF (test)	1.0	0.7386593323686271	0.6027152317880795	0.5499307478664814	0.47283595852571797
5	20	Normalized kNN (full)	1.0	0.6498883444050711	0.5236258278145695	0.4293166430110247	0.38996264996982766
5	20	Random	1.0	0.3484930983366528	0.3101158940397351	0.2563862956185247	0.22933044500480784
5	20	iMF (full)	1.0	0.7770346433367469	0.6207450331125828	0.5652486132325923	0.48886742114439835
5	20	Popularity	1.0	0.5868654261411854	0.49970198675496685	0.46774807699552995	0.39284779053616325
5	20	kNN (test)	1.0	0.7284915668057941	0.5827317880794701	0.5352755895390945	0.45826281012612297
5	20	Normalized kNN (test)	1.0	0.5677045204668798	0.46791390728476817	0.41554220802893616	0.3552448576898339
5	20	kNN (full)	1.0	0.7361780131190965	0.5886258278145695	0.5362807599329398	0.46188167180965223
5	10	Average Rating	0.9999503311258278	0.6108548124040829	0.5068211920529802	0.4491580682136586	0.3864626900558115
5	10	iMF (test)	0.9999503311258278	0.7720327877692389	0.6272350993377483	0.5760382467189612	0.494304672040873
5	10	Normalized kNN (full)	0.9999503311258278	0.6926152903911429	0.5579635761589404	0.48922355488295843	0.42824820628894533
5	10	Random	0.9999503311258278	0.4536234435522356	0.3954801324503311	0.3662011797579937	0.31024525142656795
5	10	iMF (full)	0.9999503311258278	0.7908390261828384	0.6293211920529801	0.5787000236843557	0.49816061254442134
5	10	Popularity	0.9999503311258278	0.622992924306033	0.5308774834437087	0.5022348677677556	0.42118838899245464
5	10	kNN (test)	0.9999503311258278	0.749511797888928	0.599884105960265	0.5560005621141978	0.47468541950491744
5	10	Normalized kNN (test)	0.9999503311258278	0.6477944230747675	0.5325165562913907	0.49148891977503395	0.4143749683906873
5	10	kNN (full)	0.9999503311258278	0.7562590737578269	0.6041887417218543	0.5582500000638745	0.47742648084443035
4	100	Average Rating	1.0	0.3924004212185026	0.3063907284768212	0.21757628461400932	0.2081750696771531
4	100	iMF (test)	1.0	0.6306782384637549	0.5143874172185431	0.4485781224099399	0.39292640776775556
5	1	Average Rating	0.9155132450331126	0.8444888612580348	0.6658112582781457	0.6245797322183855	0.5353738501331166
4	100	Normalized kNN (full)	1.0	0.5803020347293117	0.4639072847682119	0.36068474662626976	0.33694107653948147
4	100	Random	1.0	0.1421127407629536	0.1305132450331126	0.08264007542650924	0.08241836418181696
5	1	iMF (test)	0.9155132450331126	0.8688961615722579	0.6853476821192053	0.6343178885630231	0.5472601110699801
5	1	Normalized kNN (full)	0.9155132450331126	0.800737789660617	0.6366721854304636	0.5968871869140977	0.5087379072432071
5	1	Random	0.9155132450331126	0.6623563348608665	0.5345695364238411	0.5495629624477472	0.45022461033883604
4	100	iMF (full)	1.0	0.7306239746597696	0.5830629139072847	0.5108712503675675	0.4490649148447011
4	100	Popularity	1.0	0.5143277199648908	0.4300827814569536	0.3537632637610976	0.3166947899050063
4	100	kNN (test)	1.0	0.6874081215264702	0.545546357615894	0.48252635941594935	0.4202333883298359
5	1	iMF (full)	0.9155132450331126	0.8372446841345693	0.6597682119205298	0.6168820137483081	0.528491647785513
5	1	Popularity	0.9155132450331126	0.7924830493586851	0.6245364238410596	0.6015716030774695	0.5086851164526106
5	1	kNN (test)	0.9155132450331126	0.8390086876278734	0.6595529801324503	0.6179976436161264	0.5292059181655733
4	100	Normalized kNN (test)	1.0	0.41414180960676356	0.34440397350993374	0.25488694161410336	0.23885448712065796
4	100	kNN (full)	1.0	0.6919530161843599	0.5481291390728477	0.4821551959953889	0.4214741202167943
5	1	Normalized kNN (test)	0.9155132450331126	0.8530183295751274	0.6720529801324503	0.6277884023497502	0.5392642018461121
5	1	kNN (full)	0.9155132450331126	0.8364979549756955	0.6585430463576158	0.6167890078571743	0.5280895134465867
4	200	Average Rating	1.0	0.25928382165939234	0.22124172185430463	0.1581221394397435	0.1505470689003722
4	200	iMF (test)	1.0	0.5418732761928751	0.44597682119205295	0.3711969457235449	0.3318986929564705
4	200	Normalized kNN (full)	1.0	0.5291153664735737	0.42403973509933773	0.33181234811296284	0.3083084840232457
4	200	Random	1.0	0.08409791877638585	0.07895695364238411	0.044889261834122396	0.046373103011813833
5	2	Average Rating	0.9391721854304637	0.8437248728077562	0.6651655629139073	0.6235898248667231	0.5346078987295173
5	2	iMF (test)	0.9391721854304637	0.8682362846340873	0.6853476821192053	0.633657205995313	0.546829093037568
5	2	Normalized kNN (full)	0.9391721854304637	0.7908181647219954	0.6296688741721854	0.587329165644727	0.5009983177966143
5	2	Random	0.9391721854304637	0.63526185581836	0.5149503311258279	0.5305678388197932	0.43278596284662973
4	200	iMF (full)	1.0	0.6863750066854947	0.5464403973509934	0.46948619619160903	0.4151737835873509
4	200	Popularity	1.0	0.44118840900708917	0.35693708609271524	0.2708027353526119	0.25091426977520065
4	200	kNN (test)	1.0	0.631148627536759	0.49579470198675496	0.4264319108468676	0.3749063286218526
5	2	iMF (full)	0.9391721854304637	0.8353353414895713	0.6581788079470199	0.6154994448361979	0.5273090901516082
5	2	Popularity	0.9391721854304637	0.7910719132518568	0.6235761589403974	0.6001376543918652	0.5075642287215417
5	2	kNN (test)	0.9391721854304637	0.8382275795009189	0.6591059602649006	0.6173193493202825	0.5286803305675404
4	200	Normalized kNN (test)	1.0	0.3228579004931084	0.2825993377483444	0.2013718958934151	0.19186939805247266
4	200	kNN (full)	1.0	0.6389779992037411	0.5028145695364239	0.43240918415037144	0.38076973449083085
5	2	Normalized kNN (test)	0.9391721854304637	0.8514962791554116	0.6711920529801324	0.6267349676497924	0.5383382987408347
5	2	kNN (full)	0.9391721854304637	0.8349175692332641	0.6575993377483443	0.6153159518476944	0.5269627638822411
4	50	Average Rating	1.0	0.5004941514187379	0.39033112582781454	0.28602129939940446	0.2704509712436942
4	50	iMF (test)	1.0	0.6937638967348323	0.5629635761589404	0.5038491515262449	0.4367319411962312
4	50	Normalized kNN (full)	1.0	0.6153311494436312	0.4930298013245033	0.3859760099614486	0.3590050171664827
4	50	Random	1.0	0.20969088304113886	0.19288079470198677	0.13594016201424244	0.1295435547518261
5	0	Average Rating	0.8878807947019868	0.8460749574969456	0.6669370860927153	0.6260254549099691	0.5366199588042194
5	0	iMF (test)	0.8878807947019868	0.8676806087876783	0.6851490066225165	0.6345239786523882	0.5472266076111808
5	0	Normalized kNN (full)	0.8878807947019868	0.8130966984886967	0.643112582781457	0.604168174740702	0.5154540206653551
5	0	Random	0.8878807947019868	0.69119662223408	0.5493708609271523	0.5646602183565259	0.46470330194304005
4	50	iMF (full)	1.0	0.7592961826676516	0.6033112582781457	0.5382683101671774	0.4695504613515826
4	50	Popularity	1.0	0.5614243045513589	0.47902317880794704	0.4174107581980715	0.3653217608625936
4	50	kNN (test)	1.0	0.7139609025949366	0.5678973509933775	0.5111210765257163	0.4419522468513497
4	50	Normalized kNN (test)	1.0	0.5071694964252853	0.4179470198675497	0.3271744951933547	0.2993944856695122
5	0	iMF (full)	0.8878807947019868	0.8387789355777906	0.6599834437086093	0.6176928541162265	0.5290909627101418
5	0	Popularity	0.8878807947019868	0.7926707139119823	0.6246688741721854	0.6017837469858054	0.5088457962409662
4	50	kNN (full)	1.0	0.7196898105052061	0.5710264900662252	0.5111102868384418	0.4435315561319673
5	0	kNN (test)	0.8878807947019868	0.8397255961209131	0.6599503311258278	0.6186025294403831	0.5296753356357313
5	0	Normalized kNN (test)	0.8878807947019868	0.8566133125244001	0.6741059602649007	0.6296668955335454	0.5410561555651519
5	0	kNN (full)	0.8878807947019868	0.8380542615813192	0.6593046357615894	0.617890861301743	0.5289724505604687
4	2000	Average Rating	1.0	0.05517508054234136	0.054701986754966896	0.03405859966763631	0.03438406433604853
4	2000	iMF (test)	1.0	0.2187845442213811	0.18629139072847684	0.13725009729871793	0.12748409457986937
4	2000	Normalized kNN (full)	1.0	0.256804941580117	0.21216887417218544	0.18551943165781581	0.15980166285220923
4	2000	Random	1.0	0.010887272215558685	0.010562913907284768	0.005310241565298409	0.005753323819342214
4	2000	iMF (full)	1.0	0.44763385356385355	0.360976821192053	0.28005180636898	0.2569660650337395
4	2000	Popularity	1.0	0.22734725957878127	0.19241721854304636	0.12035238439412024	0.11982226328501959
4	2000	kNN (test)	1.0	0.3995082830695127	0.31427152317880797	0.2443864716231413	0.2225846029715229
4	2000	Normalized kNN (test)	1.0	0.08322710644368105	0.08832781456953642	0.0487641204452792	0.052834697304280746
4	2000	kNN (full)	1.0	0.40258931052337105	0.3175165562913907	0.24708136868928232	0.22519082075963143
4	3706	Average Rating	1.0	0.011100841442814976	0.013625827814569539	0.008394424183994142	0.008471926251470115
4	3706	iMF (test)	1.0	0.14665111018700142	0.1258609271523179	0.09014961205362389	0.08460105787565947
4	3706	Normalized kNN (full)	1.0	0.1712500127191773	0.14730132450331127	0.1335521656788172	0.11267187393490438
4	3706	Random	1.0	0.005348701901030093	0.005347682119205299	0.0026604717520833728	0.002874895123138685
4	3706	iMF (full)	1.0	0.36300524434159176	0.2945364238410596	0.22077989255678387	0.20459770697981447
4	3706	Popularity	1.0	0.17135433796440236	0.14478476821192052	0.08611652945217599	0.08749842721790353
4	3706	kNN (test)	1.0	0.31872825187223525	0.2520198675496689	0.1883061905951696	0.17420021027266763
4	3706	Normalized kNN (test)	1.0	0.04431390410405628	0.04933774834437086	0.023818626819092123	0.027286915561088514
4	3706	kNN (full)	1.0	0.32108443360408323	0.2544867549668874	0.19301082112550094	0.17720850137662927
4	1000	Average Rating	1.0	0.06748918670755519	0.06375827814569537	0.04039058708634759	0.04032785906351877
4	1000	iMF (test)	1.0	0.2985651537818763	0.250976821192053	0.19110155309091773	0.17532752448547068
4	1000	Normalized kNN (full)	1.0	0.34343296199193385	0.2796523178807947	0.23852119008575437	0.20942388173224571
4	1000	Random	1.0	0.02228318370311664	0.02077814569536424	0.010339402985141723	0.01116325646286542
4	1000	iMF (full)	1.0	0.5234203192597676	0.42119205298013246	0.3354597588704195	0.3051303097386201
4	1000	Popularity	1.0	0.2771372363828535	0.24008278145695364	0.15950010478319626	0.15566633093704646
4	1000	kNN (test)	1.0	0.46029647632944587	0.3597019867549669	0.28937388497080546	0.2602111591982477
4	1000	Normalized kNN (test)	1.0	0.13992913657411202	0.1335927152317881	0.08170711723762991	0.08403800682736942
4	1000	kNN (full)	1.0	0.4675094233791758	0.36668874172185434	0.296332808687927	0.26603682985829014
4	500	Average Rating	1.0	0.11537260847401887	0.0997682119205298	0.06788239849974788	0.06586445403860956
4	500	iMF (test)	1.0	0.39508344357054853	0.33026490066225167	0.26365938667650457	0.23847491230424617
4	500	Normalized kNN (full)	1.0	0.43421745880952467	0.3523675496688742	0.2858705993788409	0.2591920269693402
4	500	Random	1.0	0.03995893992378766	0.038228476821192056	0.01923611990884374	0.02130575603959194
4	500	iMF (full)	1.0	0.5970324936464083	0.47955298013245035	0.39400539018746283	0.3547293959681429
4	500	Popularity	1.0	0.3410718651929318	0.29091059602649005	0.2055664269316006	0.19584649515124974
4	500	kNN (test)	1.0	0.5382702783804483	0.4259437086092715	0.3502046438627523	0.3129771606732319
4	500	Normalized kNN (test)	1.0	0.20074706156107522	0.1837251655629139	0.12147903697573549	0.12018942621306425
4	500	kNN (full)	1.0	0.5473213724728034	0.4341721854304636	0.35786129088479707	0.3196958478628208
4	5	Average Rating	0.9833112582781457	0.7085348006316277	0.5921688741721854	0.558973460738283	0.47177842527351393
4	5	iMF (test)	0.9833112582781457	0.8125765150157823	0.6560099337748345	0.6064011432254195	0.5204572246193842
4	5	Normalized kNN (full)	0.9833112582781457	0.7441832140046469	0.596523178807947	0.5497456136436176	0.46882476696994474
4	5	Random	0.9833112582781457	0.5597493526515113	0.4677649006622517	0.4767765822348234	0.3867605328050594
4	5	iMF (full)	0.9833112582781457	0.8127225282017281	0.6456291390728477	0.6005994089850115	0.5140567625052282
4	5	Popularity	0.9833112582781457	0.6893337521779818	0.5814072847682119	0.5614567138984333	0.4697673545064271
4	5	kNN (test)	0.9833112582781457	0.7833845550678364	0.6265066225165563	0.5886102401130641	0.5003279472987282
4	5	Normalized kNN (test)	0.9833112582781457	0.7454654392783396	0.6140397350993377	0.5813115469828168	0.4915917217793402
4	5	kNN (full)	0.9833112582781457	0.78724758533666	0.6276324503311258	0.586840780689106	0.5002440782366867
4	20	Average Rating	1.0	0.5412376187876479	0.4348344370860927	0.34587505856545325	0.3135625071057892
4	20	iMF (test)	1.0	0.7401428517019821	0.6038245033112583	0.5487455576532199	0.4723100060432277
4	20	Normalized kNN (full)	1.0	0.6510847198912101	0.5249006622516557	0.4291644179788941	0.3902125211223873
4	20	Random	1.0	0.3475910439284563	0.3109437086092715	0.2568782529794633	0.22939638551761088
4	20	iMF (full)	1.0	0.777398268101668	0.6208940397350993	0.5627723186067374	0.4875909003617562
4	20	Popularity	1.0	0.5863742125209124	0.5008774834437086	0.46901255202418385	0.3940157502196517
4	20	kNN (test)	1.0	0.7274015515830721	0.5802317880794702	0.5346221830531642	0.45661484000300573
4	20	Normalized kNN (test)	1.0	0.5753483793109796	0.4716225165562914	0.4166460054661131	0.3577203078564413
4	20	kNN (full)	1.0	0.7355488813013507	0.585546357615894	0.5360995587027779	0.4599893031941576
4	10	Average Rating	1.0	0.6412617643163296	0.5293046357615894	0.47301071266037875	0.40704912962096096
4	10	iMF (test)	1.0	0.7924553007875172	0.6394701986754967	0.5876343120196791	0.5048104556780267
4	10	Normalized kNN (full)	1.0	0.7048581075105729	0.565	0.49416583473492737	0.43263115577114636
4	10	Random	1.0	0.4555674862246191	0.3938576158940397	0.37024092356301525	0.3102416811225368
4	10	iMF (full)	1.0	0.8001467649619587	0.6361258278145695	0.5836490507815678	0.503185717213866
4	10	Popularity	1.0	0.6676333441244787	0.5622350993377484	0.531667666799776	0.44769400985122354
4	10	kNN (test)	1.0	0.7714626990030333	0.6152152317880795	0.5720191953611422	0.48796295860024136
4	10	Normalized kNN (test)	1.0	0.6822760390512137	0.5601986754966888	0.5198234957258977	0.4389759397402801
4	10	kNN (full)	1.0	0.7746196334282587	0.615794701986755	0.5691419304854736	0.4872854598341612
4	1	Average Rating	0.9127317880794701	0.8412528528577545	0.6640728476821192	0.6215054044109551	0.5326701969180678
4	1	iMF (test)	0.9127317880794701	0.868191765322576	0.6848675496688742	0.6328618032021047	0.5458913347273562
4	1	Normalized kNN (full)	0.9127317880794701	0.8033714099264484	0.6370364238410595	0.5969178503928975	0.5082535418419997
4	1	Random	0.9127317880794701	0.659029188672123	0.5308112582781457	0.5488709336376291	0.4482238246026712
4	1	iMF (full)	0.9127317880794701	0.8405974357505014	0.661705298013245	0.6178669991829107	0.5293342160061124
4	1	Popularity	0.9127317880794701	0.794312778532281	0.6248344370860928	0.6018701538242005	0.5083113069724807
4	1	kNN (test)	0.9127317880794701	0.8396763021050326	0.6597350993377483	0.6184081023890637	0.5289464788299918
4	1	Normalized kNN (test)	0.9127317880794701	0.8550957313834918	0.6733774834437086	0.6283161077483657	0.5396922135801757
4	1	kNN (full)	0.9127317880794701	0.8369905420016701	0.6581291390728476	0.6158454100090107	0.527042569978575
4	2	Average Rating	0.9368543046357617	0.8404324130639491	0.6633940397350994	0.6204654459330827	0.5318582520254456
4	2	iMF (test)	0.9368543046357617	0.8666897251316751	0.6838079470198675	0.6316996380959817	0.5448944344741795
4	2	Normalized kNN (full)	0.9368543046357617	0.7915537658892164	0.628360927152318	0.5849872652497433	0.49865497521119595
4	2	Random	0.9368543046357617	0.629536288502929	0.5129966887417219	0.5294056156626185	0.43067865872221395
4	2	iMF (full)	0.9368543046357617	0.8387482164921599	0.6602980132450331	0.6159640956001157	0.5277805871840093
4	2	Popularity	0.9368543046357617	0.7928665700700667	0.623774834437086	0.6002435400038781	0.5070879091261051
4	2	kNN (test)	0.9368543046357617	0.8388187240328968	0.6590397350993378	0.6172984963953518	0.528112643494998
4	2	Normalized kNN (test)	0.9368543046357617	0.8529343497826211	0.6720529801324503	0.6263942795765375	0.538204445429454
4	2	kNN (full)	0.9368543046357617	0.8353978103429689	0.657069536423841	0.6141819028943447	0.5257719691566267
4	0	Average Rating	0.8850993377483444	0.8474876607842179	0.6679470198675497	0.6263067923302079	0.5368020562457604
4	0	iMF (test)	0.8850993377483444	0.8688266712209886	0.6847847682119206	0.6334753417991738	0.5462066900739331
4	0	Normalized kNN (full)	0.8850993377483444	0.8151128643434231	0.6431456953642384	0.6039998542152866	0.5146813175723307
4	0	Random	0.8850993377483444	0.6916053848653343	0.5497185430463577	0.5646417512615874	0.4640701089861651
4	0	iMF (full)	0.8850993377483444	0.8421778847288937	0.661887417218543	0.6184321582459321	0.5297314088504372
4	0	Popularity	0.8850993377483444	0.7945053088495581	0.6249503311258278	0.6020402500083696	0.5084482210096188
4	0	kNN (test)	0.8850993377483444	0.8403125880493219	0.6600993377483444	0.6188847587349254	0.5293524806056294
4	0	Normalized kNN (test)	0.8850993377483444	0.8586663572916813	0.6756788079470198	0.6303177861904993	0.541695392776003
4	0	kNN (full)	0.8850993377483444	0.8382438726083494	0.6589900662251655	0.6170025824906865	0.5280134765415023
1	0	Average Rating	0.8862417218543046	0.8470022119427171	0.6628476821192053	0.6266057385914732	0.5334869467101532
1	0	iMF (test)	0.8862417218543046	0.8684045437647916	0.6823509933774834	0.6349326022179445	0.5446067642985428
1	0	Normalized kNN (full)	0.8862417218543046	0.8155495199972693	0.6417715231788079	0.6065243946646115	0.5143584605759948
1	0	Random	0.8862417218543046	0.6941246766422619	0.5496026490066225	0.566874911832326	0.463505337019696
1	0	iMF (full)	0.8862417218543046	0.8404158808993115	0.6582615894039735	0.6200819499605257	0.5280915476174978
1	0	Popularity	0.8862417218543046	0.7965102568331279	0.6243543046357616	0.6041136872235462	0.5078530075863433
1	0	kNN (test)	0.8862417218543046	0.8416586429669529	0.659271523178808	0.6215321165717232	0.5290849182785429
1	0	Normalized kNN (test)	0.8862417218543046	0.8579967545464536	0.6710264900662252	0.6310364405575993	0.5388508516057274
1	0	kNN (full)	0.8862417218543046	0.837905353161478	0.6562251655629139	0.6188660122594839	0.5262546218887754
