fold	target size	recommender system	Coverage@10	nDCG@10	P@10	Recall@10	FScore@10
1	0	kNN (full)	0.8331578947368422	0.8629655449894302	0.6197368421052631	0.7440780322760618	0.5773845175476966
1	0	Random	0.8331578947368422	0.7623107416079399	0.5557894736842105	0.7023005823245433	0.5321368641886973
1	0	iMF (full)	0.8331578947368422	0.8572876809150917	0.6144736842105263	0.7380387194018729	0.5720957629662765
1	0	Popularity	0.8331578947368422	0.8436107501337631	0.6078947368421053	0.7368087954986222	0.5690748581409886
1	0	kNN (test)	0.8331578947368422	0.865450152024175	0.6231578947368421	0.7477245693608142	0.5807293331956616
1	0	Normalized kNN (test)	0.8331578947368422	0.8734699542822724	0.6278947368421053	0.7502861268387103	0.584092521409942
1	0	Average Rating	0.8331578947368422	0.8692660860022131	0.623421052631579	0.750318511203859	0.5826849212721746
1	0	Normalized kNN (full)	0.8331578947368422	0.8387245431129445	0.6052631578947368	0.7308499562671662	0.5645355606353134
1	0	iMF (test)	0.8331578947368422	0.8612250608741135	0.6173684210526316	0.7448928305720269	0.5773482958828667
2	0	kNN (full)	0.8350000000000001	0.8527694547700084	0.6171052631578947	0.7231208558205672	0.5667548456745617
2	0	Random	0.8350000000000001	0.7584553664931636	0.56	0.6905103708666009	0.5290638997867837
2	0	iMF (full)	0.8350000000000001	0.8512372846296017	0.6157894736842106	0.7204589733140002	0.5648061436406042
2	0	Popularity	0.8350000000000001	0.838900391585478	0.6110526315789473	0.7214650059504744	0.5634168200397447
2	0	kNN (test)	0.8350000000000001	0.8581440317584423	0.6202631578947368	0.7270089411288352	0.5697929777480256
2	0	Normalized kNN (test)	0.8350000000000001	0.8652975489027257	0.6260526315789474	0.7300604260182267	0.5739921182682355
2	0	Average Rating	0.8350000000000001	0.8634995063938945	0.6247368421052631	0.7296718065007589	0.5740739137374662
2	0	Normalized kNN (full)	0.8350000000000001	0.8268485545939225	0.598421052631579	0.7074216133123166	0.5509035100065576
2	0	iMF (test)	0.8350000000000001	0.8551869343156362	0.6197368421052631	0.7267053099775356	0.5692465773857665
3	0	kNN (full)	0.8323684210526316	0.8645729480816378	0.6289473684210526	0.727752877215541	0.5757446792202681
3	0	Random	0.8323684210526316	0.7760036288049731	0.5789473684210527	0.6963133522913949	0.5404524406890033
3	0	iMF (full)	0.8323684210526316	0.8584621387054906	0.6255263157894737	0.726832971475813	0.5739495586427683
3	0	Popularity	0.8323684210526316	0.8486863838422628	0.6186842105263157	0.7232363380091179	0.5688790031671475
3	0	kNN (test)	0.8323684210526316	0.8674541552682533	0.6297368421052632	0.7317190682397086	0.5779711755726423
3	0	Normalized kNN (test)	0.8323684210526316	0.8698145849572558	0.6318421052631579	0.7319393974497481	0.5795882232583262
3	0	Average Rating	0.8323684210526316	0.8631513498639675	0.6286842105263158	0.7316705024673656	0.5780062788734234
3	0	Normalized kNN (full)	0.8323684210526316	0.8428978801076632	0.6115789473684211	0.7181097680262625	0.563296347961983
3	0	iMF (test)	0.8323684210526316	0.8635126263848865	0.6263157894736842	0.7306794469511118	0.5771547676773516
4	0	kNN (full)	0.833421052631579	0.8582732859335316	0.6144736842105263	0.7218839528726493	0.5651118873833304
4	0	Random	0.833421052631579	0.7484682080268545	0.5542105263157895	0.6833029727533807	0.5229787643280119
4	0	iMF (full)	0.833421052631579	0.8511131678353041	0.6086842105263158	0.7179990364908558	0.5612534916860868
4	0	Popularity	0.833421052631579	0.8372161990828916	0.6023684210526316	0.7160446076160443	0.5579149268439834
4	0	kNN (test)	0.833421052631579	0.8587064581763343	0.615	0.7225523441573637	0.5659234930038876
4	0	Normalized kNN (test)	0.833421052631579	0.8626331095508639	0.6186842105263157	0.7288582774590934	0.5710973193735015
4	0	Average Rating	0.833421052631579	0.8499298471335616	0.615	0.7264890439207061	0.5684559990433206
4	0	Normalized kNN (full)	0.833421052631579	0.8319003223202197	0.6031578947368421	0.7124751613297108	0.5563761159903252
4	0	iMF (test)	0.833421052631579	0.8513325212531153	0.6121052631578947	0.7253392899375546	0.5670585366930507
5	0	kNN (full)	0.8307894736842105	0.8561203106350544	0.6207894736842106	0.7142224778157429	0.5634355389923021
5	0	Random	0.8307894736842105	0.7604339996581696	0.5602631578947369	0.6785810022416429	0.5223659517952307
5	0	iMF (full)	0.8307894736842105	0.8524740397780493	0.6160526315789474	0.7119379915127414	0.5608540035822042
5	0	Popularity	0.8307894736842105	0.8373329630680679	0.6113157894736843	0.7095675408789	0.557349570620678
5	0	kNN (test)	0.8307894736842105	0.8598890284004103	0.6255263157894737	0.7178636523204924	0.5675685461150538
5	0	Normalized kNN (test)	0.8307894736842105	0.8594962118690321	0.6231578947368421	0.7183920509397919	0.5674592323919396
5	0	Average Rating	0.8307894736842105	0.8444199067677697	0.6128947368421053	0.7112570712602636	0.5597909931970138
5	0	Normalized kNN (full)	0.8307894736842105	0.8355437848168374	0.6086842105263158	0.7057910455513543	0.5546032731990692
5	0	iMF (test)	0.8307894736842105	0.8481448352816504	0.6105263157894737	0.711661069439168	0.5591360041982787
1	1	kNN (full)	0.8713157894736843	0.8560910380175524	0.6160526315789474	0.7401815877333324	0.5737154680890618
1	1	Random	0.8713157894736843	0.7273965267515923	0.5439473684210526	0.684595938259471	0.5167119838306286
1	1	iMF (full)	0.8713157894736843	0.853538591127618	0.6131578947368421	0.7373870240381137	0.5711117107733009
1	1	Popularity	0.8713157894736843	0.8326224019748024	0.601578947368421	0.7311283908242392	0.5632986829274541
1	1	kNN (test)	0.8713157894736843	0.8576694147064745	0.6181578947368421	0.7429584529989189	0.5760244074705846
1	1	Normalized kNN (test)	0.8713157894736843	0.8525213072722654	0.6176315789473684	0.7396980550439491	0.574049980679676
1	1	Average Rating	0.8713157894736843	0.8388303590973508	0.6089473684210527	0.7362101792140017	0.5692312714906967
1	1	Normalized kNN (full)	0.8713157894736843	0.8188331356944815	0.5923684210526315	0.7167089659501127	0.5513422981575218
1	1	iMF (test)	0.8713157894736843	0.8474871324885218	0.6131578947368421	0.7415413711983597	0.5740002173706049
2	1	kNN (full)	0.8728947368421053	0.8452274985651053	0.6128947368421053	0.7165190000739745	0.5620598078160499
2	1	Random	0.8728947368421053	0.7089200540627962	0.5397368421052632	0.6647092756221339	0.5073292072460205
2	1	iMF (full)	0.8728947368421053	0.8436288960129871	0.6107894736842105	0.7164697529531714	0.5605707002387774
2	1	Popularity	0.8728947368421053	0.8273032864675689	0.6052631578947368	0.713645139684808	0.5575045582711778
2	1	kNN (test)	0.8728947368421053	0.8487558131986821	0.6152631578947368	0.7193941841061834	0.5643504232831398
2	1	Normalized kNN (test)	0.8728947368421053	0.847893216046793	0.6192105263157895	0.7225340681984243	0.5674629270614409
2	1	Average Rating	0.8728947368421053	0.833796315733388	0.613421052631579	0.7169401041763295	0.5632349361547606
2	1	Normalized kNN (full)	0.8728947368421053	0.8089877830682238	0.5878947368421052	0.6964752959940952	0.5402643395866542
2	1	iMF (test)	0.8728947368421053	0.8473518740406654	0.6176315789473684	0.7216798613631937	0.5661332334439023
3	1	kNN (full)	0.8713157894736843	0.8552249624786733	0.6247368421052631	0.7223262256936882	0.5712903536422257
3	1	Random	0.8713157894736843	0.7334953098459674	0.5555263157894736	0.680162263896208	0.5232478511647782
3	1	iMF (full)	0.8713157894736843	0.8477543626303604	0.6228947368421053	0.7234663757063068	0.5712367073412166
3	1	Popularity	0.8713157894736843	0.83814437152297	0.6142105263157895	0.7182144522716952	0.5644138514837449
3	1	kNN (test)	0.8713157894736843	0.8587217920572302	0.6257894736842106	0.7274478789027297	0.5739537811977851
3	1	Normalized kNN (test)	0.8713157894736843	0.852670774145727	0.6260526315789474	0.7265290928850319	0.5741971611718225
3	1	Average Rating	0.8713157894736843	0.8397780979408914	0.6189473684210526	0.7223652797079279	0.5688134835265771
3	1	Normalized kNN (full)	0.8713157894736843	0.8177115941746775	0.5978947368421053	0.7012317529198183	0.5489371586756889
3	1	iMF (test)	0.8713157894736843	0.8514528384149062	0.625	0.7270322546351293	0.5739572999844779
4	1	kNN (full)	0.8707894736842104	0.8507856906621181	0.6094736842105263	0.7163469580906855	0.5601089549857018
4	1	Random	0.8707894736842104	0.7153489931655499	0.5313157894736842	0.6600026885163626	0.5022717339926099
4	1	iMF (full)	0.8707894736842104	0.8464403934704939	0.6086842105263158	0.7148852886310312	0.5595874079837416
4	1	Popularity	0.8707894736842104	0.8258424561057756	0.5963157894736842	0.7094869583939214	0.5519029308461334
4	1	kNN (test)	0.8707894736842104	0.8501844401724925	0.61	0.7164409482433362	0.5606257085413239
4	1	Normalized kNN (test)	0.8707894736842104	0.845962460198332	0.6084210526315789	0.7188640721615666	0.5615602396594321
4	1	Average Rating	0.8707894736842104	0.8221537092636432	0.6013157894736842	0.712892049945842	0.5556526204478655
4	1	Normalized kNN (full)	0.8707894736842104	0.8098801282888706	0.5902631578947368	0.6956646290687141	0.542685518703865
4	1	iMF (test)	0.8707894736842104	0.8377909108484681	0.6047368421052632	0.7167021427452206	0.5592614995158725
5	1	kNN (full)	0.8689473684210526	0.8509830058175625	0.6168421052631579	0.7113863764386198	0.5600386712720413
5	1	Random	0.8689473684210526	0.7175122339548047	0.5442105263157895	0.6629480365603501	0.5082387605828231
5	1	iMF (full)	0.8689473684210526	0.8481913596337807	0.6121052631578947	0.7088533063933204	0.557643647561423
5	1	Popularity	0.8689473684210526	0.830628106168688	0.6068421052631578	0.7054878489126184	0.55324073117302
5	1	kNN (test)	0.8689473684210526	0.8553928683128332	0.6221052631578947	0.7145271011008143	0.5643077490766903
5	1	Normalized kNN (test)	0.8689473684210526	0.8444741025350023	0.6160526315789474	0.7126993248707113	0.5612961864709582
5	1	Average Rating	0.8689473684210526	0.8198565029143406	0.6013157894736842	0.7006003828899732	0.549147945516148
5	1	Normalized kNN (full)	0.8689473684210526	0.8138555154723357	0.5957894736842105	0.6889155223387569	0.5410790528639937
5	1	iMF (test)	0.8689473684210526	0.8394461585197512	0.6092105263157894	0.7091468660705175	0.5566622452306923
1	2	kNN (full)	0.9044736842105263	0.8502916420787228	0.6118421052631579	0.7353487644678467	0.5693182467003881
1	2	Random	0.9044736842105263	0.6752737728692831	0.5147368421052632	0.6593753466409593	0.4930979131407952
1	2	iMF (full)	0.9044736842105263	0.8482369605278662	0.6089473684210527	0.7318429344106647	0.5663723255949737
1	2	Popularity	0.9044736842105263	0.8240769028635213	0.5989473684210526	0.7267578230792288	0.559775372472028
1	2	kNN (test)	0.9044736842105263	0.8510271684110011	0.615	0.7390203642092406	0.5725042919821524
1	2	Normalized kNN (test)	0.9044736842105263	0.8409885916556977	0.6126315789473684	0.7343022104418886	0.5692574945705009
1	2	Average Rating	0.9044736842105263	0.8179009286703021	0.601578947368421	0.7281130343337052	0.5617584673045076
1	2	Normalized kNN (full)	0.9044736842105263	0.8067853611403407	0.5876315789473685	0.7086577050736326	0.5455464118973748
1	2	iMF (test)	0.9044736842105263	0.833679371810036	0.6036842105263158	0.7337904727985612	0.5665655467025646
2	2	kNN (full)	0.9047368421052632	0.8380948563912256	0.6073684210526316	0.7103129746807675	0.5565243858676802
2	2	Random	0.9047368421052632	0.6810606973955481	0.5268421052631579	0.6488946503030526	0.49431667267415824
2	2	iMF (full)	0.9047368421052632	0.8396831115287927	0.6071052631578947	0.7111500172645292	0.5562048090302533
2	2	Popularity	0.9047368421052632	0.8188972908714346	0.601578947368421	0.7091433182888865	0.553845038666326
2	2	kNN (test)	0.9047368421052632	0.8442792664076848	0.6118421052631579	0.7162681503689441	0.5609233763873465
2	2	Normalized kNN (test)	0.9047368421052632	0.8309720472788606	0.6128947368421053	0.7164433561202772	0.5617412836185783
2	2	Average Rating	0.9047368421052632	0.8116254739772221	0.6021052631578948	0.7069036908078331	0.5532861373311687
2	2	Normalized kNN (full)	0.9047368421052632	0.7976682806896414	0.5815789473684211	0.6849391703975174	0.5329338078256848
2	2	iMF (test)	0.9047368421052632	0.8286186020460471	0.6055263157894737	0.7124499385354982	0.5562817481699805
3	2	kNN (full)	0.906578947368421	0.8496245101780064	0.6207894736842106	0.7173199111128511	0.5672087795172852
3	2	Random	0.906578947368421	0.6994945406640974	0.535	0.6583631903170388	0.5017419161654051
3	2	iMF (full)	0.906578947368421	0.8425155694002953	0.6171052631578947	0.7174012876958474	0.5657866601542136
3	2	Popularity	0.906578947368421	0.8243550790034249	0.6068421052631578	0.7117764894321769	0.5577619128948533
3	2	kNN (test)	0.906578947368421	0.8481222820834935	0.6189473684210526	0.7201847753449022	0.5673639667860829
3	2	Normalized kNN (test)	0.906578947368421	0.8299220245582393	0.6160526315789474	0.7188635916709487	0.5660122539183093
3	2	Average Rating	0.906578947368421	0.8003919321263379	0.6042105263157894	0.7098740842649309	0.5564460360208702
3	2	Normalized kNN (full)	0.906578947368421	0.8041337390322892	0.5871052631578947	0.689809372700466	0.5384428255330727
3	2	iMF (test)	0.906578947368421	0.8370165832418514	0.6163157894736842	0.7169832030758905	0.5654902948742131
4	2	kNN (full)	0.903421052631579	0.8402976085972631	0.6060526315789474	0.7113569557899247	0.5561103873323762
4	2	Random	0.903421052631579	0.6730543532832798	0.5157894736842106	0.6456332034835278	0.48824211591166033
4	2	iMF (full)	0.903421052631579	0.83700580688632	0.6023684210526316	0.7084249067692063	0.5538207566471609
4	2	Popularity	0.903421052631579	0.8123003633381789	0.5881578947368421	0.7005834369356584	0.5437072548079342
4	2	kNN (test)	0.903421052631579	0.8385700300582736	0.6044736842105263	0.7100195918219797	0.5548777751293446
4	2	Normalized kNN (test)	0.903421052631579	0.8220122044093837	0.6002631578947368	0.7106027504409804	0.5537365650725868
4	2	Average Rating	0.903421052631579	0.7892185328419035	0.5876315789473685	0.7021157597410088	0.5440075732320646
4	2	Normalized kNN (full)	0.903421052631579	0.7977711680009731	0.5810526315789474	0.6851841220815693	0.5329723283078186
4	2	iMF (test)	0.903421052631579	0.824280631921998	0.598421052631579	0.708824270345433	0.5532635933489387
5	2	kNN (full)	0.9036842105263158	0.8393497638805222	0.6113157894736843	0.7039667407673856	0.553987445634975
5	2	Random	0.9036842105263158	0.6941105695045039	0.5247368421052632	0.6478728103958403	0.4921023694285106
5	2	iMF (full)	0.9036842105263158	0.8406355918501079	0.6094736842105263	0.7047431459516401	0.5544661459742866
5	2	Popularity	0.9036842105263158	0.8193473905563128	0.6023684210526316	0.7005327995745647	0.5489178722082882
5	2	kNN (test)	0.9036842105263158	0.8438747998227444	0.6163157894736842	0.709040924879487	0.5589527697848562
5	2	Normalized kNN (test)	0.9036842105263158	0.8202884467733409	0.6073684210526316	0.7029301735630271	0.5526355742042645
5	2	Average Rating	0.9036842105263158	0.7857580463138132	0.5886842105263158	0.6892995763096307	0.5381484441473061
5	2	Normalized kNN (full)	0.9036842105263158	0.7994841478433506	0.5892105263157895	0.6812322367331867	0.5344583779623454
5	2	iMF (test)	0.9036842105263158	0.8338863513540237	0.6063157894736843	0.7027365659703488	0.5524554556950667
1	5	kNN (full)	0.9744736842105264	0.8314634994407554	0.6	0.7192931907771916	0.5563514059878067
1	5	Random	0.9744736842105264	0.6032621156918189	0.4723684210526316	0.6004521644416932	0.44667447751017975
1	5	iMF (full)	0.9744736842105264	0.8295644128372752	0.595	0.716427637043664	0.5533247306930309
1	5	Popularity	0.9744736842105264	0.7906074566521251	0.5773684210526316	0.699762235617536	0.5379504846578413
1	5	kNN (test)	0.9744736842105264	0.8251103003294966	0.6	0.7171648016525429	0.5565685773974935
1	5	Normalized kNN (test)	0.9744736842105264	0.7966346676575015	0.5889473684210527	0.7061335700426075	0.545461243184509
1	5	Average Rating	0.9744736842105264	0.7498764239792003	0.5597368421052631	0.6836139541408432	0.5236534415877492
1	5	Normalized kNN (full)	0.9744736842105264	0.7507713195885645	0.5484210526315789	0.6548122468571884	0.502552123463011
1	5	iMF (test)	0.9744736842105264	0.8046150999344769	0.5850000000000001	0.7126900223094222	0.5480565924597934
2	5	kNN (full)	0.9742105263157894	0.8201819876265855	0.5963157894736842	0.6921417873743934	0.5431329936544324
2	5	Random	0.9742105263157894	0.5791010624542153	0.4628947368421053	0.5693331707050944	0.4283712912499573
2	5	iMF (full)	0.9742105263157894	0.8253468581272874	0.5994736842105264	0.6997739789135504	0.5475005312905812
2	5	Popularity	0.9742105263157894	0.7971140723061919	0.5868421052631579	0.6910062810982603	0.5382384281793114
2	5	kNN (test)	0.9742105263157894	0.8249896208935977	0.5978947368421053	0.69883107248295	0.5463646886628035
2	5	Normalized kNN (test)	0.9742105263157894	0.7906423766435202	0.5876315789473685	0.6882800698484307	0.5370837761159194
2	5	Average Rating	0.9742105263157894	0.7493869754593935	0.5639473684210526	0.6664240434969639	0.5166525719001652
2	5	Normalized kNN (full)	0.9742105263157894	0.7457071811990341	0.5426315789473684	0.6318934713565633	0.48957835113514203
2	5	iMF (test)	0.9742105263157894	0.8037828773952047	0.5889473684210527	0.6915514579163057	0.5384855671554153
3	5	kNN (full)	0.9797368421052632	0.8281631509316983	0.6047368421052632	0.6975744785467978	0.5504967232371117
3	5	Random	0.9797368421052632	0.6008038810196568	0.47526315789473683	0.5898285378675132	0.4441135760404478
3	5	iMF (full)	0.9797368421052632	0.8245001594469258	0.6068421052631578	0.7011896003580782	0.5531102797775278
3	5	Popularity	0.9797368421052632	0.8033954072734775	0.595	0.694875300620211	0.5447960827690581
3	5	kNN (test)	0.9797368421052632	0.8294749038174988	0.6047368421052632	0.7037464512704901	0.5529821712367196
3	5	Normalized kNN (test)	0.9797368421052632	0.794269819037794	0.5928947368421053	0.6941316196625513	0.5438514507256689
3	5	Average Rating	0.9797368421052632	0.7444640596099554	0.5684210526315789	0.6727013082681417	0.5226051986543682
3	5	Normalized kNN (full)	0.9797368421052632	0.7612647524887551	0.5631578947368421	0.6493948337350463	0.5102420379831493
3	5	iMF (test)	0.9797368421052632	0.8127526224149063	0.6002631578947368	0.6986736277052623	0.5490275519929835
4	5	kNN (full)	0.9757894736842105	0.8261269998231977	0.5942105263157895	0.6956274882816175	0.5433703721483737
4	5	Random	0.9757894736842105	0.5674848708986561	0.451578947368421	0.5720225793335364	0.4242078298891943
4	5	iMF (full)	0.9757894736842105	0.8259666226319985	0.5971052631578948	0.6991586783606245	0.5470739507035949
4	5	Popularity	0.9757894736842105	0.7875611156572391	0.5734210526315789	0.6820062206639781	0.5283816728632318
4	5	kNN (test)	0.9757894736842105	0.8195329822977292	0.5936842105263158	0.6955675788180081	0.543317081747566
4	5	Normalized kNN (test)	0.9757894736842105	0.7753613965155249	0.5794736842105263	0.6850098599289417	0.5327723931910555
4	5	Average Rating	0.9757894736842105	0.7215338093847419	0.5523684210526316	0.6646316828886923	0.5107585583286842
4	5	Normalized kNN (full)	0.9757894736842105	0.7472331376335946	0.5531578947368421	0.6494887449669826	0.5032733737261754
4	5	iMF (test)	0.9757894736842105	0.8006711068356634	0.5902631578947368	0.6972184340480441	0.5442184029909415
5	5	kNN (full)	0.975	0.8266792808745852	0.6028947368421053	0.6954080429815712	0.5459520788288196
5	5	Random	0.975	0.5757193235787509	0.4644736842105263	0.5701017361093403	0.4297990495138643
5	5	iMF (full)	0.975	0.8291446407280003	0.6023684210526316	0.6952996981682245	0.5464894045169596
5	5	Popularity	0.975	0.7930298927134883	0.5878947368421052	0.6853088485431245	0.5349526407303864
5	5	kNN (test)	0.975	0.8221590527216095	0.6039473684210527	0.6943851092991863	0.5465162357221888
5	5	Normalized kNN (test)	0.975	0.7823566514725417	0.5876315789473685	0.6835634797891452	0.5344465868317476
5	5	Average Rating	0.975	0.7352973931030465	0.5613157894736842	0.6595476651384032	0.5115215350441669
5	5	Normalized kNN (full)	0.975	0.765505694774054	0.5568421052631579	0.6398700904240764	0.49927782449290253
5	5	iMF (test)	0.975	0.7982393348897517	0.5889473684210527	0.6873773530123497	0.537753111915743
1	10	kNN (full)	1.0	0.8045450133554222	0.5794736842105263	0.6888785826412407	0.5341883502390026
1	10	Random	1.0	0.4566506374643541	0.37105263157894736	0.4436743234514038	0.3376352627321821
1	10	iMF (full)	1.0	0.8053141754857158	0.5828947368421052	0.6926431185932623	0.5382409468637135
1	10	Popularity	1.0	0.7541519644760861	0.5494736842105263	0.6571272468181121	0.5074305337374417
1	10	kNN (test)	1.0	0.7973288057679128	0.5776315789473684	0.6837602695739756	0.5322721610128959
1	10	Normalized kNN (test)	1.0	0.7267743905593735	0.5536842105263158	0.6555744973527607	0.5088593282864964
1	10	Average Rating	1.0	0.6557191426828973	0.5018421052631579	0.6068405963634016	0.46365713281858945
1	10	Normalized kNN (full)	1.0	0.6961340922073056	0.5071052631578947	0.5776946062180286	0.4527476311459314
1	10	iMF (test)	1.0	0.7472574425783987	0.5534210526315789	0.6678348932745206	0.5150532178976579
2	10	kNN (full)	1.0	0.7921533554812099	0.5771052631578948	0.6626702663081059	0.5224119606092096
2	10	Random	1.0	0.44668180774745414	0.3678947368421053	0.4264291518684059	0.330265358921769
2	10	iMF (full)	1.0	0.7929181233556796	0.5794736842105263	0.6682709840482592	0.5253519080414925
2	10	Popularity	1.0	0.7463321747773365	0.5505263157894736	0.6421250317822247	0.5002666675960137
2	10	kNN (test)	1.0	0.7877710648829654	0.5752631578947368	0.6678823648265322	0.5225811188846367
2	10	Normalized kNN (test)	1.0	0.7241008645817172	0.5507894736842106	0.6417876620241189	0.49976763548944475
2	10	Average Rating	1.0	0.6490331247928105	0.5039473684210526	0.594667892113161	0.45765513403244246
2	10	Normalized kNN (full)	1.0	0.6821576182001159	0.49947368421052635	0.5453162210833099	0.43763261950860205
2	10	iMF (test)	1.0	0.7400210369148181	0.5581578947368421	0.6531113157129167	0.5090213295641288
3	10	kNN (full)	1.0	0.798976634251386	0.5831578947368421	0.6594037746052815	0.5254761774925131
3	10	Random	1.0	0.4711090711207249	0.3868421052631579	0.4496508183550658	0.34915605349863177
3	10	iMF (full)	1.0	0.8005571099142846	0.5915789473684211	0.6703009453163318	0.534952679321659
3	10	Popularity	1.0	0.7612595069537194	0.5642105263157895	0.6510581241656591	0.5121587768674641
3	10	kNN (test)	1.0	0.7945953722630296	0.5813157894736842	0.6664448132437703	0.5265834436006479
3	10	Normalized kNN (test)	1.0	0.7312185727255583	0.5597368421052631	0.648681513346789	0.5093566127751986
3	10	Average Rating	1.0	0.651812477178886	0.5089473684210526	0.586464004211704	0.4601615382526651
3	10	Normalized kNN (full)	1.0	0.6969990388175595	0.5144736842105263	0.5597438239851107	0.45315744522229207
3	10	iMF (test)	1.0	0.7565655559909492	0.565	0.6543709060268826	0.5149521837004163
4	10	kNN (full)	1.0	0.8007426925357668	0.5781578947368421	0.6739100396581372	0.5269087015473253
4	10	Random	1.0	0.4565363730334737	0.3702631578947368	0.43493922578074024	0.33534811657812424
4	10	iMF (full)	1.0	0.7978563203264708	0.5823684210526316	0.6744958039959058	0.5300500669518663
4	10	Popularity	1.0	0.7436030710206774	0.5486842105263158	0.6488838334008443	0.5023913560532756
4	10	kNN (test)	1.0	0.7848240727308873	0.5747368421052632	0.6681038796202873	0.5230489115502254
4	10	Normalized kNN (test)	1.0	0.7172092916522105	0.5497368421052632	0.6489448912718205	0.5034916754389721
4	10	Average Rating	1.0	0.6401799050633032	0.5047368421052632	0.5955162289785588	0.4592050662123653
4	10	Normalized kNN (full)	1.0	0.6901792164805398	0.515	0.5667946642580047	0.45571811582619365
4	10	iMF (test)	1.0	0.7395396279722397	0.5555263157894736	0.6540824240179849	0.5094844249535692
5	10	kNN (full)	1.0	0.7995545328770646	0.5850000000000001	0.6640020031915801	0.5246450180709546
5	10	Random	1.0	0.4515381347107357	0.3736842105263158	0.4269820608925049	0.3313916615367385
5	10	iMF (full)	1.0	0.810250877058411	0.5915789473684211	0.676887489841204	0.5339060994832853
5	10	Popularity	1.0	0.7566408603362484	0.5663157894736842	0.6507622888433764	0.5103466429538618
5	10	kNN (test)	1.0	0.7945084889944203	0.5868421052631579	0.6678233846885991	0.527094863209474
5	10	Normalized kNN (test)	1.0	0.7157059629185761	0.5513157894736842	0.6406640236665909	0.4980295229309835
5	10	Average Rating	1.0	0.63658786457626	0.5044736842105263	0.5829168767935499	0.45311664981352323
5	10	Normalized kNN (full)	1.0	0.7019534027891784	0.5181578947368422	0.5616296967800065	0.451588609768072
5	10	iMF (test)	1.0	0.746543986708567	0.5576315789473685	0.6465611326264344	0.5066189565582525
1	20	kNN (full)	1.0	0.764108392403522	0.5536842105263158	0.6414879564439203	0.5039042752766958
1	20	Random	1.0	0.32137104639737957	0.26631578947368423	0.3036233220236931	0.23317528867377035
1	20	iMF (full)	1.0	0.7673393635387321	0.5618421052631579	0.6532091270024669	0.5142658722112428
1	20	Popularity	1.0	0.6983334894890891	0.5171052631578947	0.6041613193484416	0.4708645389265329
1	20	kNN (test)	1.0	0.749054045119323	0.55	0.6388053695703724	0.5010034138952832
1	20	Normalized kNN (test)	1.0	0.6309826255370058	0.49236842105263157	0.5742266813224773	0.44537977574767046
1	20	Average Rating	1.0	0.5343804081954668	0.4189473684210526	0.4830260413071115	0.37455805505390355
1	20	Normalized kNN (full)	1.0	0.6425468917543636	0.4655263157894737	0.4965471463206287	0.40337274434238013
1	20	iMF (test)	1.0	0.6711975722301408	0.5128947368421053	0.5958481843690181	0.4709243996129406
2	20	kNN (full)	1.0	0.7601429043127813	0.5557894736842105	0.6360253466255432	0.5008006271058132
2	20	Random	1.0	0.30761170552640293	0.25842105263157894	0.27794617421430295	0.2203138829049261
2	20	iMF (full)	1.0	0.757632225881678	0.5592105263157895	0.6328628125363616	0.5026290274153058
2	20	Popularity	1.0	0.6949589011904963	0.5168421052631579	0.5966038460813826	0.4656152073795537
2	20	kNN (test)	1.0	0.7493898668126374	0.5494736842105263	0.6339418363707354	0.49656016367903444
2	20	Normalized kNN (test)	1.0	0.6350896508197718	0.49105263157894735	0.5663207107849774	0.44054757133081973
2	20	Average Rating	1.0	0.5212189123970968	0.4178947368421053	0.4783977899787351	0.3707501694049159
2	20	Normalized kNN (full)	1.0	0.6249580555045932	0.4602631578947369	0.4756240430357497	0.39387402019038814
2	20	iMF (test)	1.0	0.6923864603101749	0.5205263157894737	0.6093720328355536	0.4723283290828329
3	20	kNN (full)	1.0	0.757242003469887	0.5589473684210526	0.6182588028668398	0.49815064484917404
3	20	Random	1.0	0.34716868416090607	0.2881578947368421	0.305720479959436	0.24609317979657205
3	20	iMF (full)	1.0	0.7634261683593615	0.5681578947368421	0.6321174733038165	0.5089440606715483
3	20	Popularity	1.0	0.6958695276960012	0.526578947368421	0.5848530150944689	0.46843021008784025
3	20	kNN (test)	1.0	0.749693785437907	0.5526315789473685	0.6207117217272756	0.49478840213175584
3	20	Normalized kNN (test)	1.0	0.6180448066517986	0.4942105263157895	0.5605383486331499	0.4434828210155881
3	20	Average Rating	1.0	0.5158579897750858	0.41710526315789476	0.46286307206813426	0.3657910841172295
3	20	Normalized kNN (full)	1.0	0.6465278671646489	0.4747368421052632	0.4890581210879042	0.4064533110530576
3	20	iMF (test)	1.0	0.6762017032609466	0.5168421052631579	0.5885242142353335	0.4655842495946698
4	20	kNN (full)	1.0	0.7588825571827115	0.5544736842105263	0.6306435559350575	0.4983438058760599
4	20	Random	1.0	0.3261548920756824	0.26894736842105266	0.2944710801965903	0.23042267585254808
4	20	iMF (full)	1.0	0.762922067149232	0.56	0.6358209389666276	0.5039142189660346
4	20	Popularity	1.0	0.6883275927279917	0.5160526315789473	0.5921189139884356	0.4640828341139
4	20	kNN (test)	1.0	0.7389666462925313	0.5457894736842105	0.6248761780937675	0.49103524209456156
4	20	Normalized kNN (test)	1.0	0.611970803009051	0.4868421052631579	0.5494117785799117	0.43424893684707744
4	20	Average Rating	1.0	0.5000875465766457	0.41026315789473683	0.4580209829386757	0.3608001814364666
4	20	Normalized kNN (full)	1.0	0.6346693147571132	0.4663157894736842	0.4832138653764142	0.39999276602692757
4	20	iMF (test)	1.0	0.6725909039930539	0.5142105263157895	0.599486987639348	0.46725453395790084
5	20	kNN (full)	1.0	0.7647522992414151	0.5592105263157895	0.6277262606767219	0.4979231339321684
5	20	Random	1.0	0.3257278593492788	0.28131578947368424	0.2868074299182231	0.23746455080862602
5	20	iMF (full)	1.0	0.7760412207890556	0.5676315789473684	0.6437087476323564	0.5082933352811476
5	20	Popularity	1.0	0.703700811105058	0.5276315789473685	0.5954710627264547	0.47094739412019
5	20	kNN (test)	1.0	0.7501570565796184	0.5555263157894736	0.6232905207885843	0.49462126751601876
5	20	Normalized kNN (test)	1.0	0.621633520180563	0.4928947368421053	0.5649714283887894	0.43959458963221837
5	20	Average Rating	1.0	0.5197432942227276	0.4181578947368421	0.4639263754560338	0.3650913769223085
5	20	Normalized kNN (full)	1.0	0.6459387437013798	0.47657894736842105	0.4845398198036229	0.40530746219690933
5	20	iMF (test)	1.0	0.6944693330453751	0.521578947368421	0.599936290537052	0.4703038344944274
1	50	kNN (full)	1.0	0.6856100650661738	0.4986842105263158	0.5592799186483479	0.4451989973945521
1	50	Random	1.0	0.1836181890698826	0.16342105263157894	0.15555826537053222	0.1316938702383141
1	50	iMF (full)	1.0	0.7072148458362717	0.5176315789473684	0.585247716668557	0.4668940024784969
1	50	Popularity	1.0	0.5866979573518817	0.4421052631578947	0.49838907720528164	0.3940225837985789
1	50	kNN (test)	1.0	0.6529270871588729	0.48315789473684206	0.5482357307269109	0.4323699448922685
1	50	Normalized kNN (test)	1.0	0.45120320541052644	0.37315789473684213	0.4077315754888184	0.32495917080468506
1	50	Average Rating	1.0	0.33555851806569464	0.2786842105263158	0.28530084237008513	0.23388158449902718
1	50	Normalized kNN (full)	1.0	0.5625428966555914	0.4097368421052631	0.411696995238849	0.34601386740122914
1	50	iMF (test)	1.0	0.5187498549452653	0.41078947368421054	0.4716574907792686	0.3711164205885005
2	50	kNN (full)	1.0	0.7002058454314543	0.5073684210526316	0.5675379795441858	0.4508406064759216
2	50	Random	1.0	0.19745716223358334	0.1636842105263158	0.15680407710927755	0.12986744048539772
2	50	iMF (full)	1.0	0.7087677136882232	0.52	0.575483217655235	0.4601172624110123
2	50	Popularity	1.0	0.6002614399778831	0.4513157894736842	0.5004596964217319	0.39749158074928975
2	50	kNN (test)	1.0	0.6686763931852147	0.49157894736842106	0.5473574730724883	0.4345757511107639
2	50	Normalized kNN (test)	1.0	0.45767987180006425	0.3728947368421052	0.4019675165395591	0.32042652512782493
2	50	Average Rating	1.0	0.3323322523038358	0.2773684210526316	0.2800023843911109	0.2292991702327577
2	50	Normalized kNN (full)	1.0	0.5623260721414937	0.4121052631578947	0.41271091544572375	0.34506210135379384
2	50	iMF (test)	1.0	0.55873008538152	0.4331578947368421	0.49518253225685654	0.38750410952020586
3	50	kNN (full)	1.0	0.6947469380023228	0.5126315789473684	0.5548836760589452	0.4505750921877833
3	50	Random	1.0	0.20258710814203418	0.175	0.15878261925992135	0.13842247017931203
3	50	iMF (full)	1.0	0.7032429849733175	0.5223684210526316	0.5584004801222049	0.45827232517698724
3	50	Popularity	1.0	0.5932625579728714	0.4521052631578948	0.4793780272998247	0.3920367187400478
3	50	kNN (test)	1.0	0.6620933629863485	0.49605263157894736	0.5320559289801915	0.434518108682153
3	50	Normalized kNN (test)	1.0	0.466437925728219	0.3868421052631579	0.4050051909209315	0.3324724061020833
3	50	Average Rating	1.0	0.354228607304493	0.3010526315789474	0.29052977972111416	0.2477719681058018
3	50	Normalized kNN (full)	1.0	0.574759416413356	0.4213157894736842	0.4046023767572284	0.3496581692794634
3	50	iMF (test)	1.0	0.5582471544199492	0.43657894736842107	0.4893871293215898	0.3880499810284652
4	50	kNN (full)	1.0	0.6895312066255322	0.5071052631578947	0.565976581010725	0.4496793821328136
4	50	Random	1.0	0.19144703620679174	0.1655263157894737	0.16279683758031674	0.1335533340034309
4	50	iMF (full)	1.0	0.6957504631508276	0.5142105263157895	0.5727932098037608	0.45721191615523055
4	50	Popularity	1.0	0.5803299358834185	0.43868421052631573	0.4805657048256692	0.3847600208402451
4	50	kNN (test)	1.0	0.6482597030491358	0.48526315789473684	0.5318592535044994	0.4273852947859048
4	50	Normalized kNN (test)	1.0	0.4448094121939178	0.3702631578947368	0.3862471111837043	0.3151829127164943
4	50	Average Rating	1.0	0.3170830130039786	0.27657894736842104	0.25861416624552874	0.22340730748189394
4	50	Normalized kNN (full)	1.0	0.5550985811372557	0.4181578947368421	0.4006778231750256	0.3468040757854741
4	50	iMF (test)	1.0	0.5646297566526023	0.44157894736842107	0.4991804013840376	0.39404009672994855
5	50	kNN (full)	1.0	0.6881989586332095	0.49815789473684213	0.5427058929315605	0.4371432699468518
5	50	Random	1.0	0.18085216494000528	0.16131578947368422	0.15068707142553828	0.12730092316953268
5	50	iMF (full)	1.0	0.7052455104879903	0.5205263157894737	0.5718372777448327	0.459625048201866
5	50	Popularity	1.0	0.5933707485339944	0.4463157894736842	0.4791644206060461	0.3874812332066691
5	50	kNN (test)	1.0	0.6569576766809547	0.4881578947368421	0.5299417502510384	0.4264458658029469
5	50	Normalized kNN (test)	1.0	0.44145252404494684	0.373421052631579	0.3959554696210397	0.319026837139316
5	50	Average Rating	1.0	0.32080800211123683	0.27842105263157896	0.26558582059401037	0.22502462518306401
5	50	Normalized kNN (full)	1.0	0.5815358497139571	0.4247368421052632	0.4175946690150781	0.35433632914803087
5	50	iMF (test)	1.0	0.566090172399295	0.4357894736842105	0.4879642373995822	0.3848848375014931
1	100	kNN (full)	1.0	0.6190040295325561	0.4489473684210526	0.5019033049955012	0.397052751884286
1	100	Random	1.0	0.11429858495619544	0.09605263157894736	0.09206596986989887	0.07663561390846799
1	100	iMF (full)	1.0	0.6311844418990468	0.4692105263157895	0.5142385189988238	0.4164669340030028
1	100	Popularity	1.0	0.4916443008953813	0.37236842105263157	0.39651962750549574	0.32199489283995786
1	100	kNN (test)	1.0	0.575880670597783	0.42894736842105263	0.47417615927429396	0.3772647592156904
1	100	Normalized kNN (test)	1.0	0.3311343938439659	0.2873684210526316	0.28501742364359534	0.23805982790616956
1	100	Average Rating	1.0	0.23737948289219415	0.20500000000000002	0.2016478310224688	0.1677821276700887
1	100	Normalized kNN (full)	1.0	0.5093429504383966	0.3773684210526316	0.37914171606583025	0.3187661393857536
1	100	iMF (test)	1.0	0.4336169275835757	0.34210526315789475	0.37843653069023014	0.3023339169603475
2	100	kNN (full)	1.0	0.6186426775363683	0.451578947368421	0.48972858688585563	0.394544638750817
2	100	Random	1.0	0.12350523543851791	0.10657894736842105	0.0900112313556307	0.08053501607543419
2	100	iMF (full)	1.0	0.6402689297693193	0.4739473684210526	0.5190349228177993	0.4168354053791591
2	100	Popularity	1.0	0.5021882043021123	0.3810526315789474	0.4036722537725105	0.32649686844822967
2	100	kNN (test)	1.0	0.5776690519825503	0.4323684210526316	0.46868409701263986	0.3756061266793915
2	100	Normalized kNN (test)	1.0	0.319596674763299	0.2713157894736842	0.26463575023979236	0.2228827058605088
2	100	Average Rating	1.0	0.22622478113705005	0.1976315789473684	0.19292165416999524	0.15992321376246435
2	100	Normalized kNN (full)	1.0	0.5189846225503306	0.38052631578947366	0.3784614537788185	0.3170945345032148
2	100	iMF (test)	1.0	0.4175962489514912	0.33473684210526317	0.37318756058978064	0.29399230000180354
3	100	kNN (full)	1.0	0.6209489714526054	0.45763157894736844	0.4761607869007438	0.3949026471585567
3	100	Random	1.0	0.11417689244022634	0.10236842105263158	0.09028579031778422	0.07819801645040275
3	100	iMF (full)	1.0	0.6270653520903694	0.4731578947368421	0.4913276552532489	0.40832884334644654
3	100	Popularity	1.0	0.4943566293213873	0.378421052631579	0.38190756603468373	0.3189278248136851
3	100	kNN (test)	1.0	0.5755238794576645	0.43473684210526314	0.4500227842631881	0.37339727653273636
3	100	Normalized kNN (test)	1.0	0.3167821546238874	0.2776315789473684	0.2644442834743207	0.2283783978203698
3	100	Average Rating	1.0	0.24225096955104725	0.21157894736842106	0.20042672684921756	0.17090113277855654
3	100	Normalized kNN (full)	1.0	0.5204690640343093	0.3894736842105263	0.37505933486624243	0.32352161063660534
3	100	iMF (test)	1.0	0.4219301172363314	0.345	0.3646967713755326	0.2990169055876087
4	100	kNN (full)	1.0	0.6120766470836516	0.451578947368421	0.48076568883182447	0.39202360825631993
4	100	Random	1.0	0.11685560257388242	0.10552631578947369	0.09025116807976374	0.08020132672025682
4	100	iMF (full)	1.0	0.6233131709513076	0.4602631578947369	0.49823142494969563	0.40450659136493156
4	100	Popularity	1.0	0.48089047039786603	0.36947368421052634	0.3768203832277546	0.3124354726512462
4	100	kNN (test)	1.0	0.562046484263601	0.42657894736842106	0.448242912062461	0.36654964363089704
4	100	Normalized kNN (test)	1.0	0.31495587932161623	0.27289473684210525	0.2695997687557364	0.2251480901491444
4	100	Average Rating	1.0	0.2130033404366871	0.19263157894736843	0.1735541586312199	0.1536458657548628
4	100	Normalized kNN (full)	1.0	0.5022784406455197	0.37763157894736843	0.359885110198725	0.31566617041446
4	100	iMF (test)	1.0	0.4159311079380023	0.3336842105263158	0.3628251579858125	0.29043997667242966
5	100	kNN (full)	1.0	0.6266363012955248	0.45763157894736844	0.47965760974479993	0.39402801503354656
5	100	Random	1.0	0.12026860265677836	0.10394736842105264	0.0826274703332168	0.07608025114884118
5	100	iMF (full)	1.0	0.6479827883112177	0.48131578947368425	0.5170762114868455	0.4189089867881642
5	100	Popularity	1.0	0.5013866552499596	0.3828947368421053	0.3864614291083615	0.3215422801016432
5	100	kNN (test)	1.0	0.5774112920616694	0.43157894736842106	0.4440380152758737	0.3666892882292375
5	100	Normalized kNN (test)	1.0	0.3137395449423484	0.2786842105263158	0.2706256729452093	0.22697982196838276
5	100	Average Rating	1.0	0.22480378262337086	0.2	0.18308237615670592	0.15842650949132706
5	100	Normalized kNN (full)	1.0	0.5283843217804195	0.38894736842105265	0.3806688839973264	0.3224472124102175
5	100	iMF (test)	1.0	0.4098729032158092	0.33131578947368423	0.3663803829801014	0.2895527660451253
1	200	kNN (full)	1.0	0.534821867766903	0.3926315789473684	0.42082501056783417	0.3384966859326756
1	200	Random	1.0	0.0660884622456928	0.05815789473684211	0.04703107535895525	0.0438785545019282
1	200	iMF (full)	1.0	0.5568323602666004	0.4139473684210527	0.43901737338464775	0.3590122651040488
1	200	Popularity	1.0	0.39145946472222637	0.2955263157894737	0.2986092984395855	0.2479129673574116
1	200	kNN (test)	1.0	0.48234263087124485	0.3568421052631579	0.37664016121998	0.3043652768160361
1	200	Normalized kNN (test)	1.0	0.2014645035917585	0.185	0.1722124434350213	0.14596284909897314
1	200	Average Rating	1.0	0.1423470278973487	0.12947368421052632	0.11977515920765937	0.10230042603185512
1	200	Normalized kNN (full)	1.0	0.43637788729517163	0.3255263157894737	0.3297212668219577	0.2753244143254895
1	200	iMF (test)	1.0	0.3068955255593843	0.24710526315789474	0.2707281722777015	0.21706865131833702
2	200	kNN (full)	1.0	0.5314277462932248	0.39026315789473687	0.41641593104414676	0.3355182523246807
2	200	Random	1.0	0.07012753671490585	0.06157894736842106	0.051958508006311264	0.045335549098008354
2	200	iMF (full)	1.0	0.542923164752789	0.405	0.43375326399959524	0.3489188791696089
2	200	Popularity	1.0	0.38615908359114415	0.2986842105263158	0.2999069920186948	0.2500185785957836
2	200	kNN (test)	1.0	0.4762766847001138	0.35631578947368425	0.3721454721910716	0.30303896994246204
2	200	Normalized kNN (test)	1.0	0.21055539671178128	0.19210526315789472	0.17527227297617987	0.15126845008869055
2	200	Average Rating	1.0	0.13513923017797508	0.12473684210526316	0.10746295479703212	0.0957344734950634
2	200	Normalized kNN (full)	1.0	0.43174530869416755	0.32342105263157894	0.33043067631570855	0.2711053946099946
2	200	iMF (test)	1.0	0.3012977592317314	0.24578947368421053	0.2725712101831947	0.21138863078746847
3	200	kNN (full)	1.0	0.5439720792081519	0.40157894736842104	0.4175317361304502	0.3441183939704983
3	200	Random	1.0	0.065454965984328	0.05815789473684211	0.04382099324387083	0.041339904856552034
3	200	iMF (full)	1.0	0.5497550603456461	0.41842105263157897	0.42612894743942065	0.3558652264567529
3	200	Popularity	1.0	0.40787849544611166	0.3157894736842105	0.306919411207752	0.26054491419483145
3	200	kNN (test)	1.0	0.4804952056670679	0.36578947368421055	0.3671509641452477	0.30799637718687073
3	200	Normalized kNN (test)	1.0	0.20135128586370296	0.18421052631578946	0.1641633095026933	0.1444687215020798
3	200	Average Rating	1.0	0.14488795444373556	0.13421052631578947	0.11283630974507852	0.1017997473866485
3	200	Normalized kNN (full)	1.0	0.4504782059992589	0.3418421052631579	0.3368597433925931	0.28631015227502976
3	200	iMF (test)	1.0	0.2988180492520637	0.2507894736842105	0.25915651480043045	0.2126592762408372
4	200	kNN (full)	1.0	0.5283855274397842	0.3878947368421053	0.4032628631688424	0.3322136998465374
4	200	Random	1.0	0.066095429508909	0.05868421052631579	0.049316264842472445	0.044967546571985886
4	200	iMF (full)	1.0	0.5484947653038844	0.40894736842105267	0.43442354560839735	0.3546753534748877
4	200	Popularity	1.0	0.3876075188843509	0.29894736842105263	0.29364960432217124	0.24703248907804434
4	200	kNN (test)	1.0	0.4699743997318826	0.3584210526315789	0.3567003342952019	0.2997152349305253
4	200	Normalized kNN (test)	1.0	0.19936083975947722	0.18842105263157896	0.16842910168914765	0.14769893970596118
4	200	Average Rating	1.0	0.12291563417818875	0.11605263157894737	0.08908158025275469	0.08442828010864667
4	200	Normalized kNN (full)	1.0	0.43244637467950126	0.3281578947368421	0.3192157308305355	0.2759432206653222
4	200	iMF (test)	1.0	0.2916379718866298	0.24236842105263157	0.2585583842779858	0.20959701858499327
5	200	kNN (full)	1.0	0.5472218442332601	0.39842105263157895	0.4167159621585391	0.34050331799365197
5	200	Random	1.0	0.06487139721230585	0.05736842105263158	0.048445576393245295	0.04299078440788017
5	200	iMF (full)	1.0	0.5655133876116416	0.42526315789473684	0.45203020557668333	0.36714544314077713
5	200	Popularity	1.0	0.4125319743628656	0.31947368421052635	0.3176113242799258	0.26525739474042276
5	200	kNN (test)	1.0	0.489328037576794	0.3671052631578947	0.37359973654013534	0.3084680074021138
5	200	Normalized kNN (test)	1.0	0.18473987962019223	0.1773684210526316	0.1527222244050638	0.13742025601180852
5	200	Average Rating	1.0	0.12504626657333676	0.12210526315789473	0.10151165766779961	0.09198201160483845
5	200	Normalized kNN (full)	1.0	0.45300663143120135	0.33842105263157896	0.33934607736061373	0.28300113226332185
5	200	iMF (test)	1.0	0.2879292297945811	0.24947368421052632	0.25794300266465675	0.21171851079217271
1	500	kNN (full)	1.0	0.4162372732641319	0.30526315789473685	0.31493965821171915	0.25697172947796726
1	500	Random	1.0	0.026336357147380557	0.023421052631578947	0.020044549315569832	0.016598275180403983
1	500	iMF (full)	1.0	0.43435723651349006	0.3268421052631579	0.3382422820824332	0.2790667441780787
1	500	Popularity	1.0	0.28763330093846273	0.22631578947368422	0.2232403872007608	0.18524504273724823
1	500	kNN (test)	1.0	0.35937933114672055	0.2686842105263158	0.2666703910314844	0.2217864716394318
1	500	Normalized kNN (test)	1.0	0.07912423671064772	0.08342105263157895	0.07261314245155483	0.06425372710175281
1	500	Average Rating	1.0	0.05367137326671385	0.048421052631578955	0.04108057597990403	0.036678109164243466
1	500	Normalized kNN (full)	1.0	0.3134991690398945	0.24394736842105263	0.2619426591561877	0.21041746997469196
1	500	iMF (test)	1.0	0.1548440704558071	0.12631578947368421	0.133676490383307	0.10974600046074444
2	500	kNN (full)	1.0	0.41606205575665806	0.3031578947368421	0.31738119057424263	0.2576209704119207
2	500	Random	1.0	0.03331434959362551	0.02921052631578948	0.02434640807487205	0.02074714141109986
2	500	iMF (full)	1.0	0.43043461927353865	0.3218421052631579	0.33029459184086957	0.2700826014413404
2	500	Popularity	1.0	0.2706962032388354	0.2142105263157895	0.2054116655162898	0.17378036536865507
2	500	kNN (test)	1.0	0.35141307022230556	0.2673684210526316	0.26284581204823315	0.22033993381259698
2	500	Normalized kNN (test)	1.0	0.09813882463687099	0.09631578947368422	0.08335345732675258	0.07370609756403662
2	500	Average Rating	1.0	0.05812448649760647	0.05736842105263158	0.04534763705049071	0.04225192223631259
2	500	Normalized kNN (full)	1.0	0.3229421177712019	0.24342105263157895	0.26160513941764896	0.2090031268038045
2	500	iMF (test)	1.0	0.1693367188695661	0.14184210526315788	0.15150650837243057	0.1201241580943488
3	500	kNN (full)	1.0	0.42709785177380644	0.31657894736842107	0.31926088081942433	0.26574619812026185
3	500	Random	1.0	0.028062627656562478	0.02631578947368421	0.01799046002411887	0.01816504082934428
3	500	iMF (full)	1.0	0.44083776453507717	0.3368421052631579	0.3364006873152602	0.28087229096470256
3	500	Popularity	1.0	0.28089189038546536	0.21921052631578947	0.20036309098182126	0.173734851747849
3	500	kNN (test)	1.0	0.36435619641919215	0.27578947368421053	0.26843447411800503	0.22536674224297423
3	500	Normalized kNN (test)	1.0	0.0880943373899835	0.08631578947368422	0.0703177735396561	0.0629048256172619
3	500	Average Rating	1.0	0.06258073877130939	0.05894736842105264	0.044603149283822544	0.041095144287233105
3	500	Normalized kNN (full)	1.0	0.33496265254852275	0.2594736842105263	0.2631921769711859	0.21875736163236617
3	500	iMF (test)	1.0	0.1727282663650266	0.1436842105263158	0.15426232797437758	0.12190427409300585
4	500	kNN (full)	1.0	0.40749916305539174	0.3010526315789474	0.29869329974666287	0.2505022457462794
4	500	Random	1.0	0.02633247891208807	0.025	0.01823528793602022	0.018111724226832458
4	500	iMF (full)	1.0	0.4321374079051277	0.32789473684210524	0.3224088832372328	0.272639818248236
4	500	Popularity	1.0	0.26425800670958005	0.21289473684210528	0.19468766324447542	0.1671636750334928
4	500	kNN (test)	1.0	0.33669080905409576	0.26052631578947366	0.24419797039373947	0.20850599387688415
4	500	Normalized kNN (test)	1.0	0.08854885728917243	0.09526315789473686	0.07113251703050708	0.06909659725149966
4	500	Average Rating	1.0	0.05639904349155625	0.056315789473684215	0.03660925670301936	0.038019428463396766
4	500	Normalized kNN (full)	1.0	0.32762013334234796	0.2573684210526316	0.2623561264843108	0.21955251842357743
4	500	iMF (test)	1.0	0.15631870279092314	0.14026315789473684	0.13148260681679735	0.11573293275424049
5	500	kNN (full)	1.0	0.4263435354620519	0.3121052631578947	0.32369908195319175	0.2621320772826462
5	500	Random	1.0	0.023820370244653645	0.023157894736842106	0.017127915073015084	0.016221992850949725
5	500	iMF (full)	1.0	0.4457284003516592	0.33157894736842103	0.34544682035939045	0.28098441842278615
5	500	Popularity	1.0	0.2881804483861727	0.2268421052631579	0.21797243330503238	0.18287202813356185
5	500	kNN (test)	1.0	0.3641676191893969	0.2789473684210526	0.27042083276823875	0.22762612235786567
5	500	Normalized kNN (test)	1.0	0.07585947887267798	0.07973684210526316	0.06657569089113476	0.06070457497685193
5	500	Average Rating	1.0	0.04408142425596732	0.04657894736842105	0.033760638403164185	0.03303770412576612
5	500	Normalized kNN (full)	1.0	0.32367469087082656	0.24210526315789474	0.2648774085928874	0.20928864480902984
5	500	iMF (test)	1.0	0.16638237544128967	0.14105263157894737	0.13783054605818426	0.11553641935150183
1	1000	kNN (full)	1.0	0.33272194152422024	0.24263157894736842	0.24956706292268133	0.20337831451531732
1	1000	Random	1.0	0.016359718729906575	0.015000000000000001	0.011877596863277055	0.011021669820782417
1	1000	iMF (full)	1.0	0.3500815753575899	0.2615789473684211	0.26303036672795876	0.218647016288948
1	1000	Popularity	1.0	0.20336390748621577	0.16052631578947368	0.14713331498119284	0.12685377631972306
1	1000	kNN (test)	1.0	0.2795765478396046	0.20736842105263156	0.19951535445769283	0.16794648369385662
1	1000	Normalized kNN (test)	1.0	0.030937726505337316	0.03263157894736842	0.029807873228341754	0.02545596199270845
1	1000	Average Rating	1.0	0.026639588749970387	0.019473684210526317	0.015011982828165795	0.0140260663101884
1	1000	Normalized kNN (full)	1.0	0.2302983907989406	0.1818421052631579	0.20720238973096847	0.16164602901291217
1	1000	iMF (test)	1.0	0.08569790028675205	0.07289473684210528	0.07928778941584617	0.06393017207030184
2	1000	kNN (full)	1.0	0.32414024471161434	0.24236842105263157	0.2432089110860691	0.19997477799117486
2	1000	Random	1.0	0.015448654514064913	0.012105263157894739	0.008486857638372544	0.008035325538000038
2	1000	iMF (full)	1.0	0.3386428377642578	0.2563157894736842	0.2551846214375751	0.21253315608708515
2	1000	Popularity	1.0	0.19037112351774557	0.1518421052631579	0.14222890004323538	0.11985870814876579
2	1000	kNN (test)	1.0	0.2697839155966117	0.20842105263157895	0.19592570419915933	0.16606486827495293
2	1000	Normalized kNN (test)	1.0	0.0446947162843808	0.04710526315789474	0.035548190754648074	0.03351359449769175
2	1000	Average Rating	1.0	0.028950857127841578	0.030000000000000002	0.022758748829943533	0.02158297014017301
2	1000	Normalized kNN (full)	1.0	0.21955551703544207	0.17078947368421055	0.18580442640391798	0.14651185990099977
2	1000	iMF (test)	1.0	0.08178310368981277	0.0731578947368421	0.08049432026204606	0.06358264927420386
3	1000	kNN (full)	1.0	0.3277247515950698	0.24263157894736842	0.24027491191280356	0.19988742366782478
3	1000	Random	1.0	0.01645224935593017	0.015526315789473685	0.008397570263009416	0.009068902204554221
3	1000	iMF (full)	1.0	0.35331367605993635	0.2681578947368421	0.26033284767556736	0.21941338863238324
3	1000	Popularity	1.0	0.2003022850412316	0.16210526315789475	0.14020616968809593	0.12437451391633156
3	1000	kNN (test)	1.0	0.27795414192353973	0.20789473684210527	0.1918869711598883	0.16521852986961774
3	1000	Normalized kNN (test)	1.0	0.04175448595148595	0.04342105263157895	0.0339142245977786	0.03125576520382107
3	1000	Average Rating	1.0	0.030749745469367925	0.02947368421052632	0.02098544152741508	0.01967012474913171
3	1000	Normalized kNN (full)	1.0	0.23385725903540847	0.185	0.20317821524103616	0.16103486124852798
3	1000	iMF (test)	1.0	0.09093967154889046	0.07894736842105263	0.07847517297701036	0.06522552308829996
4	1000	kNN (full)	1.0	0.31685111308753156	0.23473684210526316	0.22849828943455183	0.19313380089586374
4	1000	Random	1.0	0.015839808810373	0.013157894736842105	0.013432684279922828	0.009526417487070154
4	1000	iMF (full)	1.0	0.3397030593129367	0.2581578947368421	0.25100446457305636	0.21304206202838671
4	1000	Popularity	1.0	0.1923981783680129	0.15763157894736843	0.13820682662367448	0.12069282783942209
4	1000	kNN (test)	1.0	0.25168606276887645	0.19447368421052633	0.17668181494765622	0.15383900810722287
4	1000	Normalized kNN (test)	1.0	0.03758957764192559	0.04342105263157895	0.03010209963416975	0.02961075776324323
4	1000	Average Rating	1.0	0.029774983305578057	0.028421052631578948	0.01772404968098556	0.018826709456378116
4	1000	Normalized kNN (full)	1.0	0.2218702207237429	0.1786842105263158	0.19285490530180052	0.15553928720543667
4	1000	iMF (test)	1.0	0.0841330129464897	0.07578947368421053	0.0772521215728679	0.06434440339553263
5	1000	kNN (full)	1.0	0.3450865698509413	0.25526315789473686	0.25372589576900656	0.2097019600289825
5	1000	Random	1.0	0.013542006571802781	0.013157894736842105	0.00984058345528315	0.009733875978148735
5	1000	iMF (full)	1.0	0.3575333939268187	0.2713157894736842	0.26904267324094294	0.22313142211181394
5	1000	Popularity	1.0	0.20560453360917705	0.1655263157894737	0.1501667692659026	0.12877137080112502
5	1000	kNN (test)	1.0	0.2778940039112116	0.21052631578947367	0.19302261529699885	0.16495060778909434
5	1000	Normalized kNN (test)	1.0	0.027001210890903807	0.031315789473684214	0.024558355423918814	0.022867378074459585
5	1000	Average Rating	1.0	0.017985097972730235	0.017105263157894738	0.010917994275985348	0.01101973912585985
5	1000	Normalized kNN (full)	1.0	0.22968078787518853	0.18000000000000002	0.2013278627643681	0.15583108216682537
5	1000	iMF (test)	1.0	0.09602538343755132	0.08473684210526317	0.0843655800890511	0.06970255850496086
1	2000	kNN (full)	1.0	0.2522460077466684	0.18552631578947368	0.18674246554773968	0.15395305584384675
1	2000	Random	1.0	0.009852144584057736	0.00868421052631579	0.00917136809725771	0.007026023269245274
1	2000	iMF (full)	1.0	0.2550011846172342	0.19289473684210526	0.18514377854783257	0.1589361724003144
1	2000	Popularity	1.0	0.13983044809073628	0.11368421052631579	0.09780015707649144	0.08746419022171044
1	2000	kNN (test)	1.0	0.20807463056395403	0.1560526315789474	0.1469115900953497	0.12596437353078996
1	2000	Normalized kNN (test)	1.0	0.00793062437732761	0.007105263157894737	0.00878184675547037	0.0058693213307110656
1	2000	Average Rating	1.0	0.018509567953277704	0.01105263157894737	0.007732724434716133	0.007734380430779903
1	2000	Normalized kNN (full)	1.0	0.14459609448894772	0.11605263157894737	0.13563400594012295	0.10455112578084975
1	2000	iMF (test)	1.0	0.0417693205657014	0.03894736842105263	0.038629549416702706	0.03251651594367798
2	2000	kNN (full)	1.0	0.24621096754152746	0.18526315789473685	0.18216068436504615	0.15080251696415253
2	2000	Random	1.0	0.007459772623520253	0.006315789473684211	0.006151994833283591	0.0049265112986367175
2	2000	iMF (full)	1.0	0.25002371890101266	0.19236842105263158	0.18611177498034845	0.15649594422920227
2	2000	Popularity	1.0	0.12794437035433615	0.10368421052631578	0.08963111959364217	0.07932068268722485
2	2000	kNN (test)	1.0	0.19487599435905306	0.1492105263157895	0.13344920812815372	0.1158603424993235
2	2000	Normalized kNN (test)	1.0	0.015447656833928448	0.017631578947368422	0.01146982267488599	0.011594176446766392
2	2000	Average Rating	1.0	0.011045466189211763	0.009210526315789473	0.007571860202375082	0.00632166195617219
2	2000	Normalized kNN (full)	1.0	0.14225428555281938	0.11315789473684211	0.1302723304370918	0.09835588561454736
2	2000	iMF (test)	1.0	0.04371749165131357	0.03894736842105263	0.03842773743821204	0.03173889282349459
3	2000	kNN (full)	1.0	0.25211683686167136	0.18263157894736842	0.17999213773195152	0.14942405357653657
3	2000	Random	1.0	0.010076217488254286	0.008947368421052633	0.005920016098558051	0.005949834719810522
3	2000	iMF (full)	1.0	0.2628786796534778	0.2005263157894737	0.19185057986688897	0.16208272266795945
3	2000	Popularity	1.0	0.1365398015691507	0.11026315789473684	0.09556584352159193	0.0838120722572784
3	2000	kNN (test)	1.0	0.20312039785602726	0.15526315789473685	0.13600394550498837	0.11937988462489703
3	2000	Normalized kNN (test)	1.0	0.01828384841679796	0.02	0.016662832412183894	0.014507525208914991
3	2000	Average Rating	1.0	0.011723095352981243	0.010526315789473684	0.006305416690302677	0.006922097569161889
3	2000	Normalized kNN (full)	1.0	0.14914294763194624	0.12289473684210526	0.14638274807378793	0.11074284298980079
3	2000	iMF (test)	1.0	0.045295244562879616	0.039473684210526314	0.04315241537296766	0.033888430738050965
4	2000	kNN (full)	1.0	0.24937781600158523	0.18289473684210528	0.17591573306532007	0.1484179218230277
4	2000	Random	1.0	0.006878302207743703	0.006315789473684211	0.0033808103021025345	0.0038354946055528397
4	2000	iMF (full)	1.0	0.2526526579317047	0.19421052631578947	0.17839811231254016	0.15561988586668304
4	2000	Popularity	1.0	0.12330194916179651	0.10447368421052633	0.08799236140339874	0.07694158605434312
4	2000	kNN (test)	1.0	0.18384421753733823	0.14421052631578948	0.12392233259828025	0.1102025564373881
4	2000	Normalized kNN (test)	1.0	0.010429084831379302	0.012368421052631579	0.007023703639637813	0.007779932655000705
4	2000	Average Rating	1.0	0.01384826195654861	0.011578947368421053	0.006991561086227813	0.007584539850415469
4	2000	Normalized kNN (full)	1.0	0.13845953734118466	0.115	0.1282129573962604	0.10113482880335474
4	2000	iMF (test)	1.0	0.043088777531499804	0.04	0.0362671531438121	0.03201647104367899
5	2000	kNN (full)	1.0	0.261720301501165	0.1918421052631579	0.19040562968284463	0.15605836962551872
5	2000	Random	1.0	0.005890171992856874	0.005789473684210527	0.003140580027432323	0.0036286358583720074
5	2000	iMF (full)	1.0	0.26312621313860773	0.2005263157894737	0.19269616499591988	0.16234775092573417
5	2000	Popularity	1.0	0.14451189342926524	0.11710526315789474	0.1049936327013588	0.08903556432496393
5	2000	kNN (test)	1.0	0.2070420509551712	0.15289473684210528	0.1338699228591574	0.1163069550938275
5	2000	Normalized kNN (test)	1.0	0.0065930825185421755	0.007631578947368422	0.005443588997934834	0.004928238700414546
5	2000	Average Rating	1.0	0.008429032648796093	0.007894736842105263	0.0035748811805168504	0.004345152254815332
5	2000	Normalized kNN (full)	1.0	0.15192796396619082	0.11947368421052632	0.14519179715332545	0.10651386515411769
5	2000	iMF (test)	1.0	0.04708757390241125	0.04289473684210526	0.040391504270304156	0.034849962870252646
1	2913	kNN (full)	1.0	0.21322575764947344	0.15552631578947368	0.15963512159796595	0.12950488972333976
1	2913	Random	1.0	0.004845699667604889	0.004736842105263158	0.003937792299149464	0.003364847367720674
1	2913	iMF (full)	1.0	0.21383656151444255	0.16473684210526315	0.15377451700341052	0.13368205412187056
1	2913	Popularity	1.0	0.11138453949696045	0.09131578947368421	0.0749658361961909	0.06842268285186227
1	2913	kNN (test)	1.0	0.17498553417464213	0.13210526315789475	0.12431821337225685	0.10600971691500104
1	2913	Normalized kNN (test)	1.0	0.004505615620585957	0.00368421052631579	0.005333424625115101	0.003187121036233725
1	2913	Average Rating	1.0	0.016038353431455037	0.009210526315789473	0.005638235494975476	0.006027147605126025
1	2913	Normalized kNN (full)	1.0	0.10944387710734119	0.08973684210526316	0.10834409992183622	0.08123119715089491
1	2913	iMF (test)	1.0	0.03290435028204696	0.02736842105263158	0.030415093855306573	0.024034878007549124
2	2913	kNN (full)	1.0	0.2060668841434778	0.1563157894736842	0.1506123536519652	0.126195168814517
2	2913	Random	1.0	0.005904438580331587	0.004736842105263158	0.0026900577860660287	0.0028344038188694706
2	2913	iMF (full)	1.0	0.20848935923741596	0.16	0.15423177849612005	0.12947347496784606
2	2913	Popularity	1.0	0.10291973837873102	0.085	0.07313190220585958	0.06458781938056195
2	2913	kNN (test)	1.0	0.16081047682148203	0.12394736842105264	0.10736052329704163	0.09494193427815831
2	2913	Normalized kNN (test)	1.0	0.00809260469803958	0.009210526315789473	0.0046101137842155535	0.005485854177036549
2	2913	Average Rating	1.0	0.007680617141416671	0.006842105263157895	0.005749397624388526	0.0051255147474530945
2	2913	Normalized kNN (full)	1.0	0.10688519677701162	0.08736842105263158	0.10255897175445808	0.07626980597317908
2	2913	iMF (test)	1.0	0.027547402679052025	0.025	0.025680752347410733	0.0221638270794736
3	2913	kNN (full)	1.0	0.21430719199451764	0.1531578947368421	0.1517296038461943	0.12429171382094081
3	2913	Random	1.0	0.00375205494790106	0.004210526315789474	0.002805455186126797	0.0025108564818790546
3	2913	iMF (full)	1.0	0.22486152776790977	0.16973684210526316	0.1631748121482957	0.13751425738519052
3	2913	Popularity	1.0	0.10850147874162382	0.08631578947368422	0.07431159755895299	0.06510835958417148
3	2913	kNN (test)	1.0	0.17026243353585657	0.12842105263157896	0.11217992196172281	0.09781371279417268
3	2913	Normalized kNN (test)	1.0	0.008832261197288908	0.008421052631578947	0.008065911838387167	0.006011125830493681
3	2913	Average Rating	1.0	0.008967576058057283	0.007894736842105263	0.004488882967256349	0.004909054612887181
3	2913	Normalized kNN (full)	1.0	0.11185811507888077	0.09368421052631579	0.11321374900329925	0.08467472518569263
3	2913	iMF (test)	1.0	0.025647664808910103	0.02394736842105263	0.026874360825232122	0.02054144482302849
4	2913	kNN (full)	1.0	0.21130339377651197	0.15578947368421053	0.14832528552416857	0.126095852453365
4	2913	Random	1.0	0.004948686823829573	0.003947368421052632	0.002571026038440843	0.0025855986396825636
4	2913	iMF (full)	1.0	0.21863945533086301	0.17026315789473684	0.15216754351303222	0.1352661477443267
4	2913	Popularity	1.0	0.0985185598066469	0.08157894736842106	0.06876497570237917	0.059202086350532326
4	2913	kNN (test)	1.0	0.15493768336598018	0.1218421052631579	0.10725095335863291	0.09341763835697092
4	2913	Normalized kNN (test)	1.0	0.004616579324134113	0.005789473684210527	0.0033217942716792627	0.00366111041222507
4	2913	Average Rating	1.0	0.010948407887953726	0.00868421052631579	0.005152634682122984	0.005596869525177085
4	2913	Normalized kNN (full)	1.0	0.10609946072394848	0.08947368421052632	0.09915210326257079	0.07793534882811862
4	2913	iMF (test)	1.0	0.020773962183762724	0.020789473684210528	0.018980165694013607	0.017100493671606494
5	2913	kNN (full)	1.0	0.22267157459731085	0.16447368421052633	0.16037307374457538	0.13205825451261188
5	2913	Random	1.0	0.0038844013880313215	0.0028947368421052633	0.0030249612711147696	0.0022909067661966652
5	2913	iMF (full)	1.0	0.22309901245093777	0.16842105263157894	0.15988165792966105	0.13485699518228145
5	2913	Popularity	1.0	0.10968734661742024	0.09131578947368421	0.08203749146921939	0.06927516293281896
5	2913	kNN (test)	1.0	0.1747197894192542	0.1318421052631579	0.11295978008211967	0.09873127643690723
5	2913	Normalized kNN (test)	1.0	0.0024294350919943	0.002631578947368421	0.0020987507350372415	0.0016316929955373892
5	2913	Average Rating	1.0	0.005815317920347998	0.004473684210526316	0.0021941027054615324	0.0026018104541086244
5	2913	Normalized kNN (full)	1.0	0.1130298052990749	0.08894736842105264	0.1106975697763136	0.08014994596684545
5	2913	iMF (test)	1.0	0.031788837107541074	0.03105263157894737	0.030060411704838353	0.025578953983468992
