fold	target size	recommender system	Coverage@10	nDCG@10	P@10	Recall@10	FScore@10
1	100	Average Rating	1.0	0.16577409415750377	0.1499503311258278	0.10167398953289862	0.09796257713554465
5	100	Average Rating	1.0	0.18977816870677364	0.15948675496688744	0.1065708409338182	0.10344255341212746
2	100	Average Rating	1.0	0.17688281962739003	0.1632615894039735	0.11270879875614383	0.10795173638370328
1	100	iMF (test)	1.0	0.5850044263234786	0.4833443708609272	0.41771420583029273	0.36599103695476853
5	100	iMF (test)	1.0	0.5877142892103272	0.48859271523178804	0.42400187414568247	0.37137108278841524
2	100	iMF (test)	1.0	0.5940913488339932	0.49266556291390723	0.42860960520701946	0.3750132480664369
1	100	Normalized kNN (full)	0.7334105960264901	0.5571922995237553	0.45023178807947023	0.34274755142560603	0.3248715955281939
1	100	Random	1.0	0.1439701931671382	0.132317880794702	0.0840662523039552	0.08351920373957253
5	100	Normalized kNN (full)	0.728907284768212	0.5611784995774388	0.4523344370860927	0.3441330508308585	0.3258100644302949
5	100	Random	1.0	0.13351038063102355	0.1255794701986755	0.08076387907915707	0.08001484030408387
2	100	Normalized kNN (full)	0.7344370860927152	0.5532538082440728	0.4479139072847682	0.3404688389395411	0.32295596818103295
2	100	Random	1.0	0.13958592030578298	0.13048013245033113	0.0825628002916164	0.08253158549183823
1	100	iMF (full)	1.0	0.7221803678894925	0.5770695364238411	0.5109335133865254	0.44566499682529837
1	100	Popularity	1.0	0.5103128546115744	0.4343708609271523	0.3522520536682759	0.3163762346325995
5	100	iMF (full)	1.0	0.7231341628818263	0.5794867549668874	0.51028050149313	0.447450029076256
5	100	Popularity	1.0	0.5186407502425281	0.44052980132450337	0.3641346204863958	0.3248123371532612
1	100	kNN (test)	1.0	0.6621079175794026	0.528046357615894	0.464641171142307	0.40488669397841975
5	100	kNN (test)	0.9999834437086093	0.6707700033965699	0.537317880794702	0.47284327685019684	0.41230323698884364
2	100	iMF (full)	1.0	0.7204838532596098	0.5762417218543047	0.5088859658312619	0.4446598866168741
2	100	Popularity	1.0	0.5180535283491376	0.44249999999999995	0.36318953855083047	0.32563448650136495
2	100	kNN (test)	1.0	0.6616060405788944	0.5290562913907285	0.466879401362384	0.40630016864527563
1	100	Normalized kNN (test)	1.0	0.3242979046515297	0.2710761589403973	0.20155400587607797	0.1882559104975632
5	100	Normalized kNN (test)	1.0	0.35402787228048194	0.2904635761589404	0.21231257573189719	0.1994829470119261
1	100	kNN (full)	0.9997019867549669	0.6680354337141232	0.5320033112582782	0.46751875571793067	0.4076584074285215
5	100	kNN (full)	0.9989569536423841	0.677321449999054	0.5404635761589404	0.47569742008006033	0.4147435833000505
2	100	Normalized kNN (test)	1.0	0.3424519364437798	0.2812913907284768	0.20763204350732212	0.19451297036191545
2	100	kNN (full)	0.9983278145695363	0.6682529603143864	0.5331622516556291	0.4689364180007144	0.40898156373347117
3	5	Average Rating	0.9716059602649006	0.7798031357100138	0.615	0.5751107372906372	0.48492815491035096
3	2000	Average Rating	1.0	0.05867900911778155	0.06480132450331126	0.03727827125796287	0.03842908191652799
3	5	iMF (test)	0.9842218543046357	0.8345758938001021	0.6625	0.6132450154434744	0.5237874080427308
3	2000	iMF (test)	1.0	0.2292579970829052	0.19864238410596025	0.14290777850624273	0.13446870653850698
3	5	Normalized kNN (full)	0.6828145695364238	0.6396126432474196	0.5083774834437086	0.36638152002204	0.35598581497008697
3	5	Random	0.9842218543046357	0.5547929821368498	0.46236754966887417	0.47186319638946034	0.38014245378999384
3	2000	Normalized kNN (full)	0.9628311258278146	0.28154959933574475	0.23225165562913908	0.20297833034402907	0.17570822548695592
3	2000	Random	1.0	0.010582455989074542	0.010413907284768213	0.005495650482355599	0.005836918634057181
3	50	Average Rating	1.0	0.5984202439392214	0.5030794701986755	0.42193574674347656	0.37419852663980585
3	50	iMF (test)	1.0	0.7501146689831099	0.6144205298013244	0.5519896503098313	0.47642162866718785
3	50	Normalized kNN (full)	0.7022185430463576	0.6154384556640512	0.49354304635761587	0.3590973240387914	0.3468002565575297
3	50	Random	1.0	0.21146210793202136	0.19531456953642384	0.1372739007336858	0.13060215237997264
3	50	kNN (full)	0.9838079470198675	0.7487871093975397	0.5968377483443709	0.5425112220989613	0.46586316953772217
3	50	Popularity	1.0	0.6020082251273817	0.5152152317880795	0.47514888704719366	0.4042345797148262
3	50	kNN (test)	0.9989735099337749	0.7477866265321292	0.5979966887417218	0.549391857780593	0.4687662181674024
3	5	iMF (full)	0.9842218543046357	0.8174498615144097	0.643476821192053	0.6007008715544441	0.5108388672127799
3	5	Popularity	0.9716059602649006	0.7233655351896574	0.5859271523178808	0.5693867089151742	0.47411847187301925
3	2000	iMF (full)	1.0	0.47042724678200387	0.37927152317880797	0.29376374600378974	0.26968743768767384
3	2000	Popularity	1.0	0.258124410537857	0.21488410596026492	0.1416594036859692	0.13791098242977834
3	50	Normalized kNN (test)	1.0	0.6685011456956956	0.5556622516556291	0.48352476071508427	0.4216747188266928
3	5	kNN (test)	0.9326490066225165	0.8116277196773719	0.6375993377483443	0.59205011207938	0.5051010569246741
3	2000	kNN (test)	1.0	0.42865120060974016	0.34129139072847686	0.2617094562388689	0.23972702050102218
1	200	Average Rating	1.0	0.12051725750703392	0.12251655629139073	0.08189130724413121	0.07939868235460983
5	200	Average Rating	1.0	0.17385059687374896	0.14036423841059603	0.09172317362310455	0.0900525296593612
3	50	iMF (full)	1.0	0.7770096083913836	0.6179966887417219	0.5601801129704266	0.4831308150481509
1	200	iMF (test)	1.0	0.5135486790758055	0.4260099337748344	0.3515189451293558	0.3139689696214061
5	200	iMF (test)	1.0	0.5212313208067213	0.4353973509933775	0.3594219659031673	0.32196613374447547
2	200	Average Rating	1.0	0.16183235397096485	0.14377483443708608	0.09824071398402881	0.09443357973327621
3	5	Normalized kNN (test)	0.9592880794701988	0.7960972732198134	0.632069536423841	0.5868734001026548	0.49831781555573806
2	200	iMF (test)	1.0	0.5199989429370394	0.432864238410596	0.3556647821312237	0.31939812224700154
1	200	Normalized kNN (full)	0.7678642384105959	0.5216370275401524	0.4197185430463576	0.3265080076091221	0.3054546298926634
1	200	Random	1.0	0.08316118528196062	0.07721854304635763	0.045377755886460446	0.04641394438683415
5	200	Normalized kNN (full)	0.7697350993377483	0.5277819584634289	0.4245860927152318	0.32886181599894515	0.307729312546242
5	200	Random	1.0	0.08518744312772955	0.08114238410596027	0.0475768504360743	0.04862614655900594
3	5	kNN (full)	0.9018211920529802	0.8029737488334229	0.6316887417218543	0.576921168946633	0.49686458694769997
3	2000	Normalized kNN (test)	1.0	0.10810032455286316	0.10329470198675496	0.05528655216165458	0.06008184483286461
3	2000	kNN (full)	1.0	0.4324258763154133	0.3449834437086092	0.26803462076603995	0.24394127892676867
2	200	Normalized kNN (full)	0.7704635761589405	0.5210641409386146	0.42124172185430464	0.32559932843387557	0.30546418585297763
2	200	Random	1.0	0.08509741804752316	0.07947019867549669	0.0463507668830266	0.047658265179678215
3	200	Average Rating	1.0	0.18947335648415664	0.16198675496688741	0.10595581308120061	0.10337532177797229
3	3706	Average Rating	1.0	0.016157669009139782	0.020413907284768214	0.010538791024920014	0.011505535385975558
3	200	iMF (test)	1.0	0.5190675448055547	0.4319867549668874	0.35022030724272496	0.31467420786676137
3	3706	iMF (test)	1.0	0.13930347290037493	0.12206953642384107	0.08410577602452066	0.08061012987447837
3	100	Average Rating	1.0	0.20456134911813514	0.1821688741721854	0.12246852228925167	0.11817641895179024
3	200	Normalized kNN (full)	0.7808609271523178	0.5205686983928254	0.41985099337748344	0.3238611072013632	0.3027082774452824
3	200	Random	1.0	0.08223706579238863	0.07701986754966887	0.04309005973464803	0.044806043073148595
3	100	iMF (test)	1.0	0.5954727655714417	0.4914569536423841	0.42013575771624595	0.36852139508431675
3	3706	Normalized kNN (full)	0.9953145695364238	0.1727277858554996	0.1463245033112583	0.13185913773472022	0.11128046602303011
3	3706	Random	1.0	0.006243529023202341	0.005711920529801325	0.0028171489401853374	0.0029156987939039035
3	100	Normalized kNN (full)	0.7389072847682119	0.5545828446522354	0.4484105960264901	0.3400274633639071	0.32167635558906343
3	100	Random	1.0	0.13642771540928653	0.1259271523178808	0.08126401236536572	0.07971742981473191
1	200	iMF (full)	1.0	0.6807832196891971	0.5432781456953643	0.46650648226611047	0.4123817220450924
1	200	Popularity	1.0	0.46926112604570297	0.3929470198675497	0.3044664334304026	0.2791086967673762
5	200	iMF (full)	1.0	0.6799226029538519	0.5451490066225165	0.4670067580688163	0.4140010195780392
5	200	Popularity	1.0	0.46932739452979544	0.3902980132450331	0.29989645262852954	0.2771005654474022
1	200	kNN (test)	1.0	0.6343772009148303	0.5029801324503311	0.432145640940959	0.3800409987570626
5	200	kNN (test)	1.0	0.6417089228992024	0.5116225165562913	0.4371502883108297	0.38603570490507577
2	200	iMF (full)	1.0	0.6793441993134275	0.5440562913907284	0.4663361021054214	0.41315626014450446
2	200	Popularity	1.0	0.46861719469329316	0.3920529801324503	0.3043382497413754	0.27941489508538725
2	200	kNN (test)	1.0	0.6339241471324563	0.5042384105960265	0.432152048739762	0.3810310672778262
1	200	Normalized kNN (test)	1.0	0.28067114665628196	0.24201986754966887	0.1753706682509246	0.1660720655164143
5	200	Normalized kNN (test)	1.0	0.32310480133167624	0.26642384105960265	0.18546577463325425	0.17852087509879283
1	200	kNN (full)	1.0	0.6374837487574742	0.5051986754966887	0.43125265018430897	0.38090712710053437
5	200	kNN (full)	1.0	0.6453807032771172	0.5129801324503311	0.43766174682462666	0.3866167162269291
2	200	Normalized kNN (test)	1.0	0.3149499984025503	0.2602483443708609	0.18559927677838042	0.1765738451009675
2	200	kNN (full)	1.0	0.6385111106490977	0.5066059602649007	0.4329659680885295	0.3824557422397371
3	200	iMF (full)	1.0	0.6742656534864357	0.5379966887417219	0.461124271959111	0.4058334274066863
3	200	Popularity	1.0	0.4511073060553278	0.37705298013245037	0.288945817022438	0.2659464613026264
3	3706	iMF (full)	1.0	0.361104614327743	0.29201986754966885	0.21663571418000543	0.2012652300766039
3	3706	Popularity	1.0	0.17098256441647924	0.1456291390728477	0.08334995244718131	0.08611383679729186
3	200	kNN (test)	1.0	0.632671679289011	0.5029139072847681	0.4268695452622708	0.37629744898341455
3	3706	kNN (test)	1.0	0.3197219126703091	0.2540066225165563	0.18777805956208307	0.17373833358611288
2	5	Average Rating	0.9864735099337749	0.785756529178652	0.6213741721854305	0.580954051968739	0.4932154822819375
3	100	iMF (full)	1.0	0.7149078226123741	0.5716556291390729	0.5040839523509391	0.4387704132439253
3	100	Popularity	1.0	0.4944998902994081	0.42379139072847677	0.3449036380571099	0.30921221535895954
2	5	iMF (test)	0.9864900662251656	0.8556497464252858	0.6749503311258278	0.6265162677640498	0.5378766119959533
3	100	kNN (test)	1.0	0.6617906074978984	0.5285761589403973	0.462823804234694	0.40236481801235185
3	20	Average Rating	1.0	0.6651793417572256	0.5594205298013245	0.4882267477532776	0.42493949417774995
2	5	Normalized kNN (full)	0.678046357615894	0.6439443816588358	0.5116556291390728	0.36885075710315657	0.3598067793373254
2	5	Random	0.9864900662251656	0.5436450878002871	0.45849337748344376	0.4709898824206992	0.37953426160392
3	20	iMF (test)	1.0	0.7597269306812484	0.6208609271523179	0.5616057207492345	0.48279471080597824
3	200	Normalized kNN (test)	1.0	0.33044739337794055	0.27114238410596025	0.19060539507769592	0.18218918610416432
3	200	kNN (full)	1.0	0.6363051635877357	0.5049006622516556	0.4275866254013895	0.37750280139099623
3	3706	Normalized kNN (test)	1.0	0.04176069379828109	0.0468046357615894	0.022170399397475442	0.025551788839879894
3	20	Normalized kNN (full)	0.6997185430463576	0.6164530695103193	0.49461920529801323	0.3598779783019068	0.34761475124400854
3	20	Random	1.0	0.3424168143494804	0.30614238410596023	0.25374476650614586	0.22480838617623167
3	3706	kNN (full)	1.0	0.32313846353978104	0.25682119205298015	0.19324072581436288	0.17720557299069697
3	100	Normalized kNN (test)	1.0	0.3522728701605398	0.28822847682119207	0.21017361546166213	0.19712761686843436
3	100	kNN (full)	0.9993874172185431	0.6682041503988395	0.5327980132450331	0.46578404797333584	0.40544379000741193
2	5	iMF (full)	0.9864900662251656	0.8273837041024423	0.6520529801324504	0.609017918457971	0.5207110992088558
2	5	Popularity	0.9864735099337749	0.7803786221373545	0.6142384105960265	0.5890750876087298	0.4971758024824162
2	5	kNN (test)	0.9266721854304636	0.82733512312385	0.6502483443708609	0.6038524279173559	0.518575606129296
1	50	Average Rating	1.0	0.47987334165910894	0.43892384105960264	0.3693192862039911	0.32690693135854365
5	50	Average Rating	1.0	0.5094378738468351	0.44094370860927157	0.3608838864975767	0.325516023835495
3	20	iMF (full)	1.0	0.7817835901519318	0.6204635761589404	0.568525096730052	0.4873273545593855
3	20	Popularity	1.0	0.6075878429676108	0.5198344370860928	0.48643957925137793	0.4103344649852265
1	50	iMF (test)	1.0	0.7661766567894347	0.6255132450331126	0.569611914459825	0.4903938046002317
5	50	iMF (test)	1.0	0.764808599893283	0.6273675496688742	0.5681841656378487	0.4917742393200672
3	20	kNN (test)	0.9919039735099339	0.7504129156855108	0.6001986754966887	0.5543429567716449	0.471645105101721
2	50	Average Rating	1.0	0.4505391156397913	0.43632450331125827	0.38041393894203235	0.3334604812805917
1	50	Normalized kNN (full)	0.6978476821192053	0.6241841412635355	0.5008443708609271	0.3646709701944318	0.3535623903397095
1	50	Random	1.0	0.20764419318814753	0.19178807947019869	0.13567584976430605	0.1291297036306649
2	50	iMF (test)	1.0	0.7726657819098929	0.6302483443708609	0.574717771901039	0.49540322452073
5	50	Normalized kNN (full)	0.6954635761589405	0.6218663802672473	0.49832781456953645	0.364235781381075	0.3520197271919434
5	50	Random	1.0	0.21243473344065955	0.19258278145695365	0.13565112622204142	0.1299702085496967
2	5	Normalized kNN (test)	0.9618874172185431	0.8098989513237601	0.6435099337748345	0.5984152458959785	0.5113193078236268
2	5	kNN (full)	0.8893708609271523	0.8155786346349476	0.6425165562913907	0.5857179108387287	0.5081713371201089
2	50	Normalized kNN (full)	0.6975496688741721	0.619473000415058	0.49720198675496685	0.36194183058472235	0.3509312284196635
2	50	Random	1.0	0.21200722356787022	0.19105960264900662	0.1389723347499659	0.13052048418512274
3	20	Normalized kNN (test)	0.9997847682119205	0.6930176992989315	0.5750331125827814	0.5105186593360203	0.4406632433926961
4	100	Average Rating	1.0	0.18445581673325057	0.16572847682119204	0.10745299228879612	0.10648845321398313
3	20	kNN (full)	0.965976821192053	0.7518248405573953	0.5995529801324504	0.5473619481442455	0.46915062745104
4	100	iMF (test)	1.0	0.5924504163565542	0.4933443708609272	0.4314264318567924	0.37606944701710865
4	100	Normalized kNN (full)	0.732748344370861	0.5583689195135496	0.45162251655629143	0.3434605749556846	0.3253121420344737
4	100	Random	1.0	0.13367111727422032	0.12471854304635763	0.07897332049436279	0.07850796349833208
3	1	Average Rating	0.9096688741721853	0.8196112573334351	0.6484271523178808	0.6107879924279439	0.5176913172151654
3	1	iMF (test)	0.9097516556291391	0.8461834089978842	0.670546357615894	0.6223507821029723	0.531506011710818
3	1000	Average Rating	1.0	0.09274037639872582	0.09986754966887418	0.06375355387786326	0.0627532279052618
3	1000	iMF (test)	1.0	0.3168283340216295	0.27056291390728476	0.2062408364682974	0.18910023847304924
3	1	Normalized kNN (full)	0.6823013245033113	0.6413375605441407	0.5101655629139072	0.36709018620567757	0.35695685694677837
3	1	Random	0.9097516556291391	0.6636219668174802	0.5334271523178808	0.5509148837143966	0.4474348496777829
3	1000	Normalized kNN (full)	0.9010596026490065	0.37625881734122596	0.30649006622516556	0.25828615281235684	0.22932712007518585
3	1000	Random	1.0	0.022111387402367892	0.021440397350993377	0.010263643877182642	0.011516089879309922
1	50	iMF (full)	1.0	0.7890878236894067	0.6256125827814569	0.5678609158609262	0.49206868249204666
1	50	Popularity	1.0	0.632179777054324	0.5362086092715231	0.48991585849213265	0.4197238831039001
5	50	iMF (full)	1.0	0.7884063555510885	0.6272682119205297	0.568981390998575	0.49372714171946386
5	50	Popularity	1.0	0.6393684871133786	0.5433278145695364	0.5009457407439316	0.42860625711688544
1	50	kNN (test)	0.998476821192053	0.7632777256746448	0.6104139072847682	0.5621674517931313	0.48184334773314047
5	50	kNN (test)	0.9981788079470199	0.7614320237984311	0.6115397350993377	0.5595232423761821	0.4823262806204839
2	50	iMF (full)	1.0	0.787717534779199	0.6270033112582781	0.5697645114174762	0.49363288538638617
2	50	Popularity	1.0	0.6401072612868686	0.5455132450331126	0.5053816294247875	0.4312694509287252
2	50	kNN (test)	0.9964072847682119	0.7614823577386698	0.6115066225165563	0.5645584752442728	0.48356319053470065
1	50	Normalized kNN (test)	1.0	0.6729477328576947	0.5613741721854304	0.4968741357607015	0.43180461393595315
1	50	kNN (full)	0.9770860927152318	0.7611144514476812	0.6068543046357616	0.5536019433805974	0.47671949163352767
5	50	Normalized kNN (test)	1.0	0.6741611514894948	0.564023178807947	0.48797124216188864	0.42890310189026776
5	50	kNN (full)	0.9775496688741722	0.7609815114429562	0.6089569536423841	0.550891384711644	0.4779654431980992
2	50	Normalized kNN (test)	1.0	0.6731813542786836	0.5633774834437086	0.49834706688124564	0.4341560027674128
4	100	iMF (full)	1.0	0.7258854159748266	0.5812913907284768	0.5109331707318551	0.44799295369536585
4	100	Popularity	1.0	0.5184583715823569	0.44051324503311257	0.3593294278337239	0.3226804018425328
2	50	kNN (full)	0.9726986754966888	0.7612354979580557	0.6096523178807948	0.5548203455955162	0.4791963230177513
4	100	kNN (test)	1.0	0.6710351705475869	0.5372516556291391	0.47328965316045907	0.4123663361704002
2	20	Average Rating	1.0	0.6650759082120882	0.5577980132450331	0.4861401422014075	0.4259055352406546
2	20	iMF (test)	1.0	0.7748790769371204	0.6340066225165563	0.5821557733170779	0.5000764445787053
4	100	Normalized kNN (test)	1.0	0.33315231713305493	0.2803145695364238	0.20592399334983885	0.1932851988498525
3	1	iMF (full)	0.9097516556291391	0.8240020250181537	0.6485099337748345	0.6096072631542879	0.5170974954666597
3	1	Popularity	0.9096688741721853	0.732092393938059	0.5926986754966888	0.5807336612637821	0.48225269118876557
4	100	kNN (full)	0.9995033112582782	0.6764176503889925	0.5408940397350993	0.4753706860970872	0.41503002931209304
3	1	kNN (test)	0.8999337748344372	0.815049113891937	0.6405794701986754	0.5962391556562534	0.5084404238682189
3	1000	iMF (full)	1.0	0.553832192799145	0.44408940397351	0.3598134120716592	0.3237644395984443
3	1000	Popularity	1.0	0.3482865807663489	0.28577814569536425	0.20398391055719503	0.19273050679341794
2	20	Normalized kNN (full)	0.6954801324503311	0.6202576685417323	0.49794701986754963	0.3623662573932062	0.35143370768466686
2	20	Random	1.0	0.33977736589829655	0.30206953642384105	0.25334781623784897	0.22360299570189904
3	1000	kNN (test)	1.0	0.5168678765128428	0.41225165562913907	0.33089257445629533	0.29782761302466476
3	10	Average Rating	0.9998675496688741	0.7673118056729801	0.6040231788079471	0.5546223298929646	0.4713997260101012
3	10	iMF (test)	0.9999834437086093	0.8229817649785278	0.6551158940397351	0.601799847547658	0.5156712755664598
3	1	Normalized kNN (test)	0.906274834437086	0.8292497753059042	0.654271523178808	0.6113684469169268	0.520464932387224
3	1	kNN (full)	0.8852317880794702	0.8055959166757543	0.6339569536423841	0.5797009809733286	0.49928058659161234
3	1000	Normalized kNN (test)	1.0	0.1597970083065281	0.14445364238410596	0.08913099855517748	0.09020936906910793
3	10	Normalized kNN (full)	0.6845860927152317	0.638789979986555	0.5080960264900662	0.3662400311391686	0.3558078173603997
3	10	Random	0.9999834437086093	0.451010081268861	0.38942052980132447	0.3680478812646783	0.30552429842142265
3	1000	kNN (full)	1.0	0.5193241421319141	0.41299668874172185	0.3326736883903019	0.2989558412489546
2	20	iMF (full)	1.0	0.791071536434941	0.629817880794702	0.5760693800374427	0.49733227895923254
2	20	Popularity	1.0	0.6445712806541225	0.5493211920529801	0.5133585481094877	0.4361200639291262
2	20	kNN (test)	0.9883609271523178	0.7637219191402981	0.6132781456953642	0.5687586385835091	0.4859560273048048
1	2000	Average Rating	1.0	0.050519449175764466	0.05021523178807947	0.030752578978242774	0.031110260812796955
5	2000	Average Rating	1.0	0.04917305759041663	0.05948675496688742	0.036352502886040125	0.036589431932558245
1	2000	iMF (test)	1.0	0.22847730052918155	0.19758278145695365	0.14459845740042065	0.13534904403681242
5	2000	iMF (test)	1.0	0.22718954926377602	0.19581125827814572	0.14369646315026688	0.13450135543716077
2	20	Normalized kNN (test)	0.9998509933774835	0.6973128101864573	0.5819370860927152	0.5202472181845538	0.44963816099842757
2	2000	Average Rating	1.0	0.05172923413347933	0.0530794701986755	0.032389316526558624	0.03287334279791256
1	2000	Normalized kNN (full)	0.9619701986754967	0.2808341629974748	0.2339072847682119	0.20529945546674383	0.17809908972587243
1	2000	Random	1.0	0.011850108090469684	0.011192052980132452	0.00549991507512725	0.0060104447806425265
2	20	kNN (full)	0.9561092715231787	0.7634812849079321	0.6115728476821192	0.5583670444017169	0.48156889459655555
5	2000	Normalized kNN (full)	0.9597847682119206	0.2812169702338137	0.23347682119205299	0.2039217847306208	0.1768522853006363
5	2000	Random	1.0	0.011638581977811348	0.011307947019867549	0.005352278900002043	0.00603424688923301
3	10	iMF (full)	0.9999834437086093	0.8081170582978475	0.6380629139072848	0.5884865516959938	0.5039443109268531
3	10	Popularity	0.9998675496688741	0.7133175554531971	0.5777317880794702	0.5520022337292771	0.4635444923639814
2	2000	iMF (test)	1.0	0.22792936431625138	0.19683774834437087	0.14403695158702157	0.1351687596001807
4	5	Average Rating	0.9852980132450331	0.7780729595046451	0.6146688741721854	0.5659189478498124	0.4834278674657936
3	10	kNN (test)	0.9624834437086092	0.8077235267916174	0.6350827814569536	0.5879190467686789	0.5021282281620334
4	5	iMF (test)	0.9853311258278145	0.8531800456834626	0.6744536423841059	0.6229525349888768	0.5367274566803708
2	2000	Normalized kNN (full)	0.9604966887417218	0.2794601354528055	0.2333774834437086	0.20475894736041644	0.17752761785816923
2	2000	Random	1.0	0.01181799344874953	0.01110927152317881	0.005273522373709389	0.005780566567623457
4	200	Average Rating	1.0	0.14350419897711142	0.14443708609271522	0.09593087081781432	0.09387914864186381
4	5	Normalized kNN (full)	0.6790728476821193	0.6478644573653422	0.5151324503311259	0.37185075501603726	0.36200627317093065
4	5	Random	0.9853311258278145	0.551639286319793	0.4642384105960265	0.4734276038399373	0.38363529457255047
1	5	Average Rating	0.9854801324503312	0.7958632342138312	0.6277980132450331	0.5873602770608515	0.4983478725994874
4	200	iMF (test)	1.0	0.5202940274303481	0.43543046357615894	0.35940172269929754	0.32189467388532644
1	5	iMF (test)	0.9854966887417218	0.8580699547304435	0.6747847682119205	0.6270169630129391	0.537539636065647
3	10	Normalized kNN (test)	0.9900993377483444	0.7841840918034817	0.6229966887417219	0.5714262349746289	0.4874914774727626
3	10	kNN (full)	0.9244701986754967	0.7994685998089431	0.6297019867549669	0.5742255340076206	0.49465922978243065
4	200	Normalized kNN (full)	0.7745860927152318	0.5253360458147323	0.42334437086092713	0.3275956380253675	0.30656767601696966
4	200	Random	1.0	0.08351683150426381	0.07955298013245034	0.04624021141828819	0.047875564922851326
1	5	Normalized kNN (full)	0.6774503311258279	0.6467740184579682	0.514751655629139	0.371556321536463	0.3622664396055414
1	5	Random	0.9854966887417218	0.5465853175630605	0.4605794701986755	0.4743069584040025	0.3812972678074424
3	2	Average Rating	0.9341887417218543	0.7966535849171635	0.630430463576159	0.5933488317996073	0.5008713734536364
3	2	iMF (test)	0.9342384105960265	0.8424184040521988	0.6669867549668874	0.6190562475733663	0.5283964842418496
3	500	Average Rating	1.0	0.13242003380231546	0.1341225165562914	0.08694716684593701	0.08530960700492751
3	500	iMF (test)	1.0	0.433826566527516	0.36048013245033117	0.2879437543031188	0.2596910442488286
3	2	Normalized kNN (full)	0.6824006622516556	0.640645106782493	0.5093708609271523	0.36678204126601327	0.3565306042776619
3	2	Random	0.9342384105960265	0.6347936035763659	0.5188079470198675	0.5357587365352106	0.43345390168463943
1	2000	iMF (full)	1.0	0.47125632670468137	0.3790562913907285	0.2983272132571646	0.2713351977302003
1	2000	Popularity	1.0	0.2565836915392797	0.2133112582781457	0.14249942702486257	0.1381417256576204
5	2000	iMF (full)	1.0	0.4683485810792467	0.37781456953642384	0.2937339453546595	0.26952208262872596
5	2000	Popularity	1.0	0.2595386605904973	0.21359271523178808	0.14221504626502085	0.13862092622851147
1	2000	kNN (test)	1.0	0.42679021342694107	0.33857615894039733	0.26463055708893707	0.24089641061812633
5	2000	kNN (test)	1.0	0.42504289936065487	0.3404304635761589	0.26352029167062047	0.2415284903710831
3	500	Normalized kNN (full)	0.8315728476821191	0.46738759559905574	0.3740894039735099	0.29945458597076485	0.2740264429776329
3	500	Random	1.0	0.04255103271021746	0.03990066225165563	0.020082120692463262	0.021876558644225264
2	2000	iMF (full)	1.0	0.4672465604650399	0.37788079470198677	0.2940209224947386	0.27017546090671013
2	2000	Popularity	1.0	0.2604589964634876	0.21877483443708612	0.14716088218198006	0.14307467722915723
2	2000	kNN (test)	1.0	0.4235196933275683	0.3387417218543046	0.2617021729320867	0.24027562552130957
4	5	iMF (full)	0.9853311258278145	0.8322314887561605	0.6551655629139073	0.6075791372862245	0.521548779732455
4	5	Popularity	0.9852980132450331	0.7813793006574055	0.6147847682119205	0.5858860000935542	0.49641061755730737
4	5	kNN (test)	0.9280960264900662	0.8278417948505179	0.6508112582781457	0.6012330296671183	0.5178473771109565
1	2000	Normalized kNN (test)	1.0	0.09625335360574125	0.09496688741721855	0.054922923010719285	0.05782395499167122
5	2000	Normalized kNN (test)	1.0	0.10591641248000667	0.10195364238410597	0.054983193528496566	0.059747770721899435
1	2000	kNN (full)	1.0	0.42846224351474205	0.3407119205298013	0.2665464853390412	0.24273824076469955
5	2000	kNN (full)	1.0	0.42815328696777466	0.34291390728476817	0.2679611675702311	0.2441819916810601
4	200	iMF (full)	1.0	0.6842007059164307	0.5475331125827815	0.46691896582532155	0.414849700177914
4	200	Popularity	1.0	0.4648698821343572	0.38519867549668874	0.2941434246823527	0.27211687764575304
1	5	iMF (full)	0.9854966887417218	0.8319768914685967	0.6524172185430464	0.6094964554269304	0.5207048400329813
1	5	Popularity	0.9854801324503312	0.7871386808687393	0.6171688741721854	0.5937756969393638	0.49960815668775477
2	2000	Normalized kNN (test)	1.0	0.10315382193508833	0.10236754966887418	0.056996421263895335	0.060820205319620645
4	200	kNN (test)	1.0	0.6368251700063159	0.506953642384106	0.4327429010416119	0.3819869459160369
1	5	kNN (test)	0.9151324503311258	0.8299267115017821	0.6511092715231788	0.6047931198955431	0.5188222847432513
2	2000	kNN (full)	1.0	0.42886380379011574	0.34266556291390726	0.26781401455280057	0.24446895148231593
4	5	Normalized kNN (test)	0.960794701986755	0.7985787198804776	0.6371854304635761	0.5888420928204651	0.5042740444260151
2	10	Average Rating	1.0	0.7766717062396749	0.6133774834437087	0.5662563315816097	0.4834925641122996
4	5	kNN (full)	0.8914569536423841	0.8171868911724234	0.6433609271523179	0.5844824887553622	0.5082297649042193
2	10	iMF (test)	1.0	0.8479072609262208	0.6696523178807947	0.619998810923009	0.5329939850052176
1	1	Average Rating	0.9133774834437086	0.8453463893052701	0.6615066225165563	0.6245083873591881	0.5319121411456017
4	200	Normalized kNN (test)	1.0	0.3053491329912462	0.25903973509933775	0.185419798913001	0.1763952891334352
2	10	Normalized kNN (full)	0.6797847682119205	0.6433718157327734	0.511341059602649	0.36862404311301195	0.3595563755926821
2	10	Random	1.0	0.4492607815975187	0.3843543046357616	0.35991667054042076	0.3024565623621295
1	5	Normalized kNN (test)	0.9477317880794702	0.8123540714526012	0.6444039735099337	0.6014351174204624	0.512634069779607
1	1	iMF (test)	0.9134437086092715	0.8691526970325093	0.6821523178807947	0.634355246975039	0.544255524641535
1	3706	Average Rating	1.0	0.016400977497289717	0.021440397350993377	0.012280810782296647	0.01293060390949719
5	3706	Average Rating	1.0	0.011491252713346898	0.014983443708609271	0.008789737416711072	0.008962916473065909
4	200	kNN (full)	1.0	0.6401097677609976	0.509205298013245	0.4334727730046545	0.3837338383853446
1	5	kNN (full)	0.8812582781456954	0.8177289707484001	0.6420033112582781	0.5873966391086777	0.5078953755990949
5	3706	iMF (test)	1.0	0.1437564144841865	0.12385761589403974	0.08702700305390597	0.08272040234189842
1	3706	iMF (test)	1.0	0.1432658545681323	0.12549668874172185	0.08900835060071256	0.08423801085022953
1	1	Normalized kNN (full)	0.6770198675496688	0.6486048750178852	0.5164900662251656	0.37230263938776026	0.36325676828845643
1	1	Random	0.9134437086092715	0.6620804199777628	0.5301986754966888	0.5502588108144671	0.4470794094958891
3	2	iMF (full)	0.9342384105960265	0.8211313202359288	0.6466556291390729	0.6070524075576527	0.5149992316752955
3	2	Popularity	0.9341887417218543	0.7286833494248198	0.5900165562913907	0.5768651034051581	0.4791575744228755
2	3706	Average Rating	1.0	0.015076396943542512	0.018294701986754966	0.010664276767179515	0.010997070004017987
3	2	kNN (test)	0.9154801324503311	0.8134209084220295	0.6392052980132451	0.5943103982644323	0.5068877402893025
1	3706	Normalized kNN (full)	0.995248344370861	0.1706261587894294	0.14500000000000002	0.13142961017695037	0.11111517877468716
1	3706	Random	1.0	0.005427363357373616	0.004983443708609272	0.0024086338692243833	0.0026522882009229784
5	3706	Normalized kNN (full)	0.9952649006622516	0.17159097733758477	0.14625827814569536	0.13228757784879333	0.11146754069498002
5	3706	Random	1.0	0.0059513453983902915	0.005463576158940398	0.0029358831718888857	0.0030341759649861366
3	500	iMF (full)	1.0	0.6282491964648601	0.5	0.4173074221937528	0.37175701043700676
2	3706	iMF (test)	1.0	0.14465024166693138	0.12428807947019868	0.08865596113509747	0.08356785516950872
3	500	Popularity	1.0	0.4246502537852639	0.3460927152317881	0.25312540487727697	0.2378869875218214
3	500	kNN (test)	1.0	0.6043127957652416	0.47746688741721854	0.39565127338177436	0.352490185501014
2	3706	Normalized kNN (full)	0.9955132450331126	0.1679920184611695	0.14394039735099337	0.1308755613941493	0.11039236691889487
2	3706	Random	1.0	0.00568375701843021	0.0055794701986754975	0.0025877794774039364	0.002924246258214407
3	2	Normalized kNN (test)	0.9300993377483444	0.8093688946185582	0.6418211920529802	0.5988237277312367	0.5086016615719735
3	2	kNN (full)	0.8933609271523179	0.8042972684497549	0.6329139072847683	0.5784148797276928	0.49816102021286063
3	500	Normalized kNN (test)	1.0	0.23373498090690792	0.2031456953642384	0.1356310956990352	0.1324456613064511
3	500	kNN (full)	1.0	0.6027058538551019	0.47493377483443705	0.3932240660895923	0.3501458820882105
1	20	Average Rating	1.0	0.6442713636635812	0.5435927152317881	0.4810493656084997	0.41749015959961766
2	10	iMF (full)	1.0	0.822311949924916	0.6480629139072848	0.5983523055286409	0.5148452013428517
2	10	Popularity	1.0	0.7660702838558198	0.6033443708609271	0.57080126714798	0.48428398612515144
1	20	iMF (test)	1.0	0.7808477299012835	0.63591059602649	0.5833646553526591	0.5004842535420616
2	10	kNN (test)	0.9574172185430464	0.8243357052847126	0.6480629139072848	0.6005912935862713	0.5160533914169685
1	20	Normalized kNN (full)	0.694817880794702	0.6261895983885909	0.5028973509933775	0.36565287867881735	0.35477299056236167
1	20	Random	1.0	0.35924872191184437	0.31490066225165564	0.2661178107608683	0.23516702371355117
1	1	iMF (full)	0.9134437086092715	0.8380032672415798	0.6570860927152318	0.618413398639572	0.5267523119782584
1	1	Popularity	0.9133774834437086	0.7958865973123246	0.6238907284768213	0.6033976873477781	0.5073016301572492
1	1	kNN (test)	0.8780794701986756	0.8343751028514735	0.6544701986754967	0.6093112680677621	0.5225674877270028
4	1	Average Rating	0.9123675496688741	0.8322666058879512	0.6585596026490066	0.6164725361585595	0.5275731544190689
1	3706	iMF (full)	1.0	0.36145121656033813	0.29238410596026493	0.2205425955479888	0.20345015632022828
1	3706	Popularity	1.0	0.171448864007565	0.14589403973509935	0.08700460334989468	0.08755458896951955
5	3706	iMF (full)	1.0	0.3603111884153921	0.29319536423841064	0.21838152819730702	0.2033018906942368
5	3706	Popularity	1.0	0.17310352390243947	0.14748344370860927	0.08760476646512394	0.08925787636395921
1	3706	kNN (test)	1.0	0.3195949799532942	0.2522682119205298	0.190010101747848	0.1744094994299382
4	1	iMF (test)	0.9124668874172186	0.862552690271622	0.6815562913907285	0.6309539846054535	0.5435897990299728
5	3706	kNN (test)	1.0	0.3184361211420461	0.2531291390728477	0.18808240412146845	0.1744086659045811
2	10	Normalized kNN (test)	0.991341059602649	0.8020514629433907	0.6375827814569537	0.5891849472238461	0.5044679793192585
2	3706	iMF (full)	1.0	0.35662388714105725	0.2904139072847682	0.2152300732605514	0.20142580755529002
2	3706	Popularity	1.0	0.16948828911356792	0.14549668874172186	0.08483639581685883	0.08779494968795501
2	10	kNN (full)	0.9120198675496689	0.8132301771880607	0.6408609271523179	0.5836853995678069	0.506402485324898
4	1	Normalized kNN (full)	0.6787913907284767	0.648841168026669	0.5161258278145695	0.37223407031515593	0.36252781363889863
4	1	Random	0.9124668874172186	0.6593373026226366	0.5302814569536424	0.548098947617005	0.447545182536002
2	3706	kNN (test)	1.0	0.3175405877332266	0.25256622516556293	0.18749984471697428	0.1742879911018511
1	1	Normalized kNN (test)	0.8905132450331126	0.855331739436228	0.6692384105960265	0.6269521820548806	0.5365098837742346
4	20	Average Rating	1.0	0.660834928461083	0.5603145695364239	0.4746844806924299	0.42398339787069617
1	1	kNN (full)	0.8623675496688742	0.8212202845015706	0.6445529801324503	0.5906568970553356	0.5106184117497102
1	3706	Normalized kNN (test)	1.0	0.043855395315661704	0.04793046357615894	0.02380938149831722	0.02722314623845999
4	20	iMF (test)	1.0	0.7726464388564342	0.6335430463576158	0.5770829459459628	0.4980479140472924
5	3706	Normalized kNN (test)	1.0	0.04590823558743678	0.04975165562913907	0.023583421246888628	0.027286497926836115
1	3706	kNN (full)	1.0	0.32163226860163235	0.2545860927152318	0.19392227769439707	0.17732965753888816
5	3706	kNN (full)	1.0	0.32028346344042663	0.2551324503311258	0.19184314327060423	0.17682119986684336
4	20	Normalized kNN (full)	0.6958112582781457	0.6229354759768135	0.49890728476821194	0.36427036751406844	0.3522314896313586
4	50	Average Rating	1.0	0.4880168032094529	0.448476821192053	0.37193553415035835	0.3329713976391699
4	20	Random	1.0	0.3491189066805582	0.3097847682119205	0.26026166122961164	0.23060593931404205
2	3706	Normalized kNN (test)	1.0	0.033459335648169386	0.03879139072847682	0.020057252698668586	0.022245751947402685
1	1000	Average Rating	1.0	0.08294979302456322	0.08905629139072847	0.056517052493713124	0.05634489493198934
2	3706	kNN (full)	1.0	0.32138255927247505	0.25572847682119204	0.19330024903229273	0.17796529028275238
4	50	iMF (test)	1.0	0.7658455206067275	0.62591059602649	0.5660790809494876	0.49033890482040315
1	1000	iMF (test)	1.0	0.313163464171888	0.2691887417218543	0.20351567903075804	0.18898630116958368
4	50	Normalized kNN (full)	0.6981456953642384	0.622136958246418	0.4982119205298013	0.3637744442706894	0.3516976664775182
4	50	Random	1.0	0.21289440555690706	0.1941225165562914	0.13685997532444244	0.13078675853201488
1	1000	Normalized kNN (full)	0.9048344370860927	0.37240845900155434	0.3040066225165563	0.25740428167545304	0.22877775274682918
1	1000	Random	1.0	0.02232529010446778	0.02097682119205298	0.01122791518006246	0.011669250631435566
1	20	iMF (full)	1.0	0.7946929656187997	0.6300662251655629	0.5774287359580245	0.4975727119065862
1	20	Popularity	1.0	0.6459695493732449	0.5480298013245033	0.5169293216175456	0.43523824662988575
1	20	kNN (test)	0.9881291390728477	0.7674378949678141	0.6138576158940398	0.5699343383618357	0.4862853299632017
4	1	iMF (full)	0.9124668874172186	0.838011795378191	0.6594039735099338	0.6155581540312162	0.5271254849794271
4	1	Popularity	0.9123675496688741	0.7893228607827938	0.6213079470198675	0.5969296037489128	0.5043587867777916
1	20	Normalized kNN (test)	0.9994205298013245	0.7140455963926904	0.5925662251655629	0.5377323994646608	0.46146089466692586
4	1	kNN (test)	0.894933774834437	0.8315195554929463	0.6536920529801324	0.6052057655161933	0.5210937085632035
1	20	kNN (full)	0.9533774834437085	0.7649867389133886	0.6101655629139073	0.5591751529689256	0.48069422920239385
3	0	Average Rating	0.8847682119205298	0.8471551726896873	0.6630132450331125	0.624157548186688	0.5309720968821556
1	10	Average Rating	1.0	0.7289251411560248	0.5832615894039735	0.539438292715806	0.45791542301038046
3	0	iMF (test)	0.8848509933774834	0.8689786867457284	0.6825496688741722	0.6331768237895774	0.5421586832015491
1	10	iMF (test)	1.0	0.8449917304716114	0.6675662251655629	0.6178025516118943	0.5303811931705663
3	0	Normalized kNN (full)	0.6754139072847682	0.647182090066485	0.5140894039735099	0.36904249236103365	0.35943568331633446
3	0	Random	0.8848509933774834	0.6928787739763314	0.5481125827814569	0.5646803307545835	0.4605860674105702
4	20	iMF (full)	1.0	0.7932467619808671	0.6312582781456954	0.5743472709219889	0.49726296023318756
4	20	Popularity	1.0	0.6439138734682216	0.545	0.5103586760210431	0.4320975664277216
1	10	Normalized kNN (full)	0.6796026490066226	0.6457412660667192	0.5139072847682119	0.37100944093355176	0.3616460927554709
1	10	Random	1.0	0.4559589232262083	0.39112582781456956	0.371054530131772	0.3089093273745378
4	1	Normalized kNN (test)	0.9087417218543047	0.8423544242005351	0.6655132450331126	0.6173551308638823	0.5310680164746986
4	20	kNN (test)	0.9884437086092714	0.762455799045329	0.6113741721854304	0.5626858052270387	0.4827480776742053
4	1	kNN (full)	0.8738079470198675	0.8200151361035761	0.6455132450331126	0.587109040142674	0.5105193697358659
4	50	iMF (full)	1.0	0.7892327551581669	0.6272847682119206	0.5657179987549581	0.4922600473620575
4	50	Popularity	1.0	0.63711921480068	0.5390066225165563	0.4983184034211691	0.42468449956708076
1	1000	iMF (full)	1.0	0.5505019195930717	0.44120860927152317	0.3580522084411923	0.32258069070120254
1	1000	Popularity	1.0	0.3341666640318025	0.2689900662251656	0.19056650528094435	0.18019417057918344
4	50	kNN (test)	0.9986092715231789	0.7603056392354592	0.6097185430463575	0.5582894528671103	0.48045813298657125
1	1000	kNN (test)	1.0	0.5099568861941386	0.4049006622516556	0.32682576389454393	0.2948741350465751
1	1000	kNN (full)	1.0	0.5117698924495714	0.4064403973509934	0.32998274488588614	0.29654585673862616
4	20	Normalized kNN (test)	0.9992880794701986	0.6906723482342428	0.5765066225165563	0.5100291551885426	0.4434424411648933
4	20	kNN (full)	0.9568046357615895	0.7626598461438937	0.6100331125827815	0.554837339782161	0.47957814368994817
2	1	Average Rating	0.9147350993377483	0.8220586454198041	0.6499668874172185	0.6135100022598108	0.5218348245179985
2	1	iMF (test)	0.9147847682119206	0.864126237180891	0.6816556291390728	0.6340385724760514	0.5444188917632399
1	2	Average Rating	0.9372019867549669	0.8185536867378855	0.6459271523178808	0.6096380809981617	0.5173932240260879
4	50	Normalized kNN (test)	1.0	0.662834758714317	0.5564569536423841	0.483756841124182	0.4241895898049649
4	50	kNN (full)	0.9780794701986756	0.7603358067805454	0.6080960264900662	0.5512086737245896	0.4771716396970544
1	2	iMF (test)	0.9372682119205299	0.8626953243158716	0.6783443708609271	0.6312742176822943	0.54114819996552
2	1	Normalized kNN (full)	0.6772682119205298	0.6455593008537501	0.5129304635761589	0.36940450215260306	0.3605422395846134
2	1	Random	0.9147847682119206	0.6551272566705851	0.5307284768211921	0.5507297459558333	0.4490025107682138
5	1000	Average Rating	1.0	0.06363388307980351	0.07574503311258278	0.048444485631865285	0.04782149087943019
1	2	Normalized kNN (full)	0.6771523178807947	0.6479683313743885	0.515794701986755	0.37197709564927955	0.3628382271911402
1	500	Average Rating	1.0	0.10946432254131307	0.10978476821192053	0.07275508819101943	0.07086784429628362
1	2	Random	0.9372682119205299	0.6321515170064449	0.5110430463576159	0.5306630134715432	0.4292582657420981
5	1000	iMF (test)	1.0	0.31108950310491756	0.2681291390728477	0.20352556895533905	0.18874530674235926
1	500	iMF (test)	1.0	0.410432995097518	0.3470695364238411	0.27355674953271375	0.24903997268622385
5	1000	Normalized kNN (full)	0.8940562913907285	0.3810964439221963	0.30966887417218547	0.26141005583058713	0.23236297632308706
5	1000	Random	1.0	0.02323126371693932	0.02177152317880795	0.011088734946382529	0.011782430046307807
2	1000	Average Rating	1.0	0.07290675910193188	0.07347682119205298	0.04754466125725456	0.04658118798976386
1	500	Normalized kNN (full)	0.8304635761589404	0.45691939054323827	0.36935430463576163	0.298079484344516	0.27237566352347686
1	500	Random	1.0	0.03989033018011484	0.03769867549668875	0.02065382079054527	0.021477929658007714
2	1000	iMF (test)	1.0	0.30696393492384216	0.2635430463576159	0.20186360869347975	0.18667322683394333
3	0	iMF (full)	0.8848509933774834	0.837812148615668	0.6563576158940397	0.6167518961738604	0.5241110788634583
3	0	Popularity	0.8847682119205298	0.7910872134923554	0.6205132450331126	0.6004863527133526	0.5035084390588084
2	1000	Normalized kNN (full)	0.8985099337748345	0.3711838329733072	0.3047185430463576	0.2577918524909512	0.22906269446336172
2	1000	Random	1.0	0.021943690243344513	0.02076158940397351	0.01075846990271597	0.011454257668157488
1	10	iMF (full)	1.0	0.823590737597076	0.6469039735099338	0.5976422426756024	0.5138413397289061
1	10	Popularity	1.0	0.7730237652955786	0.607069536423841	0.5782173578701646	0.48809972069115637
3	0	kNN (test)	0.8742384105960265	0.8335711140314634	0.6532781456953642	0.6073408480291126	0.5195393929922184
1	10	kNN (test)	0.9471854304635762	0.825016617233296	0.6474006622516557	0.5996644989087948	0.5146682844546002
1	500	kNN (full)	1.0	0.5765522025196064	0.4579801324503311	0.38150871122456986	0.339776903755645
1	500	Popularity	1.0	0.4034485874173047	0.33705298013245033	0.24943446205669959	0.23264211932794218
1	2	Popularity	0.9372019867549669	0.7924239382991741	0.6213245033112583	0.5998293627364071	0.504402705844815
1	2	kNN (test)	0.8949668874172186	0.8320483287669166	0.6526986754966888	0.6070125600612727	0.5205990273939737
1	10	Normalized kNN (test)	0.9795364238410595	0.8001067267766137	0.6360099337748344	0.588563775013251	0.502962237029367
3	0	Normalized kNN (test)	0.8810264900662251	0.8555849579003897	0.6697019867549668	0.6248214373130832	0.5341921317777885
1	10	kNN (full)	0.9053476821192054	0.8137246612342037	0.6389238410596026	0.5835606136578051	0.5045852797921728
3	0	kNN (full)	0.8612086092715231	0.8211034040043886	0.6445364238410596	0.5885226644286209	0.5083513888226603
1	2	Normalized kNN (test)	0.9161920529801325	0.8293113340423145	0.6547019867549669	0.6131871023583843	0.5230513369876405
1	2	kNN (full)	0.8712582781456953	0.8194529125573028	0.6432781456953642	0.5890907593134833	0.5092441295638942
1	500	kNN (test)	1.0	0.5722343006358985	0.4554470198675497	0.3819165234450384	0.338641115073392
2	1	iMF (full)	0.9147847682119206	0.8360848700874225	0.657980132450331	0.6182861069318019	0.5275336498854505
2	1	Popularity	0.9147350993377483	0.7903959409636951	0.6218377483443709	0.6009002554550057	0.5061167362528444
2	1	kNN (test)	0.8930629139072849	0.8312298691384984	0.6533940397350994	0.6080467919262715	0.5220084911969326
1	2	iMF (full)	0.9372682119205299	0.836229603820233	0.6557450331125827	0.6162547350785572	0.5251334065032612
4	2	Average Rating	0.9366390728476821	0.8172964734975827	0.6468211920529802	0.6033936794699482	0.5157585968920256
5	1000	iMF (full)	1.0	0.5568946343645285	0.4462913907284768	0.36061666147387084	0.3261199085068455
5	1000	Popularity	1.0	0.3601431264846603	0.29286423841059606	0.20826456353788755	0.19829451871729112
1	500	Normalized kNN (test)	1.0	0.2245603407504866	0.19834437086092715	0.13398310311457115	0.1309261610542539
1	0	Average Rating	0.8861589403973509	0.8469365285000855	0.6627980132450332	0.6265036414612303	0.5334205244458832
4	2	iMF (test)	0.9367218543046358	0.8630454439414587	0.6815728476821191	0.6300949177320566	0.5432046114421321
1	500	iMF (full)	1.0	0.6217614933987712	0.4972847682119205	0.41513022100545566	0.370829771305858
5	1000	kNN (test)	1.0	0.5267001347409596	0.419453642384106	0.33772424876744545	0.30509896875292764
1	0	iMF (test)	0.8862417218543046	0.8677073639315498	0.682069536423841	0.6346521982807366	0.5444095279430052
2	1	Normalized kNN (test)	0.9104470198675497	0.8347624655484448	0.6603476821192052	0.6167126261752703	0.5279707213992767
4	2	Normalized kNN (full)	0.6787913907284767	0.648841168026669	0.5161258278145695	0.37223407031515593	0.36252781363889863
4	2	Random	0.9367218543046358	0.6305114541389785	0.5164900662251656	0.533371724258192	0.4342226106139688
2	1	kNN (full)	0.8711092715231789	0.8185833742252722	0.6449834437086093	0.5886663514313064	0.5107250329784696
2	1000	iMF (full)	1.0	0.5488829151075806	0.4423013245033113	0.3558678786408872	0.32301208908563506
2	1000	Popularity	1.0	0.350345489603948	0.2852814569536424	0.20222579671887442	0.19249464373280833
1	0	Normalized kNN (full)	0.6770198675496688	0.6486154082609645	0.5165066225165562	0.3723090071921413	0.36326596622811796
1	0	Random	0.8862417218543046	0.6906244355572119	0.5469536423841059	0.5661951640992439	0.462624405276985
2	1000	kNN (test)	1.0	0.5138248570576475	0.409817880794702	0.32779076504113974	0.2973258357178937
2	500	Average Rating	1.0	0.10246966580273377	0.10117549668874172	0.06893084701568014	0.06622023230333555
4	10	Average Rating	1.0	0.7555351178719386	0.5947682119205299	0.5233634965110094	0.4577269171684202
1	0	kNN (full)	0.8613410596026491	0.8212836154593665	0.6446026490066226	0.5907139959534942	0.5106710853112923
1	0	Popularity	0.8861589403973509	0.7964445733904962	0.6243046357615895	0.6040115900933033	0.5077865853220733
5	1000	Normalized kNN (test)	1.0	0.156936514843951	0.1441721854304636	0.08725612684740762	0.08962811937886878
2	500	iMF (test)	1.0	0.4205804844340154	0.35127483443708607	0.282146105781021	0.25576926939674927
4	10	iMF (test)	1.0	0.8414782852800957	0.6662582781456954	0.6117831383746849	0.5280409788494672
1	0	kNN (test)	0.8749172185430464	0.8344952162488337	0.6545860927152317	0.6094725007828028	0.5226991146777714
5	1000	kNN (full)	1.0	0.5269915212327911	0.418476821192053	0.3373830367508921	0.3046163881567071
4	2000	Average Rating	1.0	0.037727070599284714	0.04478476821192053	0.026123042632754775	0.027383000535132655
2	500	Normalized kNN (full)	0.830182119205298	0.4587043064155469	0.3693377483443709	0.29704908057889107	0.27224424543571324
2	500	Random	1.0	0.04149148145522013	0.03930463576158941	0.021313652596936895	0.02257700119189421
4	10	Normalized kNN (full)	0.6818543046357616	0.6450639922989718	0.5124834437086093	0.3706974296567003	0.36050288930249086
4	10	Random	1.0	0.45827106014430413	0.3906291390728477	0.367826120742763	0.3083065075564902
4	2000	iMF (test)	1.0	0.2261371651917751	0.19524834437086092	0.14316329043883147	0.13408260970401106
2	1000	Normalized kNN (test)	1.0	0.15563673124792607	0.14524834437086093	0.08990207839248214	0.09173960035377039
2	1000	kNN (full)	1.0	0.5165156824705777	0.4099834437086093	0.3302901359697148	0.29838547989582853
4	2000	Normalized kNN (full)	0.9641721854304637	0.2791090101804902	0.23155629139072847	0.20277831546373168	0.17552648868915924
4	2000	Random	1.0	0.010776728343058222	0.010562913907284768	0.0051112987282876336	0.005572068831115065
1	0	Normalized kNN (test)	0.8822847682119205	0.8560765525072145	0.6697847682119206	0.6276809007699404	0.5371181903172668
4	2	iMF (full)	0.9367218543046358	0.8366638665669388	0.6584271523178808	0.6143967750384332	0.526188351470252
4	2	Popularity	0.9366390728476821	0.789126545672561	0.6211423841059602	0.5966764633095141	0.5041604572717124
4	2	kNN (test)	0.8972682119205299	0.8313904207149916	0.6535761589403973	0.6050532111169501	0.5209624485536809
1	0	iMF (full)	0.8862417218543046	0.8403223457848494	0.6588741721854304	0.6201172814848183	0.5283278718738419
2	500	iMF (full)	1.0	0.6217348133016366	0.49629139072847683	0.4129135439277053	0.36977108160159095
2	500	Popularity	1.0	0.41725787871848335	0.3416556291390728	0.25163587906886803	0.23607623740201428
4	2	Normalized kNN (test)	0.9127980132450332	0.8398766753724823	0.6635099337748345	0.6156754042690583	0.5294188522592992
4	10	iMF (full)	1.0	0.8214413103611767	0.6472350993377484	0.593623880282526	0.5127934492644886
4	10	Popularity	1.0	0.754854797757258	0.5972682119205298	0.5625845305246573	0.4781796298950086
2	500	kNN (test)	1.0	0.5865555499286113	0.46433774834437086	0.387486302695292	0.34498618385298235
4	2	kNN (full)	0.8745364238410596	0.8199512996630556	0.6454470198675497	0.5870150240594194	0.510442864520093
4	10	kNN (test)	0.9601324503311258	0.8211485788728321	0.645	0.5939457409588943	0.511724783321222
4	2000	iMF (full)	1.0	0.4694616021713991	0.3808278145695364	0.2949345607293697	0.2715101524514785
4	2000	Popularity	1.0	0.25230532678514606	0.21344370860927153	0.14291631325808843	0.13858267294108986
1	1000	Normalized kNN (test)	1.0	0.14300993913937501	0.13374172185430463	0.08535996996191551	0.08573365408013572
4	2000	kNN (test)	1.0	0.42104441658917247	0.33639072847682117	0.25976049350676494	0.23799519392178262
2	500	Normalized kNN (test)	1.0	0.2197838102876912	0.1927317880794702	0.13025017793383975	0.12721576983782135
2	500	kNN (full)	1.0	0.5888491819357821	0.4648841059602649	0.38618460567664664	0.34511257235819265
4	10	Normalized kNN (test)	0.9900993377483444	0.781778263673343	0.623046357615894	0.5670133150314185	0.4882911280575415
4	10	kNN (full)	0.9178476821192053	0.8117972775270582	0.6388245033112583	0.5792781075396021	0.5036868130306072
2	2	Average Rating	0.9388245033112583	0.795304795981906	0.6296357615894039	0.5944342452702217	0.5031035856156139
4	2000	Normalized kNN (test)	1.0	0.10668409264058862	0.10132450331125828	0.054730715505450084	0.059423107426458954
2	2	iMF (test)	0.9388741721854305	0.8608323267582315	0.6786920529801325	0.6311717811024127	0.541721623642381
4	2000	kNN (full)	1.0	0.42537815540272783	0.3399834437086093	0.2654716624324409	0.2421332310358697
5	500	Average Rating	1.0	0.11392903669456671	0.10567880794701988	0.06972390426439791	0.0679602123007313
2	2	Random	0.9388741721854305	0.6261668920988327	0.5126655629139073	0.5342309849615572	0.4329196827421052
2	2	Normalized kNN (full)	0.6775	0.6445567009421463	0.5120695364238411	0.3690686360079306	0.3600781113049862
2	2	kNN (full)	0.8783112582781457	0.8169144566062224	0.6435927152317881	0.5869924599650991	0.509304847222036
2	2	Popularity	0.9388245033112583	0.7858542805756571	0.6185596026490066	0.5960115851448804	0.5023117435936677
5	500	iMF (test)	1.0	0.414322806272694	0.3521688741721854	0.27826624237944947	0.25370651905748537
2	2	kNN (test)	0.9066556291390728	0.8288409848990008	0.6514403973509933	0.6053233684466574	0.5198674258154807
5	500	Normalized kNN (full)	0.8340397350993378	0.45765290460708985	0.3703476821192053	0.2978600911616903	0.272163472860759
5	500	Random	1.0	0.038772795532771624	0.03753311258278146	0.01925517707996461	0.02089529275318459
2	2	Normalized kNN (test)	0.9334271523178808	0.8138707355815512	0.6468211920529802	0.6032181317977883	0.5151134541068113
4	3706	Average Rating	1.0	0.011100841442814976	0.013625827814569539	0.008394424183994142	0.008471926251470115
4	3706	iMF (test)	1.0	0.14609220834586664	0.12533112582781458	0.08836847443302484	0.0834770792694232
4	3706	Normalized kNN (full)	0.9960761589403974	0.1712500127191773	0.14730132450331127	0.1335521656788172	0.11267187393490438
4	3706	Random	1.0	0.006656944770206593	0.006142384105960265	0.003303959988429608	0.003345126263586502
2	2	iMF (full)	0.9388741721854305	0.8324857438696076	0.6559768211920529	0.6146917597591034	0.5247619183184972
2	0	Average Rating	0.887135761589404	0.8473686927846684	0.6653807947019867	0.6277685328321884	0.5360128635120233
2	0	iMF (test)	0.8872019867549669	0.871087968026831	0.6856953642384107	0.6374775337017512	0.5478180980714511
4	0	Average Rating	0.8849834437086093	0.8474446363666335	0.6679139072847682	0.6262322890189497	0.5367563293457289
4	0	iMF (test)	0.8850993377483444	0.8681178759359856	0.6845529801324503	0.6332123879733471	0.5460256618823107
5	500	iMF (full)	1.0	0.6200657825468624	0.49865894039735104	0.4157623040487919	0.37158286944465474
5	500	Popularity	1.0	0.3900191688549908	0.32125827814569535	0.23036093123982923	0.21960964873813185
2	0	Normalized kNN (full)	0.6770529801324503	0.6461256280147232	0.5134933774834437	0.36960902347714425	0.3608328425786357
2	0	Random	0.8872019867549669	0.6928143166775141	0.5506456953642385	0.5683346975251063	0.4658548598955711
5	500	kNN (test)	1.0	0.5724381733333412	0.4584602649006622	0.37898401344286115	0.3391529733159317
4	0	Normalized kNN (full)	0.6782947019867549	0.6495397581428182	0.5166721854304636	0.3725171480502293	0.3628914938850182
4	0	Random	0.8850993377483444	0.6929229418802079	0.5481291390728477	0.5645386901494378	0.46370402603961525
4	1000	Average Rating	1.0	0.05604850743231611	0.06094370860927153	0.0371428641157096	0.03785340884070264
2	0	kNN (full)	0.8612913907284768	0.8202119614745619	0.6461258278145695	0.58997091697377	0.51191672276795
2	0	Popularity	0.887135761589404	0.7943166954572992	0.6245033112582782	0.6046636993543085	0.5091419074208378
5	500	Normalized kNN (test)	1.0	0.22872770082120641	0.20019867549668874	0.13041341925127328	0.12939339710793554
4	3706	iMF (full)	1.0	0.3650486062396217	0.2958443708609272	0.22065574788061393	0.20518474122050148
4	3706	Popularity	1.0	0.17135433796440236	0.14478476821192052	0.08611652945217599	0.08749842721790353
2	0	kNN (test)	0.8757615894039735	0.8331849449544201	0.6547847682119206	0.6097733049276189	0.5235204420915152
4	1000	iMF (test)	1.0	0.31485650429948303	0.26975165562913905	0.20907112099751213	0.1910895620690744
5	500	kNN (full)	1.0	0.5778237304683836	0.4615728476821192	0.38142442724862213	0.3415392626607905
4	3706	kNN (test)	1.0	0.31872825187223525	0.2520198675496689	0.1883061905951696	0.17420021027266763
4	1000	Normalized kNN (full)	0.9005298013245033	0.37754483361494046	0.30701986754966887	0.2596905409785288	0.23047514400599695
4	1000	Random	1.0	0.02161146457501887	0.02052980132450331	0.010361791661809634	0.011184304037858951
2	0	Normalized kNN (test)	0.8833940397350993	0.8560859281743605	0.6723344370860928	0.6284136852457678	0.5392465064236758
4	3706	Normalized kNN (test)	1.0	0.04431390410405628	0.04933774834437086	0.023818626819092123	0.027286915561088514
4	3706	kNN (full)	1.0	0.32108443360408323	0.2544867549668874	0.19301082112550094	0.17720850137662927
2	0	iMF (full)	0.8872019867549669	0.8386498981398368	0.6595529801324503	0.6205558670698931	0.529302100581986
4	0	iMF (full)	0.8850993377483444	0.8412652663504104	0.6613245033112582	0.6183179446349545	0.5294261751837571
4	0	Popularity	0.8849834437086093	0.7944622844319735	0.6249172185430464	0.6019657466971113	0.5084024941095873
4	0	kNN (test)	0.8740728476821191	0.8338836367150702	0.6554139072847682	0.6076301478197185	0.5230210209263133
4	1000	iMF (full)	1.0	0.5556635118894553	0.44678807947019866	0.3607389781982221	0.32652262077981825
4	1000	Popularity	1.0	0.35218530043284674	0.28402317880794703	0.2030015365481297	0.19178109487565695
4	0	Normalized kNN (test)	0.8810927152317881	0.8564440283765575	0.6740894039735099	0.6264223273447094	0.5395287028452965
4	0	kNN (full)	0.8609602649006622	0.8221379533698144	0.6472350993377484	0.5892623609756306	0.5123506420425494
4	1000	kNN (test)	1.0	0.5202924921609166	0.41451986754966885	0.3316842260021279	0.30053369254418005
4	1000	Normalized kNN (test)	1.0	0.1549105096271618	0.1404635761589404	0.08570179227541724	0.08764016629511878
4	1000	kNN (full)	1.0	0.5212237840215361	0.41455298013245034	0.33383983101661535	0.30181246645872545
5	5	Average Rating	0.985860927152318	0.78857066720288	0.625728476821192	0.5830450486033386	0.4967225288300927
5	5	iMF (test)	0.9858774834437086	0.8558443880125357	0.6769867549668874	0.6263497634991174	0.5397227045552473
5	5	Normalized kNN (full)	0.6768708609271523	0.644556024708556	0.512864238410596	0.37135308656923127	0.36104338141090025
5	5	Random	0.9858774834437086	0.5497047563122566	0.4615397350993377	0.4685248394094069	0.38067729877801776
4	500	Average Rating	1.0	0.08133210490658277	0.09233443708609272	0.059625484269066026	0.05900505482268947
4	500	iMF (test)	1.0	0.43219105268149555	0.36102649006622517	0.2905109094676319	0.26190622634510474
4	500	Normalized kNN (full)	0.8343708609271524	0.46446345125675215	0.37375827814569534	0.2987425629208438	0.2736699678754834
4	500	Random	1.0	0.038146009080532055	0.036754966887417216	0.01900254271941258	0.02042543808258818
5	5	iMF (full)	0.9858774834437086	0.8306683538781768	0.6547847682119206	0.6086892809424789	0.5228299961534477
5	5	Popularity	0.985860927152318	0.7840192947999421	0.6185596026490066	0.5927538529711286	0.5017617697912254
5	5	kNN (test)	0.9153476821192053	0.8288540226969128	0.6521523178807948	0.602675013180402	0.5199682749700313
4	500	iMF (full)	1.0	0.6274751119936083	0.5029966887417219	0.4166137198041759	0.37424572635622805
4	500	Popularity	1.0	0.41504605529764693	0.34369205298013245	0.25338355456739853	0.23791112611679024
4	500	kNN (test)	1.0	0.5864844425180217	0.46826158940397355	0.38866746234672817	0.34683840001738914
5	5	Normalized kNN (test)	0.945728476821192	0.8123107119598642	0.6479635761589404	0.6006621264730129	0.515285565199367
5	5	kNN (full)	0.8838576158940398	0.8178617807817413	0.6450496688741721	0.5866513211812133	0.5107104977594695
4	500	Normalized kNN (test)	1.0	0.23760716208788138	0.2072185430463576	0.13727757254320241	0.1352650075447645
4	500	kNN (full)	1.0	0.5883756208935088	0.4685430463576159	0.3883407590698374	0.3472413285061523
5	20	Average Rating	1.0	0.6207770543373657	0.5204966887417218	0.4466855552523335	0.3927031597742133
5	20	iMF (test)	1.0	0.7794286531706813	0.6391225165562914	0.5865217037147397	0.5047257669962053
5	20	Normalized kNN (full)	0.6923344370860927	0.6243902611622364	0.5009271523178808	0.36559288360540887	0.3536982326592111
5	20	Random	1.0	0.3451515672080095	0.3017549668874172	0.2461430593556143	0.2211106822762789
5	1	Average Rating	0.9153807947019867	0.8177213648256665	0.6493874172185431	0.6098538446160431	0.5205698773120744
5	1	iMF (test)	0.9154635761589404	0.8626368816376534	0.6818708609271523	0.6312946323751928	0.5442252130846158
5	1	Normalized kNN (full)	0.6764900662251656	0.6458110629040561	0.5139735099337749	0.3718086609119682	0.36166777565848174
5	1	Random	0.9154635761589404	0.6606263317905309	0.5342218543046358	0.548742394506839	0.4499646626864673
5	20	iMF (full)	1.0	0.7941432437583089	0.6331788079470199	0.5787130111289747	0.5006243724251995
5	20	Popularity	1.0	0.656441606773143	0.5583443708609271	0.5302005982026263	0.4471986199473127
5	20	kNN (test)	0.9847350993377484	0.7679261072200442	0.6172019867549668	0.5701152149319655	0.48924799831554056
5	1	iMF (full)	0.9154635761589404	0.8368864434689832	0.6593046357615894	0.6164618376528918	0.5281502352548005
5	1	Popularity	0.9153807947019867	0.7893339936892375	0.6225496688741722	0.5987552380591177	0.5064248756012362
5	1	kNN (test)	0.8946523178807947	0.8310139810801765	0.6539072847682119	0.6049366701433152	0.5218727114941866
5	20	Normalized kNN (test)	0.9980960264900662	0.7051611601315201	0.5880960264900662	0.5293099568233035	0.45630313603372485
5	20	kNN (full)	0.9507781456953642	0.7673803696334565	0.614933774834437	0.5603227015040996	0.48482766914708497
5	1	Normalized kNN (test)	0.9114900662251655	0.828802422558772	0.6595529801324503	0.6132529919533484	0.526790740416394
5	1	kNN (full)	0.8729470198675497	0.8194255847924204	0.6464238410596027	0.5881997794590736	0.5121307184290568
5	10	Average Rating	0.9999834437086093	0.7715775377194423	0.6103642384105961	0.5544454404638944	0.47759741775860154
5	10	iMF (test)	0.9999834437086093	0.8491216385280747	0.6739238410596027	0.6217226769451942	0.5363493874213807
5	10	Normalized kNN (full)	0.6775	0.6443053065970842	0.5128145695364239	0.37130235166993775	0.3610051587486815
5	10	Random	0.9999834437086093	0.44292839900606856	0.3861258278145695	0.36427002457109836	0.3051784713958608
5	2	Average Rating	0.9389403973509933	0.7951601983055462	0.6314403973509934	0.591608395269356	0.5033613800723103
5	2	iMF (test)	0.9390066225165563	0.856398270100372	0.6783609271523179	0.627350516973888	0.5407400018295246
5	2	Normalized kNN (full)	0.6768377483443708	0.644557801896132	0.512864238410596	0.37135308656923127	0.36104338141090025
5	2	Random	0.9390066225165563	0.6283325635282252	0.5158609271523179	0.5319545371914393	0.43377579821541484
5	10	iMF (full)	0.9999834437086093	0.8235829162198676	0.6503807947019867	0.598556073404408	0.5171878548563997
5	10	Popularity	0.9999834437086093	0.7811217125054125	0.6160099337748344	0.5880864241894614	0.4985533006131624
5	10	kNN (test)	0.9363907284768213	0.8268697863866715	0.6509437086092715	0.6010011976655268	0.5185971240018674
5	2	iMF (full)	0.9390066225165563	0.833603520294767	0.6567384105960264	0.6136310331899901	0.5255789165429446
5	2	Popularity	0.9389403973509933	0.784881836107348	0.6192880794701987	0.5941617947350306	0.5026998401758261
5	2	kNN (test)	0.9092384105960265	0.8288876502803727	0.6521854304635761	0.602735719582168	0.5200110453894573
5	10	Normalized kNN (test)	0.9670695364238411	0.8004808236248735	0.6386754966887417	0.5895091364915556	0.5057967976629005
5	10	kNN (full)	0.8966721854304636	0.8162252309688409	0.6441556291390729	0.5855246408802781	0.5097359945783206
5	2	Normalized kNN (test)	0.934139072847682	0.8127390729754567	0.6483940397350993	0.6012111363331384	0.5157358657539645
5	2	kNN (full)	0.881274834437086	0.8178890838732368	0.6450827814569536	0.5866954712915886	0.5107477494150987
5	0	Average Rating	0.8877980132450332	0.8459909826305425	0.666887417218543	0.6258638339702024	0.5365474157778393
5	0	iMF (test)	0.8878807947019868	0.8691068572444381	0.6862251655629139	0.634939542973079	0.547836378832987
5	0	Normalized kNN (full)	0.6764238410596026	0.6462353775071685	0.5144370860927152	0.37198484894108297	0.36191418384573365
5	0	Random	0.8878807947019868	0.6920047225607479	0.5504801324503311	0.5657064866969699	0.46583647179027066
5	0	iMF (full)	0.8878807947019868	0.8394139875401682	0.6610264900662252	0.6184597321349168	0.5299349637551879
5	0	Popularity	0.8877980132450332	0.7925867390455793	0.6246192052980132	0.6016221260460388	0.5087732532145859
5	0	kNN (test)	0.8767549668874173	0.8328891309574482	0.6553311258278145	0.6066199732732244	0.5233817455157157
5	0	Normalized kNN (test)	0.8842218543046357	0.8544732986013973	0.6727317880794702	0.62587208842748	0.5391406052034197
5	0	kNN (full)	0.8632119205298013	0.8211811830627685	0.6477649006622517	0.5896064502565703	0.5134724921951828
