fold	target size	recommender system	Coverage@10	nDCG@10	P@10	Recall@10	FScore@10
3	100	Average Rating	1.0	0.20456134911813514	0.1821688741721854	0.12246852228925167	0.11817641895179024
3	100	iMF (test)	1.0	0.5884057900304264	0.4858609271523179	0.41352666954183215	0.3639678775378839
3	100	Normalized kNN (full)	1.0	0.5645771725386666	0.4570364238410596	0.35669078438624324	0.33226537312918675
3	100	Random	1.0	0.13870809248402727	0.12910596026490068	0.08110855045153037	0.08079421868025334
3	100	iMF (full)	1.0	0.7166693472623935	0.5726655629139072	0.5059870003728456	0.4396781614799427
3	100	Popularity	1.0	0.4944998902994081	0.42379139072847677	0.3449036380571099	0.30921221535895954
3	100	kNN (test)	1.0	0.6617906074978984	0.5285761589403973	0.462823804234694	0.40236481801235185
3	100	Normalized kNN (test)	1.0	0.3522728701605398	0.28822847682119207	0.21017361546166213	0.19712761686843436
3	100	kNN (full)	1.0	0.6682041503988395	0.5327980132450331	0.46578404797333584	0.40544379000741193
3	200	Average Rating	1.0	0.18947335648415664	0.16198675496688741	0.10595581308120061	0.10337532177797229
3	200	iMF (test)	1.0	0.5236356470573243	0.43541390728476825	0.3533681614444357	0.3174463365905891
3	200	Normalized kNN (full)	1.0	0.5240958897445488	0.42288079470198675	0.33018233792096746	0.30643690872051876
3	200	Random	1.0	0.08415678690094115	0.07852649006622517	0.04467039988723224	0.04591195804237296
3	200	iMF (full)	1.0	0.6741055384653738	0.5384933774834437	0.46118140663857754	0.4059120639584978
3	200	Popularity	1.0	0.4511073060553278	0.37705298013245037	0.288945817022438	0.2659464613026264
3	200	kNN (test)	1.0	0.632671679289011	0.5029139072847681	0.4268695452622708	0.37629744898341455
3	200	Normalized kNN (test)	1.0	0.33044739337794055	0.27114238410596025	0.19060539507769592	0.18218918610416432
3	200	kNN (full)	1.0	0.6363051635877357	0.5049006622516556	0.4275866254013895	0.37750280139099623
3	50	Average Rating	1.0	0.5984202439392214	0.5030794701986755	0.42193574674347656	0.37419852663980585
3	50	iMF (test)	1.0	0.7522215261100212	0.6150496688741722	0.5518286980610179	0.4770876010902056
3	50	Normalized kNN (full)	1.0	0.635458995593827	0.5104966887417218	0.39175392845367496	0.36720953187725913
3	50	Random	1.0	0.2184824374001819	0.19700331125827816	0.1394179032565419	0.13240124439543655
3	50	iMF (full)	1.0	0.7758653483879907	0.6175827814569537	0.5587768740373585	0.4824996713868153
3	50	Popularity	1.0	0.6020082251273817	0.5152152317880795	0.47514888704719366	0.4042345797148262
3	50	kNN (test)	1.0	0.7478053095025514	0.5980132450331126	0.5494332485090698	0.46878987001224626
3	50	Normalized kNN (test)	1.0	0.6685011456956956	0.5556622516556291	0.48352476071508427	0.4216747188266928
3	50	kNN (full)	1.0	0.7490197446337117	0.5970033112582782	0.5431017298252306	0.46611208177338936
3	2000	Average Rating	1.0	0.05867900911778155	0.06480132450331126	0.03727827125796287	0.03842908191652799
3	2000	iMF (test)	1.0	0.2302209073967246	0.19975165562913907	0.14304678680061889	0.13480416653446048
3	2000	Normalized kNN (full)	1.0	0.2815640814076158	0.23226821192052982	0.2030059241630136	0.17572892085119435
3	2000	Random	1.0	0.010752512955914804	0.01	0.005299374261238509	0.005376249320407156
3	2000	iMF (full)	1.0	0.46981290704013245	0.37945364238410595	0.29503426484550427	0.2698594896638514
3	2000	Popularity	1.0	0.258124410537857	0.21488410596026492	0.1416594036859692	0.13791098242977834
3	2000	kNN (test)	1.0	0.42865120060974016	0.34129139072847686	0.2617094562388689	0.23972702050102218
3	2000	Normalized kNN (test)	1.0	0.10810032455286316	0.10329470198675496	0.05528655216165458	0.06008184483286461
3	2000	kNN (full)	1.0	0.4324258763154133	0.3449834437086092	0.26803462076603995	0.24394127892676867
3	3706	Average Rating	1.0	0.016157669009139782	0.020413907284768214	0.010538791024920014	0.011505535385975558
3	3706	iMF (test)	1.0	0.14280695923388298	0.12471854304635763	0.08714524238098205	0.08246442081684971
3	3706	Normalized kNN (full)	1.0	0.17274359056296476	0.146341059602649	0.13188673155370478	0.11130116138726853
3	3706	Random	1.0	0.0054131728643345535	0.005182119205298014	0.0028394663732193635	0.002834063604153534
3	3706	iMF (full)	1.0	0.36085500114749597	0.2926655629139073	0.21717040069704463	0.2019134471483763
3	3706	Popularity	1.0	0.17098256441647924	0.1456291390728477	0.08334995244718131	0.08611383679729186
3	3706	kNN (test)	1.0	0.3197219126703091	0.2540066225165563	0.18777805956208307	0.17373833358611288
3	3706	Normalized kNN (test)	1.0	0.04176069379828109	0.0468046357615894	0.022170399397475442	0.025551788839879894
3	3706	kNN (full)	1.0	0.32313846353978104	0.25682119205298015	0.19324072581436288	0.17720557299069697
3	1000	Average Rating	1.0	0.09274037639872582	0.09986754966887418	0.06375355387786326	0.0627532279052618
3	1000	iMF (test)	1.0	0.31778243127231415	0.26945364238410596	0.20585673455726014	0.18873181097827504
3	1000	Normalized kNN (full)	1.0	0.3767936324669944	0.30690397350993376	0.25942190723453507	0.22989112955183655
3	1000	Random	1.0	0.0228779753586972	0.021440397350993377	0.010407355408605847	0.011603743219691076
3	1000	iMF (full)	1.0	0.5535821723541532	0.4429139072847682	0.3586462004802261	0.32269595943624024
3	1000	Popularity	1.0	0.3482865807663489	0.28577814569536425	0.20398391055719503	0.19273050679341794
3	1000	kNN (test)	1.0	0.5168678765128428	0.41225165562913907	0.33089257445629533	0.29782761302466476
3	1000	Normalized kNN (test)	1.0	0.1597970083065281	0.14445364238410596	0.08913099855517748	0.09020936906910793
3	1000	kNN (full)	1.0	0.5193241421319141	0.41299668874172185	0.3326736883903019	0.2989558412489546
3	500	Average Rating	1.0	0.13242003380231546	0.1341225165562914	0.08694716684593701	0.08530960700492751
3	500	iMF (test)	1.0	0.43010341849224765	0.3583609271523179	0.28522906363215433	0.25776055894650324
3	500	Normalized kNN (full)	1.0	0.4689098875762639	0.3754139072847682	0.30220418582228326	0.2757040697985867
3	500	Random	1.0	0.03883784421636865	0.03713576158940397	0.01942593195213441	0.020583994117353045
3	500	iMF (full)	1.0	0.6288392821782427	0.49961920529801324	0.4185307671060384	0.3715175832670294
3	500	Popularity	1.0	0.4246502537852639	0.3460927152317881	0.25312540487727697	0.2378869875218214
3	500	kNN (test)	1.0	0.6043127957652416	0.47746688741721854	0.39565127338177436	0.352490185501014
3	500	Normalized kNN (test)	1.0	0.23373498090690792	0.2031456953642384	0.1356310956990352	0.1324456613064511
3	500	kNN (full)	1.0	0.6027058538551019	0.47493377483443705	0.3932240660895923	0.3501458820882105
3	5	Average Rating	0.9842218543046357	0.7798031357100138	0.615	0.5751107372906372	0.48492815491035096
3	5	iMF (test)	0.9842218543046357	0.8338187985340679	0.662069536423841	0.6128287010171128	0.5234273508158976
3	5	Normalized kNN (full)	0.9842218543046357	0.7543274871294819	0.600728476821192	0.5525901306148527	0.46942221912086807
3	5	Random	0.9842218543046357	0.5539427503885004	0.4655463576158941	0.4750202351538643	0.3824422233018933
3	5	iMF (full)	0.9842218543046357	0.8181500824382502	0.6443211920529801	0.6017658469064433	0.5116509660856874
3	5	Popularity	0.9842218543046357	0.7233655351896574	0.5859271523178808	0.5693867089151742	0.47411847187301925
3	5	kNN (test)	0.9842218543046357	0.8148003439305211	0.6397682119205298	0.5991724709567057	0.5082795578052591
3	5	Normalized kNN (test)	0.9842218543046357	0.7968780014764291	0.6325827814569537	0.5886713345082051	0.49909156686610806
3	5	kNN (full)	0.9842218543046357	0.8118216548049723	0.6381125827814569	0.595592263764251	0.5059438629903446
3	20	Average Rating	1.0	0.6651793417572256	0.5594205298013245	0.4882267477532776	0.42493949417774995
3	20	iMF (test)	1.0	0.7602228249376599	0.6210927152317881	0.5633798544608355	0.4838351617467107
3	20	Normalized kNN (full)	1.0	0.6613590311460584	0.5321688741721855	0.4344787094851013	0.3930989608911672
3	20	Random	1.0	0.34139010703557443	0.304635761589404	0.25077426419567583	0.22299013625136424
3	20	iMF (full)	1.0	0.7818493882271805	0.6214238410596027	0.5681597631738527	0.48769429071606707
3	20	Popularity	1.0	0.6075878429676108	0.5198344370860928	0.48643957925137793	0.4103344649852265
3	20	kNN (test)	1.0	0.750693889411444	0.6003476821192053	0.5550879898842277	0.4718842147779167
3	20	Normalized kNN (test)	1.0	0.6930176992989315	0.5750331125827814	0.5105186593360203	0.4406632433926961
3	20	kNN (full)	1.0	0.7528083544552392	0.6002152317880795	0.5495934997052673	0.47012330170575556
3	10	Average Rating	0.9999834437086093	0.7673118056729801	0.6040231788079471	0.5546223298929646	0.4713997260101012
3	10	iMF (test)	0.9999834437086093	0.8221761933867663	0.6533609271523179	0.5999948069460357	0.5139655608786198
3	10	Normalized kNN (full)	0.9999834437086093	0.7174549745497562	0.5719867549668874	0.4946469449539729	0.43353594157650066
3	10	Random	0.9999834437086093	0.4535342819467408	0.39096026490066227	0.36933185633520127	0.3069349082358008
2	100	Average Rating	1.0	0.17688281962739003	0.1632615894039735	0.11270879875614383	0.10795173638370328
2	100	iMF (test)	1.0	0.5892506354827896	0.48832781456953644	0.424129881618774	0.37116880850189826
2	100	Normalized kNN (full)	1.0	0.5632134104037154	0.4566390728476821	0.3568482528014529	0.3334566589361332
2	100	Random	1.0	0.13822931933940066	0.12619205298013245	0.08111045828602283	0.07993584603704407
3	10	iMF (full)	0.9999834437086093	0.8082670267760965	0.6380960264900662	0.5886118515511621	0.5039812864445414
3	10	Popularity	0.9999834437086093	0.7133175554531971	0.5777317880794702	0.5520022337292771	0.4635444923639814
3	10	kNN (test)	0.9999834437086093	0.8089999439804842	0.6359602649006623	0.5908763157689942	0.5034251146283784
1	100	Average Rating	1.0	0.16577409415750377	0.1499503311258278	0.10167398953289862	0.09796257713554465
1	5	Average Rating	0.9854966887417218	0.7958826905225658	0.6278145695364239	0.5874016677893283	0.49837152444433125
1	100	iMF (test)	1.0	0.5884448772277208	0.4844701986754967	0.4187742929815098	0.36644086474972565
1	5	iMF (test)	0.9854966887417218	0.8584364779055227	0.6755298013245032	0.6276649032488798	0.5382075301608533
1	100	Normalized kNN (full)	1.0	0.5665422131381864	0.4584105960264901	0.3586322734934686	0.33471268459601505
1	100	Random	1.0	0.1421305347838007	0.13024834437086094	0.08377662315164686	0.08255239350402431
1	5	Normalized kNN (full)	0.9854966887417218	0.7623346313628603	0.607317880794702	0.5588313622810905	0.47657750820370215
1	5	Random	0.9854966887417218	0.549837097456253	0.4634602649006623	0.47638826262937195	0.38324231306075185
3	10	Normalized kNN (test)	0.9999834437086093	0.7844002478918852	0.6231456953642385	0.5719189817422101	0.48771381551648757
3	10	kNN (full)	0.9999834437086093	0.803700403300023	0.6326158940397351	0.5833571828040045	0.4988903969657691
2	100	iMF (full)	1.0	0.719961521928688	0.5772847682119205	0.5086280802809727	0.4451688491332538
2	100	Popularity	1.0	0.5180535283491376	0.44249999999999995	0.36318953855083047	0.32563448650136495
2	100	kNN (test)	1.0	0.6616060405788944	0.5290562913907285	0.466879401362384	0.40630016864527563
2	100	Normalized kNN (test)	1.0	0.3424519364437798	0.2812913907284768	0.20763204350732212	0.19451297036191545
2	100	kNN (full)	1.0	0.6682823045671653	0.5331788079470199	0.46901919945766807	0.40900915755245565
1	100	iMF (full)	1.0	0.7213995776114246	0.5766556291390729	0.5092051672654956	0.44485536812998105
1	100	Popularity	1.0	0.5103128546115744	0.4343708609271523	0.3522520536682759	0.3163762346325995
1	5	iMF (full)	0.9854966887417218	0.8323572892708855	0.6529635761589404	0.6102069069878034	0.5212981850023267
1	5	Popularity	0.9854966887417218	0.7871581371774736	0.6171854304635762	0.5938170876678407	0.49963180853259864
1	100	kNN (test)	1.0	0.6621079175794026	0.528046357615894	0.464641171142307	0.40488669397841975
1	5	kNN (test)	0.9854966887417218	0.8340279469908332	0.6540066225165563	0.6135135550894881	0.5229632832288155
1	100	Normalized kNN (test)	1.0	0.3242979046515297	0.2710761589403973	0.20155400587607797	0.1882559104975632
1	5	Normalized kNN (test)	0.9854966887417218	0.8133205385276505	0.6450993377483444	0.6035925598676399	0.5136538361935592
1	100	kNN (full)	1.0	0.6680354337141232	0.5320033112582782	0.46751875571793067	0.4076584074285215
1	5	kNN (full)	0.9854966887417218	0.8278605651895836	0.6493211920529801	0.6080397721897246	0.5182007331268269
3	1	Average Rating	0.9097516556291391	0.8196549581803354	0.6484602649006622	0.6108944257297415	0.5177383890240213
3	1	iMF (test)	0.9097516556291391	0.844576641407792	0.6703145695364238	0.622107307072917	0.5312625706717928
2	200	Average Rating	1.0	0.16183235397096485	0.14377483443708608	0.09824071398402881	0.09443357973327621
3	1	Normalized kNN (full)	0.9097516556291391	0.7951756127781752	0.6296523178807947	0.593826911829738	0.5013001396412632
3	1	Random	0.9097516556291391	0.6640517913059624	0.5337251655629138	0.5504968692976157	0.44716764015361227
2	200	iMF (test)	1.0	0.5209962623426481	0.43501655629139074	0.3565938863586853	0.3210620727644401
2	200	Normalized kNN (full)	1.0	0.5253937811515563	0.42485099337748344	0.3331043248171832	0.30996475570355103
2	200	Random	1.0	0.08321311354619254	0.07885761589403974	0.04610015706028131	0.04718293613760068
1	200	Average Rating	1.0	0.12051725750703392	0.12251655629139073	0.08189130724413121	0.07939868235460983
1	20	Average Rating	1.0	0.6442713636635812	0.5435927152317881	0.4810493656084997	0.41749015959961766
1	200	iMF (test)	1.0	0.5116032975808583	0.4263079470198676	0.34791180947604433	0.31271510343275327
1	20	iMF (test)	1.0	0.7807369363351321	0.6372185430463576	0.5844634501014012	0.5015232233232989
1	200	Normalized kNN (full)	1.0	0.5256657748329578	0.42317880794701984	0.3333899881410345	0.3096818117762624
1	200	Random	1.0	0.08001907027559602	0.0747682119205298	0.04351638638517381	0.0443702086458065
1	20	Normalized kNN (full)	1.0	0.6731330067624164	0.542069536423841	0.44243319400180103	0.40249647203571665
1	20	Random	1.0	0.3422360094800717	0.3035596026490066	0.24813739569295207	0.22275713112692305
3	1	iMF (full)	0.9097516556291391	0.8242686061383581	0.6488245033112583	0.6094808086373816	0.5171467004876877
3	1	Popularity	0.9097516556291391	0.7321360947849593	0.5927317880794701	0.5808400945655797	0.48229976299762156
3	1	kNN (test)	0.9097516556291391	0.8202840850173112	0.6443543046357616	0.6064038644757636	0.5136616085743517
2	200	iMF (full)	1.0	0.6806851141827497	0.5454139072847682	0.46745509887583514	0.41412659549980496
2	200	Popularity	1.0	0.46861719469329316	0.3920529801324503	0.3043382497413754	0.27941489508538725
2	200	kNN (test)	1.0	0.6339241471324563	0.5042384105960265	0.432152048739762	0.3810310672778262
3	1	Normalized kNN (test)	0.9097516556291391	0.8309421641368044	0.6554966887417218	0.6146087496605408	0.5221645987231389
3	1	kNN (full)	0.9097516556291391	0.8191466446430649	0.6437417218543046	0.6052104154314385	0.5126711248749448
2	200	Normalized kNN (test)	1.0	0.3149499984025503	0.2602483443708609	0.18559927677838042	0.1765738451009675
2	200	kNN (full)	1.0	0.6385111106490977	0.5066059602649007	0.4329659680885295	0.3824557422397371
1	20	iMF (full)	1.0	0.7952396043413651	0.6309271523178809	0.5783949870226411	0.4985055738249123
1	20	Popularity	1.0	0.6459695493732449	0.5480298013245033	0.5169293216175456	0.43523824662988575
1	200	iMF (full)	1.0	0.6804384085794329	0.5426655629139072	0.46619363416808357	0.4120118877183181
1	200	Popularity	1.0	0.46926112604570297	0.3929470198675497	0.3044664334304026	0.2791086967673762
1	20	kNN (test)	1.0	0.7676968594746761	0.6140066225165562	0.5706202418623086	0.486521699229567
1	200	kNN (test)	1.0	0.6343772009148303	0.5029801324503311	0.432145640940959	0.3800409987570626
1	20	Normalized kNN (test)	1.0	0.7140455963926904	0.5925662251655629	0.5377323994646608	0.46146089466692586
1	200	Normalized kNN (test)	1.0	0.28067114665628196	0.24201986754966887	0.1753706682509246	0.1660720655164143
1	20	kNN (full)	1.0	0.7665820120404871	0.611225165562914	0.5630071460310511	0.4822677788510312
1	200	kNN (full)	1.0	0.6374837487574742	0.5051986754966887	0.43125265018430897	0.38090712710053437
2	50	Average Rating	1.0	0.4505391156397913	0.43632450331125827	0.38041393894203235	0.3334604812805917
2	50	iMF (test)	1.0	0.7687641096928132	0.6290562913907285	0.573764843985733	0.4945080713847435
3	2	Average Rating	0.9342384105960265	0.796667284589565	0.6304470198675497	0.5933724836444513	0.5008908514435078
2	50	Normalized kNN (full)	1.0	0.6428939708800613	0.5173675496688742	0.3990368402721895	0.3749336155162531
2	50	Random	1.0	0.21404381495849012	0.1941225165562914	0.13876173093337685	0.13158658020949113
3	2	iMF (test)	0.9342384105960265	0.8431150169570609	0.6677814569536424	0.6199972069809241	0.5290613771305667
3	2	Normalized kNN (full)	0.9342384105960265	0.7823386232067405	0.6209437086092715	0.5821107921936093	0.49196661324520446
3	2	Random	0.9342384105960265	0.6333527623982441	0.5163245033112582	0.5342621911042292	0.43212984586913306
1	10	Average Rating	1.0	0.7289251411560248	0.5832615894039735	0.539438292715806	0.45791542301038046
1	50	Average Rating	1.0	0.47987334165910894	0.43892384105960264	0.3693192862039911	0.32690693135854365
1	10	iMF (test)	1.0	0.8466675562407145	0.668046357615894	0.6187627655828208	0.530818088498174
1	50	iMF (test)	1.0	0.7670614869969885	0.6272350993377483	0.5700858344845641	0.49154519298378935
1	10	Normalized kNN (full)	1.0	0.7251191548818352	0.5791556291390728	0.500699062418997	0.44130340525323547
1	10	Random	1.0	0.45129981400385505	0.38667218543046356	0.3677112289095908	0.30516220513372133
1	50	Normalized kNN (full)	1.0	0.6442919530438072	0.518112582781457	0.3966486473047675	0.3742887628995481
1	50	Random	1.0	0.2157472276387453	0.19574503311258276	0.14189551839701256	0.13259769861887616
2	50	iMF (full)	1.0	0.7886557855029853	0.6280298013245034	0.570668637969438	0.4943013342708994
2	50	Popularity	1.0	0.6401072612868686	0.5455132450331126	0.5053816294247875	0.4312694509287252
2	50	kNN (test)	1.0	0.7615129166288651	0.611523178807947	0.5646412567012266	0.4835907843536852
3	2	iMF (full)	0.9342384105960265	0.8212767967231922	0.6467715231788079	0.6069036522537335	0.5149501286675867
3	2	Popularity	0.9342384105960265	0.7286970490972215	0.5900331125827815	0.5768887552500019	0.479177052412747
3	2	kNN (test)	0.9342384105960265	0.8181102247249197	0.6425662251655629	0.6038647580878319	0.5116237618263076
2	50	Normalized kNN (test)	1.0	0.6731813542786836	0.5633774834437086	0.49834706688124564	0.4341560027674128
2	50	kNN (full)	1.0	0.7618904568277963	0.610066225165563	0.5563356404551819	0.4798169765493904
1	10	iMF (full)	1.0	0.8248240723857465	0.6473344370860927	0.5986175519467695	0.514235095685175
1	10	Popularity	1.0	0.7730237652955786	0.607069536423841	0.5782173578701646	0.48809972069115637
3	2	Normalized kNN (test)	0.9342384105960265	0.8108500379353338	0.6428807947019868	0.6018235700522712	0.5101073866448489
1	10	kNN (test)	1.0	0.8267116182213349	0.6485430463576158	0.6037661230021408	0.5163422115046958
1	50	iMF (full)	1.0	0.7889417268823893	0.6260596026490066	0.5695107456586361	0.4926647084011876
1	50	Popularity	1.0	0.632179777054324	0.5362086092715231	0.48991585849213265	0.4197238831039001
3	2	kNN (full)	0.9342384105960265	0.8165750447846944	0.6418046357615894	0.6024540892304785	0.5104728849474285
1	50	kNN (test)	1.0	0.7633255840895982	0.6104304635761589	0.5623330147070386	0.48187345008112364
1	10	Normalized kNN (test)	1.0	0.8004626449453258	0.6362417218543046	0.5894522959845534	0.5033218815239453
1	10	kNN (full)	1.0	0.8192256343046014	0.642864238410596	0.5951228180097444	0.5101600535121549
1	50	Normalized kNN (test)	1.0	0.6729477328576947	0.5613741721854304	0.4968741357607015	0.43180461393595315
1	50	kNN (full)	1.0	0.7615383385118949	0.6071192052980132	0.5546339522106196	0.4771228300169985
1	2000	Average Rating	1.0	0.050519449175764466	0.05021523178807947	0.030752578978242774	0.031110260812796955
1	2000	iMF (test)	1.0	0.2267632103692767	0.1962748344370861	0.14372407390176895	0.13450865932158465
1	2000	Normalized kNN (full)	1.0	0.2808932241835991	0.23395695364238409	0.20541534950647894	0.1781673313628227
1	2000	Random	1.0	0.011245736862535287	0.01033112582781457	0.0056814745262005455	0.005817777223422776
2	5	Average Rating	0.9864900662251656	0.7857810392706195	0.6213907284768212	0.581009239606708	0.49324095349946173
2	5	iMF (test)	0.9864900662251656	0.856013647627785	0.6753476821192053	0.6263265646347859	0.5379876275434189
2	5	Normalized kNN (full)	0.9864900662251656	0.7609293801031445	0.6059602649006622	0.5570776795652509	0.47557152853010276
2	5	Random	0.9864900662251656	0.5537178708882531	0.46102649006622515	0.4725368060542663	0.38151423641504534
2	2000	Average Rating	1.0	0.05172923413347933	0.0530794701986755	0.032389316526558624	0.03287334279791256
2	2000	iMF (test)	1.0	0.23012307478176058	0.19837748344370862	0.1460549392283693	0.13680970751811994
2	2000	Normalized kNN (full)	1.0	0.2795120624317625	0.2334271523178808	0.2048417288173701	0.17758832425993526
2	2000	Random	1.0	0.012027829147130076	0.011258278145695364	0.005920876786702008	0.00630506897271001
1	2000	iMF (full)	1.0	0.4707025423945484	0.3788907284768212	0.2992766437121224	0.2717960062505209
1	2000	Popularity	1.0	0.2565836915392797	0.2133112582781457	0.14249942702486257	0.1381417256576204
1	2000	kNN (test)	1.0	0.42679021342694107	0.33857615894039733	0.26463055708893707	0.24089641061812633
3	0	Average Rating	0.8848509933774834	0.8471996867180133	0.663046357615894	0.6242639814884855	0.5310191686910116
3	0	iMF (test)	0.8848509933774834	0.8679332016914908	0.6820198675496688	0.632794859792474	0.541821543087526
1	1	Average Rating	0.9134437086092715	0.845406809916388	0.6615562913907285	0.6246104844894309	0.5319785634098716
1	1	iMF (test)	0.9134437086092715	0.8670583109409241	0.6812086092715232	0.6341045027846064	0.5437133457001082
2	5	iMF (full)	0.9864900662251656	0.8288835764876524	0.6530794701986755	0.609718170688885	0.5213670226891955
1	0	Average Rating	0.8862417218543046	0.8470022119427171	0.6628476821192053	0.6266057385914732	0.5334869467101532
2	5	Popularity	0.9864900662251656	0.780403132229322	0.6142549668874172	0.5891302752466989	0.49720127369994044
3	0	Normalized kNN (full)	0.8848509933774834	0.8123683879181931	0.6402317880794702	0.603287628009427	0.5106329904983763
2	5	kNN (test)	0.9864900662251656	0.8313145161970966	0.6531291390728476	0.6123594052115848	0.5226977637354252
3	0	Random	0.8848509933774834	0.6902936178216084	0.5470860927152318	0.5634862208329817	0.4596165867790043
1	0	iMF (test)	0.8862417218543046	0.8688128244606088	0.6828145695364238	0.6353211425660257	0.544878534839821
1	2000	Normalized kNN (test)	1.0	0.09625335360574125	0.09496688741721855	0.054922923010719285	0.05782395499167122
1	1	Normalized kNN (full)	0.9134437086092715	0.8029688373251622	0.6350827814569536	0.5981040918784902	0.5072133485820384
1	1	Random	0.9134437086092715	0.659411898088599	0.5299337748344372	0.5492962637960461	0.44643566250264716
1	2000	kNN (full)	1.0	0.42846224351474205	0.3407119205298013	0.2665464853390412	0.24273824076469955
1	0	Normalized kNN (full)	0.8862417218543046	0.8157475472363647	0.6421523178807946	0.6070232957477523	0.514808329177802
1	0	Random	0.8862417218543046	0.6914092608784659	0.5466887417218543	0.565764738418487	0.46242464092144975
2	5	Normalized kNN (test)	0.9864900662251656	0.8109260966201777	0.6442384105960265	0.6007323382958524	0.5123871587008368
2	2000	iMF (full)	1.0	0.46900827217242386	0.37996688741721857	0.2966973428115672	0.2718481778987938
2	2000	Popularity	1.0	0.2604589964634876	0.21877483443708612	0.14716088218198006	0.14307467722915723
2	5	kNN (full)	0.9864900662251656	0.8259793194179356	0.650115894039735	0.6071749958802508	0.5188423273560864
2	2000	kNN (test)	1.0	0.4235196933275683	0.3387417218543046	0.2617021729320867	0.24027562552130957
1	3706	Average Rating	1.0	0.016400977497289717	0.021440397350993377	0.012280810782296647	0.01293060390949719
1	3706	iMF (test)	1.0	0.13966803725861146	0.12150662251655629	0.08586983692724602	0.08132469695060542
1	3706	Normalized kNN (full)	1.0	0.1706261587894294	0.14500000000000002	0.13142961017695037	0.11111517877468716
1	3706	Random	1.0	0.006016301870175298	0.005761589403973511	0.003097310976505989	0.0031954792715516334
2	2000	Normalized kNN (test)	1.0	0.10315382193508833	0.10236754966887418	0.056996421263895335	0.060820205319620645
2	2000	kNN (full)	1.0	0.42886380379011574	0.34266556291390726	0.26781401455280057	0.24446895148231593
3	0	iMF (full)	0.8848509933774834	0.8380131509993074	0.6566887417218543	0.6170788997193785	0.5243796010949113
3	0	Popularity	0.8848509933774834	0.7911317275206814	0.620546357615894	0.6005927860151501	0.5035555108676644
1	1	iMF (full)	0.9134437086092715	0.8388533535690718	0.6578311258278146	0.6188872152118547	0.5271889904032586
1	1	Popularity	0.9134437086092715	0.7959470179234425	0.6239403973509934	0.6034997844780209	0.5073680524215191
3	0	kNN (test)	0.8848509933774834	0.8396224479045551	0.6574503311258278	0.6180806908757435	0.5252245226291758
1	1	kNN (test)	0.9134437086092715	0.8409396758254292	0.6589072847682119	0.6209856215840031	0.528658687826222
1	0	iMF (full)	0.8862417218543046	0.8409684410972966	0.6590397350993378	0.6201803617039142	0.5284455501923692
1	0	Popularity	0.8862417218543046	0.7965102568331279	0.6243543046357616	0.6041136872235462	0.5078530075863433
1	0	kNN (test)	0.8862417218543046	0.8416506978559567	0.6593046357615894	0.621730792068412	0.5291370956817136
2	3706	Average Rating	1.0	0.015076396943542512	0.018294701986754966	0.010664276767179515	0.010997070004017987
2	3706	iMF (test)	1.0	0.1439816441034969	0.12385761589403974	0.08761144102020231	0.0830719332305916
3	0	Normalized kNN (test)	0.8848509933774834	0.8575557303181743	0.6710264900662252	0.6282173166361148	0.536011809868841
1	1	Normalized kNN (test)	0.9134437086092715	0.8571277783905209	0.6704139072847682	0.6301971494678944	0.5381605210831255
3	0	kNN (full)	0.8848509933774834	0.8367334609345026	0.6554801324503311	0.6156579560134159	0.5230748494661149
1	1	kNN (full)	0.9134437086092715	0.8365309118495406	0.6554801324503311	0.6178109309353629	0.5253995950396662
2	3706	Normalized kNN (full)	1.0	0.1679920184611695	0.14394039735099337	0.1308755613941493	0.11039236691889487
2	3706	Random	1.0	0.00646350904733268	0.005794701986754967	0.0034525476277475755	0.003348765688577053
1	0	Normalized kNN (test)	0.8862417218543046	0.8580153870592389	0.6710430463576159	0.6310695531403808	0.538872926660915
1	0	kNN (full)	0.8862417218543046	0.8379389466945746	0.6562913907284769	0.6188279722090266	0.5263268610377577
1	3706	iMF (full)	1.0	0.3607486805036122	0.2904304635761589	0.21915715271616043	0.20221046484711816
1	3706	Popularity	1.0	0.171448864007565	0.14589403973509935	0.08700460334989468	0.08755458896951955
1	3706	kNN (test)	1.0	0.3195949799532942	0.2522682119205298	0.190010101747848	0.1744094994299382
2	20	Average Rating	1.0	0.6650759082120882	0.5577980132450331	0.4861401422014075	0.4259055352406546
2	20	iMF (test)	1.0	0.7710300005235784	0.6314403973509934	0.5799996245510476	0.4979111379685708
1	3706	Normalized kNN (test)	1.0	0.043855395315661704	0.04793046357615894	0.02380938149831722	0.02722314623845999
1	3706	kNN (full)	1.0	0.32163226860163235	0.2545860927152318	0.19392227769439707	0.17732965753888816
2	20	Normalized kNN (full)	1.0	0.667901121725537	0.537864238410596	0.4397125628628967	0.3998288996028917
2	20	Random	1.0	0.348450669388592	0.30362582781456954	0.2520884616389828	0.22412242796995735
2	3706	iMF (full)	1.0	0.3568211506480331	0.2912251655629139	0.2166616437354908	0.20227266925500006
2	3706	Popularity	1.0	0.16948828911356792	0.14549668874172186	0.08483639581685883	0.08779494968795501
2	3706	kNN (test)	1.0	0.3175405877332266	0.25256622516556293	0.18749984471697428	0.1742879911018511
1	2	Average Rating	0.9372682119205299	0.8186102280863902	0.6459768211920529	0.6097401781284045	0.5174596462903578
2	3706	Normalized kNN (test)	1.0	0.033459335648169386	0.03879139072847682	0.020057252698668586	0.022245751947402685
2	3706	kNN (full)	1.0	0.32138255927247505	0.25572847682119204	0.19330024903229273	0.17796529028275238
1	2	iMF (test)	0.9372682119205299	0.8623495829969515	0.6781456953642384	0.6311706238584104	0.5408304937519532
1	1000	Average Rating	1.0	0.08294979302456322	0.08905629139072847	0.056517052493713124	0.05634489493198934
1	2	Normalized kNN (full)	0.9372682119205299	0.7909937745626677	0.6275331125827814	0.588950086117666	0.4993440137626137
1	2	Random	0.9372682119205299	0.6265450745739661	0.5135761589403973	0.5338529948164178	0.4319246870491675
1	1000	iMF (test)	1.0	0.31434019961219334	0.26900662251655627	0.20618463455546024	0.18977103078292254
2	20	iMF (full)	1.0	0.7913835252168925	0.6299172185430463	0.5755738347605865	0.4971280680335072
2	20	Popularity	1.0	0.6445712806541225	0.5493211920529801	0.5133585481094877	0.4361200639291262
5	100	Average Rating	1.0	0.18977816870677364	0.15948675496688744	0.1065708409338182	0.10344255341212746
1	500	Average Rating	1.0	0.10946432254131307	0.10978476821192053	0.07275508819101943	0.07086784429628362
1	1000	Normalized kNN (full)	1.0	0.37277553656262696	0.30432119205298014	0.25808394371687005	0.2291913559849332
1	1000	Random	1.0	0.02186954101318705	0.020380794701986758	0.010782716442507743	0.011250156395205107
2	20	kNN (test)	1.0	0.7639051894206667	0.6133774834437087	0.5692415304157387	0.4861159115706493
5	100	iMF (test)	1.0	0.5918941372397428	0.49223509933774834	0.4264171976537212	0.3746503016071098
1	500	iMF (test)	1.0	0.4146369556668546	0.3496523178807947	0.27567842409326343	0.25092012003929365
1	500	Normalized kNN (full)	1.0	0.45845998104535207	0.37057947019867554	0.3007916522111686	0.2739295958486655
1	500	Random	1.0	0.03977321693569083	0.038112582781456954	0.02027946060368023	0.021505723141132905
5	100	Normalized kNN (full)	1.0	0.5714686270178363	0.46158940397350995	0.36067758693139507	0.3368317878256029
5	100	Random	1.0	0.13896246502931112	0.12841059602649008	0.0798604315863788	0.08030841963137579
2	20	Normalized kNN (test)	1.0	0.6973128101864573	0.5819370860927152	0.5202472181845538	0.44963816099842757
2	20	kNN (full)	1.0	0.7651708763772453	0.6127980132450331	0.562111131440506	0.4833358626683055
2	1	Average Rating	0.9147847682119206	0.8220921069010128	0.6499834437086093	0.6135651898977799	0.5218602957355227
2	1	iMF (test)	0.9147847682119206	0.8640384059913649	0.6814238410596026	0.6338583838131271	0.5443564951410084
2	10	Average Rating	1.0	0.7766717062396749	0.6133774834437087	0.5662563315816097	0.4834925641122996
2	10	iMF (test)	1.0	0.8467908591783165	0.6699006622516556	0.6191649033716484	0.5325695811337238
2	1	Normalized kNN (full)	0.9147847682119206	0.801209917662142	0.6345860927152318	0.5979771157148545	0.5074328727897116
2	1	Random	0.9147847682119206	0.6580417270841447	0.5328145695364238	0.5519096330692264	0.44974198959074246
2	10	Normalized kNN (full)	1.0	0.7223111758011801	0.5766390728476821	0.49735608508945106	0.4391128379255504
2	10	Random	1.0	0.4521136449494267	0.3852980132450331	0.3589990133623047	0.3031849763586411
1	2	iMF (full)	0.9372682119205299	0.8364156852597399	0.6557284768211921	0.616188004589219	0.5250133857487405
1	2	Popularity	0.9372682119205299	0.7924804796476788	0.6213741721854305	0.59993145986665	0.5044691281090848
1	2	kNN (test)	0.9372682119205299	0.837739666519542	0.6566390728476821	0.6178696766385879	0.5260861237738796
1	1000	iMF (full)	1.0	0.5504101519599661	0.4415562913907285	0.3568535115228688	0.32239108563403207
1	1000	Popularity	1.0	0.3341666640318025	0.2689900662251656	0.19056650528094435	0.18019417057918344
1	1000	kNN (test)	1.0	0.5099568861941386	0.4049006622516556	0.32682576389454393	0.2948741350465751
5	100	iMF (full)	1.0	0.7226731807757165	0.5782615894039734	0.5109216990645047	0.44670365741580814
1	500	iMF (full)	1.0	0.621759582406593	0.49678807947019865	0.4146329154121901	0.3704103308348899
5	100	Popularity	1.0	0.5186407502425281	0.44052980132450337	0.3641346204863958	0.3248123371532612
1	500	Popularity	1.0	0.4034485874173047	0.33705298013245033	0.24943446205669959	0.23264211932794218
1	500	kNN (test)	1.0	0.5722343006358985	0.4554470198675497	0.3819165234450384	0.338641115073392
5	100	kNN (test)	1.0	0.6707700033965699	0.537317880794702	0.47284327685019684	0.41230323698884364
1	2	Normalized kNN (test)	0.9372682119205299	0.8308881679064294	0.6558112582781457	0.6163456748381487	0.5246271947623173
2	1000	Average Rating	1.0	0.07290675910193188	0.07347682119205298	0.04754466125725456	0.04658118798976386
1	2	kNN (full)	0.9372682119205299	0.8331111603534862	0.6531456953642384	0.6144783987160234	0.522751684507669
2	1000	iMF (test)	1.0	0.31561162179038965	0.2705132450331126	0.20779062080708927	0.19141010154029123
1	1000	Normalized kNN (test)	1.0	0.14300993913937501	0.13374172185430463	0.08535996996191551	0.08573365408013572
1	1000	kNN (full)	1.0	0.5117698924495714	0.4064403973509934	0.32998274488588614	0.29654585673862616
2	1000	Normalized kNN (full)	1.0	0.37156187969075116	0.3050662251655629	0.2584875907115239	0.22950084666326973
2	1000	Random	1.0	0.022236261075426488	0.021142384105960265	0.010813915861103042	0.011436200879781122
1	500	Normalized kNN (test)	1.0	0.2245603407504866	0.19834437086092715	0.13398310311457115	0.1309261610542539
5	100	Normalized kNN (test)	1.0	0.35402787228048194	0.2904635761589404	0.21231257573189719	0.1994829470119261
2	1	iMF (full)	0.9147847682119206	0.836343965754432	0.658228476821192	0.6176766110465938	0.5271317485535572
2	1	Popularity	0.9147847682119206	0.7904294024449039	0.6218543046357616	0.6009554430929748	0.5061422074703685
1	500	kNN (full)	1.0	0.5765522025196064	0.4579801324503311	0.38150871122456986	0.339776903755645
5	100	kNN (full)	1.0	0.6773376816688936	0.5404801324503311	0.4757305326628417	0.4147656583552382
2	1	kNN (test)	0.9147847682119206	0.8373043257229049	0.6577814569536424	0.6192109882891433	0.5280159180884936
2	10	iMF (full)	1.0	0.8206932973916016	0.6468211920529802	0.5961622583603385	0.513853890450171
2	10	Popularity	1.0	0.7660702838558198	0.6033443708609271	0.57080126714798	0.48428398612515144
2	10	kNN (test)	1.0	0.8257326220248435	0.6490728476821193	0.6037605750957846	0.5175061486236648
2	1	Normalized kNN (test)	0.9147847682119206	0.836615096312517	0.6617218543046358	0.6202470001897767	0.5298569264053687
2	1	kNN (full)	0.9147847682119206	0.8343970242847856	0.6565397350993377	0.6171676785626005	0.5263239086356255
2	10	Normalized kNN (test)	1.0	0.802227250085431	0.6377152317880795	0.589628025117255	0.5046574390933501
2	10	kNN (full)	1.0	0.8184424524076968	0.6445364238410596	0.5952293394395614	0.5116560581206304
2	1000	iMF (full)	1.0	0.5508265132472046	0.4437251655629139	0.3580316181605688	0.32431288007702636
2	1000	Popularity	1.0	0.350345489603948	0.2852814569536424	0.20222579671887442	0.19249464373280833
2	1000	kNN (test)	1.0	0.5138248570576475	0.409817880794702	0.32779076504113974	0.2973258357178937
2	1000	Normalized kNN (test)	1.0	0.15563673124792607	0.14524834437086093	0.08990207839248214	0.09173960035377039
2	1000	kNN (full)	1.0	0.5165156824705777	0.4099834437086093	0.3302901359697148	0.29838547989582853
5	200	Average Rating	1.0	0.17385059687374896	0.14036423841059603	0.09172317362310455	0.0900525296593612
5	200	iMF (test)	1.0	0.5210959974629605	0.4342384105960265	0.3600478265683258	0.3216063511715274
5	200	Normalized kNN (full)	1.0	0.5328632208622045	0.42874172185430465	0.3374286864734157	0.3128539855109904
5	200	Random	1.0	0.08251341978545201	0.07672185430463577	0.04391342059896285	0.045576078491342806
2	2	Average Rating	0.9388741721854305	0.7953348525700744	0.6296523178807947	0.5944894329081907	0.503129056833138
2	2	iMF (test)	0.9388741721854305	0.8578890548696436	0.6765397350993377	0.6291850442373411	0.5399792728180439
2	2	Normalized kNN (full)	0.9388741721854305	0.7901934968451434	0.626523178807947	0.588384241019308	0.4991046535573259
2	2	Random	0.9388741721854305	0.6302799986900586	0.5159933774834436	0.5351024821728685	0.4343157486135266
2	500	Average Rating	1.0	0.10246966580273377	0.10117549668874172	0.06893084701568014	0.06622023230333555
5	200	iMF (full)	1.0	0.6806680242497232	0.5450993377483444	0.4684750060341803	0.41418393846112533
5	200	Popularity	1.0	0.46932739452979544	0.3902980132450331	0.29989645262852954	0.2771005654474022
2	500	iMF (test)	1.0	0.42243122453022686	0.35324503311258276	0.2848149053530706	0.2569956642954897
5	200	kNN (test)	1.0	0.6417089228992024	0.5116225165562913	0.4371502883108297	0.38603570490507577
2	500	Normalized kNN (full)	1.0	0.460496951060047	0.37059602649006623	0.3001587223384647	0.27391595160122234
2	500	Random	1.0	0.0401865479669972	0.0375	0.020919605462476468	0.021613116085337926
2	2	iMF (full)	0.9388741721854305	0.8329732344962253	0.6556622516556291	0.6153640260971808	0.525025846444067
2	2	Popularity	0.9388741721854305	0.7858843371638256	0.6185761589403973	0.5960667727828495	0.502337214811192
2	2	kNN (test)	0.9388741721854305	0.8344202021320065	0.6555794701986755	0.6161614978485285	0.5255952125600569
5	200	Normalized kNN (test)	1.0	0.32310480133167624	0.26642384105960265	0.18546577463325425	0.17852087509879283
5	200	kNN (full)	1.0	0.6453807032771172	0.5129801324503311	0.43766174682462666	0.3866167162269291
2	2	Normalized kNN (test)	0.9388741721854305	0.8154209830550183	0.6479470198675497	0.6063803834534175	0.5167047762590995
2	2	kNN (full)	0.9388741721854305	0.8313673527018918	0.6542549668874171	0.6141862999735086	0.5238564261866099
2	500	iMF (full)	1.0	0.6233892159518593	0.4983112582781457	0.4145696368458392	0.37117732595393066
2	500	Popularity	1.0	0.41725787871848335	0.3416556291390728	0.25163587906886803	0.23607623740201428
2	500	kNN (test)	1.0	0.5865555499286113	0.46433774834437086	0.387486302695292	0.34498618385298235
2	500	Normalized kNN (test)	1.0	0.2197838102876912	0.1927317880794702	0.13025017793383975	0.12721576983782135
2	500	kNN (full)	1.0	0.5888491819357821	0.4648841059602649	0.38618460567664664	0.34511257235819265
5	50	Average Rating	1.0	0.5094378738468351	0.44094370860927157	0.3608838864975767	0.325516023835495
5	50	iMF (test)	1.0	0.7642595855542716	0.626158940397351	0.5672761407929974	0.49103771062595625
2	0	Average Rating	0.8872019867549669	0.8474075403613259	0.6653973509933775	0.6278237204701573	0.5360383347295474
5	50	Normalized kNN (full)	1.0	0.6436619579196783	0.5170364238410596	0.39908101604411855	0.3743148576894407
5	50	Random	1.0	0.2147939466468843	0.19905629139072847	0.144565742447396	0.1360403949725807
2	0	iMF (test)	0.8872019867549669	0.8696308525979982	0.6851986754966888	0.6374367619179181	0.5476693060587029
2	0	Normalized kNN (full)	0.8872019867549669	0.8153894855165511	0.6424006622516556	0.6068926162296074	0.5154033069674884
2	0	Random	0.8872019867549669	0.6924083996848875	0.5505629139072847	0.5685763993741186	0.46605931754100377
5	50	iMF (full)	1.0	0.7876969879846415	0.6268211920529801	0.5679453425316827	0.4931989091563621
5	50	Popularity	1.0	0.6393684871133786	0.5433278145695364	0.5009457407439316	0.42860625711688544
5	50	kNN (test)	1.0	0.7614544827344298	0.6115562913907285	0.5595784300141512	0.4823517518380081
2	0	iMF (full)	0.8872019867549669	0.8390671643788257	0.6603476821192052	0.6205315464246196	0.5295061530498594
2	0	Popularity	0.8872019867549669	0.7943555430339567	0.6245198675496688	0.6047188869922776	0.5091673786383619
2	0	kNN (test)	0.8872019867549669	0.8400897247162296	0.6596523178807947	0.6216262955720003	0.5300849486465902
5	50	Normalized kNN (test)	1.0	0.6741611514894948	0.564023178807947	0.48797124216188864	0.42890310189026776
5	50	kNN (full)	1.0	0.7613307739820597	0.609205298013245	0.5517081617535866	0.47832937011003934
2	0	Normalized kNN (test)	0.8872019867549669	0.8582482349846385	0.6738907284768212	0.6322232090552916	0.5413447826445582
2	0	kNN (full)	0.8872019867549669	0.8378262694179858	0.6588576158940397	0.6201604124488616	0.5288768450065691
5	2000	Average Rating	1.0	0.04917305759041663	0.05948675496688742	0.036352502886040125	0.036589431932558245
5	2000	iMF (test)	1.0	0.22934719352468405	0.19793046357615893	0.14384231184705823	0.13565214467393436
5	2000	Normalized kNN (full)	1.0	0.28134551547260217	0.23357615894039735	0.20415633219198948	0.17698627796360245
5	2000	Random	1.0	0.01214125047297064	0.011291390728476822	0.006034990101699565	0.006186317106690088
5	2000	iMF (full)	1.0	0.46861392642387045	0.378476821192053	0.29333195863361405	0.26971291125391395
5	2000	Popularity	1.0	0.2595386605904973	0.21359271523178808	0.14221504626502085	0.13862092622851147
5	2000	kNN (test)	1.0	0.42504289936065487	0.3404304635761589	0.26352029167062047	0.2415284903710831
5	2000	Normalized kNN (test)	1.0	0.10591641248000667	0.10195364238410597	0.054983193528496566	0.059747770721899435
5	2000	kNN (full)	1.0	0.42815328696777466	0.34291390728476817	0.2679611675702311	0.2441819916810601
4	100	Average Rating	1.0	0.18445581673325057	0.16572847682119204	0.10745299228879612	0.10648845321398313
4	100	iMF (test)	1.0	0.5898127241982978	0.4904470198675497	0.42891074274407454	0.3737073352315195
4	100	Normalized kNN (full)	1.0	0.5688844801175834	0.46079470198675493	0.3608074159188514	0.33643915324388457
4	100	Random	1.0	0.13146205706919248	0.1260430463576159	0.07855249664279877	0.07950615731699373
5	3706	Average Rating	1.0	0.011491252713346898	0.014983443708609271	0.008789737416711072	0.008962916473065909
5	3706	iMF (test)	1.0	0.14456652067560377	0.12508278145695365	0.08934490522552926	0.08409076776692344
5	3706	Normalized kNN (full)	1.0	0.17159097733758477	0.14625827814569536	0.13228757784879333	0.11146754069498002
5	3706	Random	1.0	0.00576116577360865	0.005711920529801325	0.0024667117856982715	0.0029202050147172595
5	5	Average Rating	0.9858774834437086	0.7886012260930754	0.6257450331125828	0.5831278300602922	0.4967501226490773
5	5	iMF (test)	0.9858774834437086	0.8573176214384567	0.6785761589403974	0.6273227560408	0.5407896759975056
4	5	Average Rating	0.9853311258278145	0.7780729595046451	0.6146688741721854	0.5659189478498124	0.4834278674657936
5	5	Normalized kNN (full)	0.9858774834437086	0.7617079920695294	0.6069701986754966	0.5538533912424859	0.4754836208729988
5	5	Random	0.9858774834437086	0.5484755622094443	0.4612913907284768	0.47197720981273006	0.38200259345314724
4	5	iMF (test)	0.9853311258278145	0.85402454592509	0.6749337748344371	0.6224735107069387	0.5367080158776032
4	5	Normalized kNN (full)	0.9853311258278145	0.763697919216802	0.608294701986755	0.5557504717683992	0.47625650979006007
4	5	Random	0.9853311258278145	0.5510680147735053	0.4613079470198676	0.4710621862263856	0.3813829312450451
4	100	iMF (full)	1.0	0.7256211152030471	0.5820364238410596	0.5113870071172497	0.4484579930802319
4	100	Popularity	1.0	0.5184583715823569	0.44051324503311257	0.3593294278337239	0.3226804018425328
4	100	kNN (test)	1.0	0.6710351705475869	0.5372516556291391	0.47328965316045907	0.4123663361704002
5	3706	iMF (full)	1.0	0.3617349139363789	0.29213576158940396	0.2172927586607186	0.20242524556110733
5	3706	Popularity	1.0	0.17310352390243947	0.14748344370860927	0.08760476646512394	0.08925787636395921
4	100	Normalized kNN (test)	1.0	0.33315231713305493	0.2803145695364238	0.20592399334983885	0.1932851988498525
5	3706	kNN (test)	1.0	0.3184361211420461	0.2531291390728477	0.18808240412146845	0.1744086659045811
4	100	kNN (full)	1.0	0.6764176503889925	0.5408940397350993	0.4753706860970872	0.41503002931209304
5	5	iMF (full)	0.9858774834437086	0.8295802291580033	0.6538410596026489	0.6075397613219657	0.5218195663049072
5	5	Popularity	0.9858774834437086	0.7840498536901375	0.6185761589403973	0.5928366344280822	0.50178936361021
5	5	kNN (test)	0.9858774834437086	0.8326771405499945	0.6547019867549669	0.6107970566997964	0.5236569909258314
5	3706	Normalized kNN (test)	1.0	0.04590823558743678	0.04975165562913907	0.023583421246888628	0.027286497926836115
5	3706	kNN (full)	1.0	0.32028346344042663	0.2551324503311258	0.19184314327060423	0.17682119986684336
4	5	iMF (full)	0.9853311258278145	0.829895886618995	0.6529304635761589	0.6062584361520836	0.5201537800538713
4	5	Popularity	0.9853311258278145	0.7813793006574055	0.6147847682119205	0.5858860000935542	0.49641061755730737
4	5	kNN (test)	0.9853311258278145	0.8311010416777241	0.6531953642384106	0.608336467068569	0.5212917556612466
5	5	Normalized kNN (test)	0.9858774834437086	0.8134336193057077	0.6486920529801324	0.6032342645997868	0.5163780344428881
5	5	kNN (full)	0.9858774834437086	0.828301427968963	0.6524668874172186	0.6077205219399836	0.5211259612232128
4	5	Normalized kNN (test)	0.9853311258278145	0.7995306947742176	0.637864238410596	0.5909932281090176	0.5052751263527884
4	5	kNN (full)	0.9853311258278145	0.8265499027295561	0.6502980132450331	0.6035053390654642	0.5179210501844114
4	200	Average Rating	1.0	0.14350419897711142	0.14443708609271522	0.09593087081781432	0.09387914864186381
4	200	iMF (test)	1.0	0.5223578973010933	0.4367549668874172	0.3615179788844707	0.32309622810194577
4	200	Normalized kNN (full)	1.0	0.530132104627164	0.427317880794702	0.33556184162299757	0.31144604502707723
4	200	Random	1.0	0.08576074923493097	0.08011589403973511	0.046031884243897155	0.04764500248560325
5	1000	Average Rating	1.0	0.06363388307980351	0.07574503311258278	0.048444485631865285	0.04782149087943019
5	1000	iMF (test)	1.0	0.31741959172655987	0.27119205298013244	0.2073936593674551	0.1913594094370877
5	1000	Normalized kNN (full)	1.0	0.38169282564240536	0.31013245033112585	0.26255395102663465	0.2329477666916179
5	1000	Random	1.0	0.022704769853178472	0.02152317880794702	0.010410819653709586	0.011427746704312148
5	20	Average Rating	1.0	0.6207770543373657	0.5204966887417218	0.4466855552523335	0.3927031597742133
5	20	iMF (test)	1.0	0.7765309829594473	0.6401158940397351	0.5864531439855979	0.5051309901627711
4	20	Average Rating	1.0	0.660834928461083	0.5603145695364239	0.4746844806924299	0.42398339787069617
5	20	Normalized kNN (full)	1.0	0.6713857159241371	0.5408774834437087	0.44053511540912893	0.4015886799242562
5	20	Random	1.0	0.3406462853956474	0.3028973509933775	0.2503327267138239	0.22310284171936554
4	20	iMF (test)	1.0	0.773597409237593	0.6334602649006622	0.5757822538441941	0.4973308534350518
4	20	Normalized kNN (full)	1.0	0.6697312889000642	0.5385264900662251	0.4393843414801685	0.39986552170254136
4	20	Random	1.0	0.35744993821630966	0.31183774834437084	0.261524441112917	0.23127278277893495
4	200	iMF (full)	1.0	0.6832194130131753	0.5482450331125828	0.4673324827980993	0.4148797456935998
4	200	Popularity	1.0	0.4648698821343572	0.38519867549668874	0.2941434246823527	0.27211687764575304
4	200	kNN (test)	1.0	0.6368251700063159	0.506953642384106	0.4327429010416119	0.3819869459160369
5	1000	iMF (full)	1.0	0.5544887442331398	0.44514900662251655	0.3582500623098491	0.3246557252738046
5	1000	Popularity	1.0	0.3601431264846603	0.29286423841059606	0.20826456353788755	0.19829451871729112
4	200	Normalized kNN (test)	1.0	0.3053491329912462	0.25903973509933775	0.185419798913001	0.1763952891334352
4	200	kNN (full)	1.0	0.6401097677609976	0.509205298013245	0.4334727730046545	0.3837338383853446
5	1000	kNN (test)	1.0	0.5267001347409596	0.419453642384106	0.33772424876744545	0.30509896875292764
5	20	iMF (full)	1.0	0.7948787358853826	0.6330298013245033	0.5781137657657277	0.5001787610995627
5	20	Popularity	1.0	0.656441606773143	0.5583443708609271	0.5302005982026263	0.4471986199473127
5	20	kNN (test)	1.0	0.7683214899509979	0.6174503311258278	0.5711555019076829	0.48964009518114743
5	1000	Normalized kNN (test)	1.0	0.156936514843951	0.1441721854304636	0.08725612684740762	0.08962811937886878
4	20	iMF (full)	1.0	0.7937635378555327	0.6311258278145695	0.5740423003049347	0.49731328075334974
4	20	Popularity	1.0	0.6439138734682216	0.545	0.5103586760210431	0.4320975664277216
5	1000	kNN (full)	1.0	0.5269915212327911	0.418476821192053	0.3373830367508921	0.3046163881567071
4	20	kNN (test)	1.0	0.7625463076924824	0.6114403973509933	0.5628982776332198	0.4828468696107456
5	20	Normalized kNN (test)	1.0	0.7051611601315201	0.5880960264900662	0.5293099568233035	0.45630313603372485
5	20	kNN (full)	1.0	0.7690279585225929	0.6160761589403974	0.5641688856731314	0.4865010190084948
4	20	Normalized kNN (test)	1.0	0.6906723482342428	0.5765066225165563	0.5100291551885426	0.4434424411648933
4	20	kNN (full)	1.0	0.7640007456497412	0.610976821192053	0.5579477544778405	0.48096694385333927
4	50	Average Rating	1.0	0.4880168032094529	0.448476821192053	0.37193553415035835	0.3329713976391699
4	50	iMF (test)	1.0	0.7643706085304064	0.6253145695364238	0.565341869457622	0.48961791347797495
4	50	Normalized kNN (full)	1.0	0.6428484988138885	0.5163907284768212	0.39672852175565354	0.37309940484053317
4	50	Random	1.0	0.20840777264011037	0.19480132450331125	0.13841689465521592	0.1320969558546126
5	500	Average Rating	1.0	0.11392903669456671	0.10567880794701988	0.06972390426439791	0.0679602123007313
5	500	iMF (test)	1.0	0.41151441112880416	0.35048013245033116	0.27575973755475214	0.2518779025915854
5	10	Average Rating	0.9999834437086093	0.7715775377194423	0.6103642384105961	0.5544454404638944	0.47759741775860154
5	500	Normalized kNN (full)	1.0	0.45867967498975626	0.3712748344370861	0.2996374903169868	0.27329346737481325
5	500	Random	1.0	0.03844466733892828	0.03657284768211921	0.019366744431108033	0.020497119744569105
5	10	iMF (test)	0.9999834437086093	0.8491464155909073	0.6732284768211921	0.6214351676210651	0.5361014669981746
5	10	Normalized kNN (full)	0.9999834437086093	0.7250787727248766	0.5792715231788079	0.4984159685749067	0.4410357773389603
5	10	Random	0.9999834437086093	0.45619056279834885	0.3894370860927152	0.3646475612207027	0.30643816311397504
4	10	Average Rating	1.0	0.7555351178719386	0.5947682119205299	0.5233634965110094	0.4577269171684202
4	10	iMF (test)	1.0	0.8397526589832081	0.6656622516556291	0.6111449771680819	0.5275599706450128
4	10	Normalized kNN (full)	1.0	0.7232882324448109	0.5774006622516556	0.4973220313789584	0.43936751281162234
4	10	Random	1.0	0.450468182930621	0.39054635761589407	0.3670772236202288	0.3080362734422188
4	50	iMF (full)	1.0	0.7896826395176825	0.628360927152318	0.5667048779162479	0.49303132553311707
4	50	Popularity	1.0	0.63711921480068	0.5390066225165563	0.4983184034211691	0.42468449956708076
4	50	kNN (test)	1.0	0.7603056392354592	0.6097185430463575	0.5582894528671103	0.48045813298657125
4	2000	Average Rating	1.0	0.037727070599284714	0.04478476821192053	0.026123042632754775	0.027383000535132655
4	2000	iMF (test)	1.0	0.22556611801987048	0.19392384105960264	0.1425733379358434	0.1332899236918377
4	50	Normalized kNN (test)	1.0	0.662834758714317	0.5564569536423841	0.483756841124182	0.4241895898049649
4	50	kNN (full)	1.0	0.7606429645161464	0.6082781456953642	0.5519675037466646	0.47745471065479417
4	2000	Normalized kNN (full)	1.0	0.27914115839651654	0.23158940397350994	0.20282647922050476	0.17556433164090945
4	2000	Random	1.0	0.011379363833482673	0.010927152317880795	0.005222520530917524	0.005854087968776837
5	500	iMF (full)	1.0	0.6196858589432115	0.4983940397350994	0.414850293187382	0.3713352855566042
5	500	Popularity	1.0	0.3900191688549908	0.32125827814569535	0.23036093123982923	0.21960964873813185
5	500	kNN (test)	1.0	0.5724381733333412	0.4584602649006622	0.37898401344286115	0.3391529733159317
5	10	iMF (full)	0.9999834437086093	0.8237897268811821	0.6502980132450331	0.5981635776712008	0.5169874395724849
5	10	Popularity	0.9999834437086093	0.7811217125054125	0.6160099337748344	0.5880864241894614	0.4985533006131624
5	10	kNN (test)	0.9999834437086093	0.8288972360118584	0.6523013245033112	0.6056979284549728	0.5206018247813514
4	10	iMF (full)	1.0	0.8228689769561327	0.6478476821192053	0.5937403899294168	0.5129832723868083
5	500	Normalized kNN (test)	1.0	0.22872770082120641	0.20019867549668874	0.13041341925127328	0.12939339710793554
4	10	Popularity	1.0	0.754854797757258	0.5972682119205298	0.5625845305246573	0.4781796298950086
5	500	kNN (full)	1.0	0.5778237304683836	0.4615728476821192	0.38142442724862213	0.3415392626607905
4	10	kNN (test)	1.0	0.8223017730658371	0.6457781456953643	0.596680288420263	0.5128990133406507
5	10	Normalized kNN (test)	0.9999834437086093	0.8009611401387189	0.6389735099337749	0.5906432424518205	0.5062548771110462
5	10	kNN (full)	0.9999834437086093	0.8215040471029028	0.6478807947019867	0.5964023990676389	0.5149804180195564
4	10	Normalized kNN (test)	1.0	0.7819209801202117	0.6231456953642385	0.5673637565325222	0.4884429850305905
4	10	kNN (full)	1.0	0.8162335908326029	0.6419867549668874	0.5891772587011704	0.5082334069200113
4	2000	iMF (full)	1.0	0.4708274967152249	0.3812251655629139	0.2966938629278499	0.2722945166367637
4	2000	Popularity	1.0	0.25230532678514606	0.21344370860927153	0.14291631325808843	0.13858267294108986
4	2000	kNN (test)	1.0	0.42104441658917247	0.33639072847682117	0.25976049350676494	0.23799519392178262
4	2000	Normalized kNN (test)	1.0	0.10668409264058862	0.10132450331125828	0.054730715505450084	0.059423107426458954
4	2000	kNN (full)	1.0	0.42537815540272783	0.3399834437086093	0.2654716624324409	0.2421332310358697
4	1000	Average Rating	1.0	0.05604850743231611	0.06094370860927153	0.0371428641157096	0.03785340884070264
4	1000	iMF (test)	1.0	0.3139632871989059	0.26670529801324505	0.20703088265186576	0.18908377200908363
4	1000	Normalized kNN (full)	1.0	0.3778749059521457	0.30735099337748345	0.2602622800594712	0.23087274870799393
4	1000	Random	1.0	0.021422843043028342	0.02	0.010658271011548068	0.011364645963005815
4	3706	Average Rating	1.0	0.011100841442814976	0.013625827814569539	0.008394424183994142	0.008471926251470115
4	3706	iMF (test)	1.0	0.14785199491886292	0.12658940397350993	0.09000370280355109	0.08490097201136651
4	3706	Normalized kNN (full)	1.0	0.1712500127191773	0.14730132450331127	0.1335521656788172	0.11267187393490438
4	3706	Random	1.0	0.005674797982712789	0.005695364238410596	0.0027318746967621666	0.0030764303017082138
5	1	Average Rating	0.9154635761589404	0.8177988457345335	0.6494370860927152	0.6100154655558098	0.5206424203384545
5	1	iMF (test)	0.9154635761589404	0.8629759589558965	0.6829470198675497	0.6320877997220388	0.5449652915845792
5	1	Normalized kNN (full)	0.9154635761589404	0.8017294223287794	0.6367218543046358	0.5965652193056087	0.5087758698387472
5	1	Random	0.9154635761589404	0.6592000985386505	0.5346854304635762	0.5498411333324639	0.45044107578611
4	1	Average Rating	0.9124668874172186	0.8323068674914426	0.6585927152317881	0.6165470394698177	0.5276188813191005
4	1	iMF (test)	0.9124668874172186	0.863187913157486	0.6826158940397351	0.6313927401502915	0.5442784577033386
4	1	Normalized kNN (full)	0.9124668874172186	0.8033483991767951	0.6362913907284767	0.5961331907874713	0.5076390820255077
4	1	Random	0.9124668874172186	0.6589992751128854	0.5326158940397351	0.5473898529976912	0.4477011058487843
4	1000	iMF (full)	1.0	0.5563514727586396	0.4473344370860927	0.36055143533930456	0.3265328138233197
4	1000	Popularity	1.0	0.35218530043284674	0.28402317880794703	0.2030015365481297	0.19178109487565695
4	1000	kNN (test)	1.0	0.5202924921609166	0.41451986754966885	0.3316842260021279	0.30053369254418005
4	3706	iMF (full)	1.0	0.3634365569190351	0.2950662251655629	0.22061244361603616	0.20492528349783243
4	3706	Popularity	1.0	0.17135433796440236	0.14478476821192052	0.08611652945217599	0.08749842721790353
4	3706	kNN (test)	1.0	0.31872825187223525	0.2520198675496689	0.1883061905951696	0.17420021027266763
4	1000	Normalized kNN (test)	1.0	0.1549105096271618	0.1404635761589404	0.08570179227541724	0.08764016629511878
4	1000	kNN (full)	1.0	0.5212237840215361	0.41455298013245034	0.33383983101661535	0.30181246645872545
5	1	iMF (full)	0.9154635761589404	0.8362575004920532	0.6590397350993378	0.6164035449280068	0.5280522868542926
5	1	Popularity	0.9154635761589404	0.7894114745981046	0.6225993377483444	0.5989168589988844	0.5064974186276162
5	1	kNN (test)	0.9154635761589404	0.8369686339707232	0.658046357615894	0.6162173518420433	0.5276072072359738
4	3706	Normalized kNN (test)	1.0	0.04431390410405628	0.04933774834437086	0.023818626819092123	0.027286915561088514
4	3706	kNN (full)	1.0	0.32108443360408323	0.2544867549668874	0.19301082112550094	0.17720850137662927
4	1	iMF (full)	0.9124668874172186	0.8373468087465609	0.6588079470198676	0.6151760283525476	0.526714822598631
4	1	Popularity	0.9124668874172186	0.7893631223862853	0.6213410596026491	0.597004107060171	0.504404513677823
4	1	kNN (test)	0.9124668874172186	0.8372014058266725	0.6579635761589404	0.615827361083981	0.5269410746980494
5	1	Normalized kNN (test)	0.9154635761589404	0.8306007004663196	0.6607450331125828	0.6167440699518767	0.5284844264628725
5	1	kNN (full)	0.9154635761589404	0.8345055243189845	0.6570529801324503	0.6151520600702947	0.5265655709924589
4	1	Normalized kNN (test)	0.9124668874172186	0.8442874526109819	0.6669536423841059	0.6210455413547894	0.5330638084017281
4	1	kNN (full)	0.9124668874172186	0.8343028294344133	0.6561258278145695	0.6131189321086917	0.5248417882814125
4	0	Average Rating	0.8850993377483444	0.8474876607842179	0.6679470198675497	0.6263067923302079	0.5368020562457604
4	0	iMF (test)	0.8850993377483444	0.868407752579896	0.6843543046357616	0.6335625265151184	0.5460533083280833
4	0	Normalized kNN (full)	0.8850993377483444	0.8161161974102982	0.6436920529801324	0.6050399430192803	0.5153262249378847
4	0	Random	0.8850993377483444	0.6939521932453158	0.5512913907284769	0.5663746726077817	0.46540541785105466
4	500	Average Rating	1.0	0.08133210490658277	0.09233443708609272	0.059625484269066026	0.05900505482268947
4	500	iMF (test)	1.0	0.43197583771441356	0.36104304635761586	0.2889205982577588	0.26118559862799623
4	500	Normalized kNN (full)	1.0	0.4657931125226581	0.3749337748344371	0.301186994246995	0.27513599223652885
4	500	Random	1.0	0.039416975617379495	0.03814569536423841	0.02033619573223092	0.02180133983046107
5	2	Average Rating	0.9390066225165563	0.7952329021944718	0.6314900662251656	0.5917700162091226	0.5034339230986905
4	0	iMF (full)	0.8850993377483444	0.841357775845185	0.661705298013245	0.6185440040759405	0.5297423652537364
4	0	Popularity	0.8850993377483444	0.7945053088495581	0.6249503311258278	0.6020402500083696	0.5084482210096188
5	2	iMF (test)	0.9390066225165563	0.8579741881445938	0.6780794701986754	0.6277795249101642	0.5408660030097808
4	0	kNN (test)	0.8850993377483444	0.8403019343814314	0.6600827814569536	0.6188663628556024	0.5293350529304812
4	2	Average Rating	0.9367218543046358	0.8173345768629365	0.6468543046357615	0.6034681827812064	0.5158043237920572
5	2	Normalized kNN (full)	0.9390066225165563	0.7894037311080357	0.6278145695364239	0.5865914235376374	0.49994173938506825
5	2	Random	0.9390066225165563	0.6258349224397862	0.5156456953642384	0.531020016515059	0.43333694797053923
4	2	iMF (test)	0.9367218543046358	0.86253813486104	0.6814569536423841	0.6298381927183302	0.5430167026199376
4	500	kNN (full)	1.0	0.5883756208935088	0.4685430463576159	0.3883407590698374	0.3472413285061523
4	2	Normalized kNN (full)	0.9367218543046358	0.7922024641372593	0.6291390728476821	0.5868887506201012	0.49986623951760345
4	2	Random	0.9367218543046358	0.6322709368072242	0.5158609271523179	0.5324079511781445	0.4332979063405468
4	500	iMF (full)	1.0	0.6282222486751864	0.5024006622516556	0.4167180032993007	0.3737542635226687
4	500	Popularity	1.0	0.41504605529764693	0.34369205298013245	0.25338355456739853	0.23791112611679024
4	500	kNN (test)	1.0	0.5864844425180217	0.46826158940397355	0.38866746234672817	0.34683840001738914
4	0	Normalized kNN (test)	0.8850993377483444	0.8586630342961767	0.6756788079470198	0.6303177861904993	0.541695392776003
4	0	kNN (full)	0.8850993377483444	0.8383902231403492	0.658956953642384	0.616961926402845	0.5279761630509846
4	500	Normalized kNN (test)	1.0	0.23760716208788138	0.2072185430463576	0.13727757254320241	0.1352650075447645
5	2	iMF (full)	0.9390066225165563	0.8335463193515112	0.6571026490066225	0.6141393486136895	0.5261363341467867
5	2	Popularity	0.9390066225165563	0.7849545399962734	0.6193377483443709	0.5943234156747973	0.5027723832022064
5	2	kNN (test)	0.9390066225165563	0.8342388289291149	0.6559602649006623	0.6134085488684078	0.5252965061379047
4	2	iMF (full)	0.9367218543046358	0.8374397271849846	0.6598344370860927	0.6150149096904596	0.5270678138766478
4	2	Popularity	0.9367218543046358	0.789164649037915	0.6211754966887417	0.5967509666207723	0.5042061841717439
4	2	kNN (test)	0.9367218543046358	0.8364753501334349	0.6574337748344371	0.614948426277066	0.5262917294481567
5	2	Normalized kNN (test)	0.9390066225165563	0.8143202428840499	0.6494701986754967	0.6045151019591238	0.5172876273067
5	2	kNN (full)	0.9390066225165563	0.8315104313230136	0.6548509933774834	0.6122991965766053	0.5241465767326541
4	2	Normalized kNN (test)	0.9367218543046358	0.841673882723388	0.6648509933774834	0.6192373721025494	0.531302958987095
4	2	kNN (full)	0.9367218543046358	0.8331552847055747	0.6552814569536424	0.6117274749639233	0.5238349895533463
5	0	Average Rating	0.8878807947019868	0.8460749574969456	0.6669370860927153	0.6260254549099691	0.5366199588042194
5	0	iMF (test)	0.8878807947019868	0.8678498663523826	0.6855794701986755	0.6346451931242528	0.5474026108664619
5	0	Normalized kNN (full)	0.8878807947019868	0.8133022041376301	0.6430960264900663	0.6043513080671511	0.5155097968518478
5	0	Random	0.8878807947019868	0.6929649149848024	0.5513245033112583	0.5653359968789741	0.4653833594681821
5	0	iMF (full)	0.8878807947019868	0.8394209668424333	0.6605298013245033	0.6178230876536569	0.5292682380867134
5	0	Popularity	0.8878807947019868	0.7926707139119823	0.6246688741721854	0.6017837469858054	0.5088457962409662
5	0	kNN (test)	0.8878807947019868	0.8397253184089348	0.6599006622516557	0.6185236899575701	0.529614466917383
5	0	Normalized kNN (test)	0.8878807947019868	0.8566300650570159	0.6741059602649007	0.6296668955335454	0.5410561555651519
5	0	kNN (full)	0.8878807947019868	0.8380101962567948	0.6592218543046358	0.6177017839148179	0.5288538182928759
