fold	target size	recommender system	Coverage@10	nDCG@10	P@10	Recall@10	FScore@10
3	100	Average Rating	1.0	0.37084119834374213	0.30910596026490067	0.2285198670624495	0.21291050635917605
3	100	iMF (test)	1.0	0.6419787197024616	0.5250165562913908	0.45347537825320056	0.3971320557887853
2	100	Average Rating	1.0	0.37743216372394406	0.30912251655629136	0.23470729692853848	0.21597740281159428
1	100	Average Rating	1.0	0.2964969810882436	0.25687086092715233	0.1833308427056202	0.1749979676186463
5	100	Average Rating	1.0	0.2273133913454493	0.21857615894039736	0.15775655565836297	0.1495938127292652
2	100	iMF (test)	1.0	0.6341385536153319	0.5177649006622517	0.45350114726656765	0.3961835611639224
3	100	Normalized kNN (full)	0.7292218543046357	0.574629875447027	0.458228476821192	0.3432097633423351	0.326200435549937
3	100	Random	1.0	0.1361187077997909	0.12468543046357616	0.07917659736823471	0.07778758690018521
3	1	Average Rating	0.9123509933774835	0.8436527957173747	0.6605794701986755	0.620958808393066	0.5282727615065244
3	5	Average Rating	0.9849172185430463	0.7450821146436557	0.6045198675496689	0.572026283863892	0.4804716935292689
2	5	Average Rating	0.9861258278145695	0.74395272775721	0.606887417218543	0.5770522209489218	0.4860281374704614
1	100	iMF (test)	1.0	0.6327987140173413	0.5172682119205299	0.4515911852026362	0.39496314607026634
5	100	iMF (test)	1.0	0.6317199515336284	0.5165562913907285	0.44456066118847615	0.3919311174176406
3	1	iMF (test)	0.9124006622516556	0.8658778422635237	0.6805298013245032	0.6316773969843917	0.540586808163661
3	5	iMF (test)	0.9849503311258279	0.8278143945520672	0.6570364238410596	0.6081499823733504	0.5190059921323034
3	0	Average Rating	0.8847682119205298	0.8471551726896873	0.6630132450331125	0.624157548186688	0.5309720968821556
3	2000	Average Rating	1.0	0.053799994314218044	0.05672185430463576	0.035269336014544794	0.03530602036047927
2	100	Normalized kNN (full)	0.7308940397350994	0.5764949269805896	0.46043046357615897	0.34456770375032686	0.3287891882558144
2	100	Random	1.0	0.13762775190753496	0.12850993377483444	0.08259847593311288	0.08136849296156999
2	5	iMF (test)	0.9861423841059603	0.8312516736204715	0.659387417218543	0.6135470915174633	0.5249040779386595
2	1	Average Rating	0.9148013245033112	0.8451280341642837	0.6639238410596027	0.6257701715540257	0.5343775476976462
3	0	iMF (test)	0.8848509933774834	0.8686107708751645	0.6824834437086092	0.6330022054853214	0.5421028691701965
1	100	Normalized kNN (full)	0.7272847682119206	0.5741574232217427	0.45793046357615896	0.3453437657252751	0.32861857219492047
1	100	Random	1.0	0.1364664057925479	0.12849337748344372	0.08151445310601624	0.08081683994440386
3	2000	iMF (test)	1.0	0.2281421104919719	0.19528145695364238	0.14267243559545714	0.13324278916080945
5	100	Normalized kNN (full)	0.7335430463576159	0.5715695936022432	0.4566721854304636	0.3449443251471932	0.32743495249724774
5	100	Random	1.0	0.13708890676002633	0.12600993377483444	0.08001949128601665	0.07933820735525632
2	20	Average Rating	1.0	0.5684161308073946	0.45965231788079475	0.3820490763928183	0.3387952406307874
3	1	Normalized kNN (full)	0.6754139072847682	0.6471715568234057	0.5140728476821192	0.36903657939982265	0.3594269694787604
3	1	Random	0.9124006622516556	0.6588291422395822	0.5299337748344372	0.5478221922113543	0.4444779074313173
4	100	Average Rating	1.0	0.3568323813974431	0.3026158940397351	0.21893074723478248	0.20790328778877454
3	5	Normalized kNN (full)	0.6803973509933775	0.6351123284115021	0.5042052980132451	0.3647025298630281	0.35371418429617374
3	5	Random	0.9849503311258279	0.5508516917341887	0.4632615894039735	0.4745591451777677	0.38120324128720295
2	5	Normalized kNN (full)	0.6823013245033113	0.6343439885491418	0.5039072847682119	0.36548621032628364	0.355351158853624
2	5	Random	0.9861423841059603	0.5436380430899377	0.46225165562913906	0.47404754007478506	0.38291505491793426
2	1	iMF (test)	0.9148675496688742	0.8691041527022482	0.6846192052980133	0.6365781059737383	0.546990395476233
2	20	iMF (test)	1.0	0.7596035493336158	0.6160099337748344	0.5660929492919529	0.48538777695676855
4	100	iMF (test)	1.0	0.6366210668143317	0.5206291390728477	0.4487010654396162	0.3952938098031762
3	0	Normalized kNN (full)	0.6754139072847682	0.647182090066485	0.5140894039735099	0.36904249236103365	0.35943568331633446
3	0	Random	0.8848509933774834	0.6910392248730677	0.5463245033112583	0.563282498398871	0.45941635649467116
3	2000	Normalized kNN (full)	0.9699503311258278	0.26368002692364295	0.21783112582781458	0.18866309870467066	0.16311419335950259
3	2000	Random	1.0	0.010576066667815411	0.010132450331125828	0.004908342130239292	0.005414342357251342
2	1	Normalized kNN (full)	0.6770529801324503	0.6461256280147232	0.5134933774834437	0.36960902347714425	0.3608328425786357
2	1	Random	0.9148675496688742	0.6594919893612217	0.5329470198675497	0.553061156660831	0.4509002568338154
2	20	Normalized kNN (full)	0.699884105960265	0.6126068194885022	0.48996688741721856	0.3587211804671371	0.3467439825222482
2	20	Random	1.0	0.3543671689171697	0.3082615894039735	0.25846104485077565	0.22830356069339228
4	100	Normalized kNN (full)	0.7335099337748344	0.5752173102435814	0.45971854304635756	0.34526832650575534	0.32842622700122576
4	100	Random	1.0	0.13643101832550192	0.12644039735099338	0.07897264589932866	0.07908947118116359
2	10	Average Rating	0.9999834437086093	0.6668436328301302	0.5479139072847682	0.4986147477515821	0.42559325359984107
3	1000	Average Rating	1.0	0.11134564328717325	0.09981788079470198	0.0660025703875194	0.06399415072815451
2	0	Average Rating	0.887135761589404	0.8473686927846684	0.6653807947019867	0.6277685328321884	0.5360128635120233
2	10	iMF (test)	0.9999834437086093	0.7988242322141887	0.6459437086092715	0.5972614820792143	0.5117051552163205
3	20	Average Rating	1.0	0.5789907125996325	0.4695198675496689	0.39620962361604584	0.3468253926500941
2	2000	Average Rating	1.0	0.05476992898370764	0.05948675496688742	0.03756386325881009	0.037420256762390344
3	1000	iMF (test)	1.0	0.30981529636394195	0.2612086092715232	0.2005454102962853	0.1834473708796492
2	0	iMF (test)	0.8872019867549669	0.8713637114603758	0.6864735099337749	0.6379906754506737	0.5483881300440002
3	20	iMF (test)	1.0	0.7604570985972621	0.6158609271523179	0.5622766297106712	0.4815224855335632
2	2000	iMF (test)	1.0	0.22374007185585787	0.1903476821192053	0.1385089470510677	0.1300964338693666
2	10	Normalized kNN (full)	0.6914403973509934	0.6246981060454235	0.4990066225165563	0.36299845033178324	0.3522343489410777
2	10	Random	0.9999834437086093	0.45811283024912225	0.39599337748344376	0.3733770687106698	0.3129264654120717
3	1000	Normalized kNN (full)	0.9170529801324503	0.3572062018265775	0.29168874172185427	0.2454777789900982	0.21733381275951585
3	1000	Random	1.0	0.022384909349057822	0.020960264900662252	0.01020430746765867	0.011263328590932034
2	0	Normalized kNN (full)	0.6770529801324503	0.6461256280147232	0.5134933774834437	0.36960902347714425	0.3608328425786357
2	0	Random	0.8872019867549669	0.6960161373312851	0.5514238410596026	0.5692856344003034	0.4665259246071175
3	20	Normalized kNN (full)	0.6980794701986754	0.6133303653887969	0.49079470198675496	0.3587234833693263	0.34588839641655184
3	20	Random	1.0	0.35068736084640584	0.31334437086092715	0.2592663370254291	0.23061081677366246
2	5	kNN (full)	0.9276324503311257	0.8045031465957246	0.6324668874172186	0.5844669266583257	0.5022061506810132
2	2000	Normalized kNN (full)	0.971043046357616	0.25888675154575475	0.2153476821192053	0.18585869184969983	0.16172563099195295
2	2000	Random	1.0	0.010576781859787813	0.009966887417218543	0.005643530290238769	0.005545685603820655
3	100	iMF (full)	1.0	0.7342623425885022	0.5826324503311258	0.5156523740736983	0.44887127479620303
3	100	Popularity	1.0	0.511094085491159	0.4275	0.3504651227794978	0.3133518159851943
3	100	kNN (test)	1.0	0.6889384631968523	0.5446026490066226	0.48064259630109796	0.4174581375304089
2	100	iMF (full)	1.0	0.7296642091541498	0.5816556291390729	0.5142471198761736	0.44955735175872585
2	100	Popularity	1.0	0.5109805575931001	0.4227980132450331	0.34744948050727265	0.31061869333371456
4	5	Average Rating	0.9849337748344371	0.7395676359075516	0.6076324503311258	0.5741843122400083	0.4855598239995084
2	100	kNN (test)	1.0	0.6911742228116532	0.5463741721854305	0.4827716288767001	0.4202559807780298
1	100	iMF (full)	1.0	0.7319250738132927	0.5802980132450332	0.513159838938795	0.44855750445032583
1	100	Popularity	1.0	0.5211848388126524	0.4327980132450331	0.3565032932384118	0.31804433954007943
5	100	iMF (full)	1.0	0.726858333306093	0.5795364238410596	0.5098515310101398	0.4475240325702893
5	100	Popularity	1.0	0.5077250524514675	0.4217384105960265	0.3381916713243817	0.30696961559014285
3	1	iMF (full)	0.9124006622516556	0.8364499910266631	0.6551158940397351	0.6149199173364522	0.5226018797454232
3	1	Popularity	0.9123509933774835	0.7909051058351992	0.6203973509933774	0.6003033794136574	0.5033686169512737
4	5	iMF (test)	0.9849668874172185	0.8304668579099737	0.6609437086092715	0.6102196500417548	0.5243953137754699
3	5	iMF (full)	0.9849503311258279	0.820160380054541	0.6438576158940398	0.6016424449652534	0.5115778201691616
3	5	Popularity	0.9849172185430463	0.7359993321373495	0.5827649006622516	0.5566748027132141	0.4653933240194711
1	100	kNN (test)	1.0	0.6911218639294759	0.5460596026490065	0.4832877555203891	0.420362280478069
5	100	kNN (test)	1.0	0.6856643885324519	0.5443543046357616	0.4787371343952335	0.41832460044704545
2	5	iMF (full)	0.9861423841059603	0.8196200997168855	0.646158940397351	0.6039218463839479	0.5156541437708313
2	5	Popularity	0.9861258278145695	0.7364362487165786	0.5836092715231788	0.5596431258192733	0.46884090534438344
3	1	kNN (test)	0.8778476821192053	0.8334279844690118	0.6531788079470199	0.6072172014402342	0.5194296612872905
3	5	kNN (test)	0.942317880794702	0.8086744283050592	0.6329139072847683	0.5884008984574293	0.501409714299005
2	5	kNN (test)	0.9451821192052979	0.8068593704853705	0.6335099337748344	0.5903210027020117	0.5047657554773783
3	0	iMF (full)	0.8848509933774834	0.8379206679392124	0.6566721854304636	0.6171154002576666	0.5243711868948138
3	0	Popularity	0.8847682119205298	0.7910872134923554	0.6205132450331126	0.6004863527133526	0.5035084390588084
3	2000	iMF (full)	1.0	0.44806172427726143	0.3603476821192053	0.2779556135370776	0.25470237994316264
3	2000	Popularity	1.0	0.22838294021656502	0.19665562913907284	0.11922362254151217	0.12076759037433088
4	5	Normalized kNN (full)	0.6825993377483444	0.6386447478771717	0.507930463576159	0.3687881655470764	0.3578967930342725
4	5	Random	0.9849668874172185	0.5560938451919498	0.4664403973509934	0.4743037899806268	0.3849035106694359
3	100	Normalized kNN (test)	1.0	0.42145135685589735	0.35675496688741726	0.27540205119906186	0.25192846823703297
2	20	iMF (full)	1.0	0.7825222249212115	0.6224668874172186	0.5680658424003943	0.49041307769745734
2	20	Popularity	1.0	0.6133363039565535	0.5212748344370861	0.48214007796375674	0.40932904021531863
2	1	iMF (full)	0.9148675496688742	0.8358836774412232	0.657864238410596	0.6184071316380388	0.5275647765924253
3	0	kNN (test)	0.8742384105960265	0.8335711140314634	0.6532781456953642	0.6073408480291126	0.5195393929922184
2	1	Popularity	0.9148013245033112	0.7940690108240461	0.6244039735099338	0.6043717304696244	0.5090126509985375
4	100	iMF (full)	1.0	0.734160170858895	0.5848344370860927	0.514388610067586	0.45149758698795583
3	2000	kNN (test)	1.0	0.40361290775334807	0.31902317880794706	0.24386771004993277	0.22352784855489044
4	100	Popularity	1.0	0.5138868523182618	0.42932119205298014	0.35382341680780705	0.31616371894024703
3	100	kNN (full)	0.9999337748344371	0.6940251793187915	0.547682119205298	0.4838562280359279	0.4201062885198505
2	20	kNN (test)	0.9930960264900662	0.74556170599988	0.5929470198675497	0.5480365645439772	0.46773754689104774
2	1	kNN (test)	0.8786754966887417	0.8331213462947563	0.6547516556291391	0.6097319141991421	0.5234846955532851
2	100	Normalized kNN (test)	1.0	0.42146837634704065	0.35846026490066224	0.27835987929239936	0.25397299766106074
4	100	kNN (test)	1.0	0.6888330487087161	0.5457615894039736	0.4822406383808812	0.42025641642079653
2	100	kNN (full)	0.9999668874172186	0.6962337578898937	0.5501490066225165	0.4853204036723657	0.42299409168287266
5	100	Normalized kNN (test)	1.0	0.42992176492393447	0.36279801324503314	0.27433562133859923	0.25462992298086223
3	1	Normalized kNN (test)	0.8818874172185431	0.853414621018944	0.6680794701986754	0.6217447924374093	0.5321274575899209
1	100	Normalized kNN (test)	1.0	0.39923038468769567	0.33799668874172184	0.2592231564885444	0.23887993935427643
3	5	Normalized kNN (test)	0.958228476821192	0.7655423032743833	0.6175827814569537	0.5794137509292815	0.4897057231797212
3	1	kNN (full)	0.8707615894039734	0.8288152860351857	0.6490894039735099	0.5989734264686745	0.5143025500789579
5	100	kNN (full)	1.0	0.689733399770936	0.5482450331125828	0.48258846084121754	0.42131180008650915
2	5	Normalized kNN (test)	0.9606456953642385	0.7613971226373877	0.6177980132450331	0.5815103940099394	0.4930556466736609
1	100	kNN (full)	1.0	0.6960252560633542	0.5495529801324504	0.4859912315297083	0.4232194693351178
2	10	iMF (full)	0.9999834437086093	0.8009184633925325	0.6367549668874172	0.5875758944368321	0.5050395053095214
2	10	Popularity	0.9999834437086093	0.6696081178897288	0.5613576158940398	0.5367228800787212	0.4488861573617788
3	5	kNN (full)	0.9269867549668874	0.8063664913370029	0.6312582781456954	0.5828907999368057	0.4987142112796032
3	0	Normalized kNN (test)	0.8784105960264901	0.85462894818752	0.6688576158940398	0.6225428976623051	0.5328824561309997
2	10	kNN (test)	0.9643211920529802	0.7740967838982143	0.6164569536423842	0.5750199032904885	0.49008345586338486
3	2000	Normalized kNN (test)	1.0	0.07869069377221037	0.08355960264900662	0.04692480137170604	0.05012124541729997
2	0	iMF (full)	0.8872019867549669	0.8381597256464427	0.659453642384106	0.6200891848072302	0.528982261628655
2	0	Popularity	0.887135761589404	0.7943166954572992	0.6245033112582782	0.6046636993543085	0.5091419074208378
2	20	Normalized kNN (test)	0.9987582781456954	0.6049333800282872	0.4977152317880794	0.4568286671500283	0.38598122937691093
3	1000	iMF (full)	1.0	0.5298406610663327	0.4257615894039735	0.34076171506042946	0.3079683845969244
3	1000	Popularity	1.0	0.2988680849665621	0.2624337748344371	0.17873131346476948	0.17217251262108854
2	1	Normalized kNN (test)	0.8832947019867551	0.8540558677763341	0.6709602649006622	0.6252038379956059	0.5373571206808216
3	20	iMF (full)	1.0	0.7843150257272904	0.6217715231788079	0.5685072775162286	0.48825790188279883
3	20	Popularity	1.0	0.6159672694142426	0.525794701986755	0.4894947818657442	0.4128738718484673
3	0	kNN (full)	0.8686423841059603	0.8289085393035202	0.6491390728476821	0.5990456302950175	0.5143604486886166
3	2000	kNN (full)	1.0	0.4076428057683353	0.3227980132450331	0.24786191005522987	0.22659662783955795
2	20	kNN (full)	0.9820364238410596	0.749795329612846	0.5959271523178808	0.5480552714500849	0.46927017731752224
2	0	kNN (test)	0.8757615894039735	0.8331849449544201	0.6547847682119206	0.6097733049276189	0.5235204420915152
3	1000	kNN (test)	1.0	0.4786674338853457	0.37846026490066226	0.30114386465918774	0.27189401289428466
4	100	Normalized kNN (test)	1.0	0.42178585041152	0.356953642384106	0.27656992947895853	0.2533413577533467
2	2000	iMF (full)	1.0	0.4410167365485161	0.35627483443708613	0.27213646877844666	0.25196086651774
2	2000	Popularity	1.0	0.22465792645354987	0.19491721854304636	0.11970127832640233	0.12144402488275918
2	1	kNN (full)	0.8710264900662251	0.8279600409245675	0.6516390728476822	0.6013022576884544	0.5187719972395761
3	20	kNN (test)	0.9924172185430463	0.7453581905868362	0.5932450331125827	0.5482472411312799	0.46595216101402764
4	100	kNN (full)	0.9999834437086093	0.6928357014961432	0.5487417218543047	0.4842105101836205	0.4225796732401756
2	2000	kNN (test)	1.0	0.40207361313012646	0.3172019867549669	0.24080174042314584	0.2227456224129796
2	10	Normalized kNN (test)	0.9764238410596027	0.7166016045339166	0.5901490066225166	0.5569226444346553	0.46942969030494963
2	10	kNN (full)	0.9483940397350994	0.7754330089857756	0.6169867549668874	0.5709647281847048	0.48899929562978134
2	0	Normalized kNN (test)	0.8809437086092715	0.8547769137995618	0.6715066225165564	0.6257158842235176	0.5378586742428881
3	1000	Normalized kNN (test)	1.0	0.12913758354460586	0.12632450331125827	0.07941041698396882	0.0804087226119844
2	0	kNN (full)	0.8693211920529801	0.8280301496296074	0.6516887417218543	0.601360982995524	0.518824517054085
3	20	Normalized kNN (test)	0.9978642384105961	0.6182587777898675	0.507864238410596	0.4687468279302007	0.3934895209708442
2	2000	Normalized kNN (test)	1.0	0.07444663989873207	0.08064569536423842	0.04557105447194407	0.04885433353863086
3	1000	kNN (full)	1.0	0.48387789018650035	0.38235099337748346	0.30703718639503214	0.2755584248963359
3	20	kNN (full)	0.9818046357615895	0.7495400841268558	0.5952649006622517	0.5478874585386411	0.4670570857086755
2	2000	kNN (full)	1.0	0.405496512591669	0.31948675496688744	0.24509095333126882	0.2255327814504252
3	3706	Average Rating	1.0	0.016157669009139782	0.020413907284768214	0.010538791024920014	0.011505535385975558
4	5	iMF (full)	0.9849668874172185	0.8241632590093836	0.6495033112582781	0.6042578964743484	0.5175015046294728
4	5	Popularity	0.9849337748344371	0.7445658745452841	0.5912913907284768	0.5652770813307115	0.4754066808831049
3	3706	iMF (test)	1.0	0.14372967898980815	0.12581125827814568	0.08754791227892166	0.08304385029899242
4	5	kNN (test)	0.9337086092715232	0.8103764916472879	0.6360430463576159	0.5899397221968669	0.5058290727033274
3	3706	Normalized kNN (full)	0.9953145695364238	0.1727277858554996	0.1463245033112583	0.13185913773472022	0.11128046602303011
3	3706	Random	1.0	0.005450710130975707	0.005397350993377484	0.0022554268728921384	0.002713371042250241
4	5	Normalized kNN (test)	0.944205298013245	0.7633918709627182	0.6186589403973509	0.5796904977386692	0.4927421493873602
2	3706	Average Rating	1.0	0.015076396943542512	0.018294701986754966	0.010664276767179515	0.010997070004017987
4	5	kNN (full)	0.9186920529801323	0.8076637776085728	0.6346026490066226	0.5849005543112243	0.5035360821811685
2	3706	iMF (test)	1.0	0.14459526159712738	0.1243543046357616	0.08933043355723586	0.08372086865028486
3	200	Average Rating	1.0	0.25612616806600813	0.2077317880794702	0.14787630322124135	0.1395870657274667
2	200	Average Rating	1.0	0.2279488807472869	0.18183774834437086	0.1357131014159211	0.12590788570597752
3	200	iMF (test)	1.0	0.5606195613414163	0.45907284768211926	0.38431980070612903	0.34150882282488304
2	3706	Normalized kNN (full)	0.9955132450331126	0.1679920184611695	0.14394039735099337	0.1308755613941493	0.11039236691889487
2	3706	Random	1.0	0.006232849862724741	0.006026490066225165	0.0028636532128912297	0.0031158579123857478
2	200	iMF (test)	1.0	0.5503228173327028	0.4540894039735099	0.3816730094748523	0.34020704265130414
3	3706	kNN (full)	1.0	0.3226207569789894	0.25677152317880797	0.19097661082291162	0.1762510745597267
3	2	Average Rating	0.9358278145695363	0.775428447312531	0.6287417218543047	0.598801604407847	0.5041578100119724
5	200	Average Rating	1.0	0.15636806995475006	0.14465231788079472	0.10288692262133325	0.09721013435178953
3	200	Normalized kNN (full)	0.7653807947019867	0.5371852843076943	0.42764900662251654	0.3274218112456531	0.30720141219481906
3	200	Random	1.0	0.08643713822879064	0.08089403973509934	0.04669585272224604	0.04812588546969457
1	200	Average Rating	1.0	0.1970627042860374	0.1630794701986755	0.12176831965924861	0.11250156708684647
3	2	iMF (test)	0.9358774834437086	0.8442100055328726	0.6685761589403973	0.6210738229941885	0.5302592161175955
2	200	Normalized kNN (full)	0.7677483443708609	0.5356809877024159	0.427135761589404	0.3273734573327728	0.30809348404722037
2	200	Random	1.0	0.0847695869259168	0.07928807947019868	0.04754079527811927	0.04813826739228763
5	200	iMF (test)	1.0	0.5547254094052878	0.457748344370861	0.3810506725761149	0.34093881475581217
1	200	iMF (test)	1.0	0.5534970050075695	0.454817880794702	0.3824309458468472	0.340106859885743
4	2000	Average Rating	1.0	0.05539162814312229	0.05321192052980133	0.03356041591742247	0.03372654579543085
2	2	Average Rating	0.9389735099337748	0.8446841356250651	0.6635927152317881	0.6252477883081325	0.5339781368295462
4	200	Average Rating	1.0	0.24905568107541717	0.2109933774834437	0.1515198808253385	0.143956432472048
3	2	Normalized kNN (full)	0.6784437086092715	0.638949788000167	0.5079139072847683	0.3664812116873132	0.35599349039943284
3	2	Random	0.9358774834437086	0.6284753190653746	0.5135264900662251	0.5318771621783651	0.4295300455754633
5	200	Normalized kNN (full)	0.7692218543046359	0.5366870100046792	0.42892384105960263	0.3298379644183733	0.30943310190417594
5	200	Random	1.0	0.08109547598652948	0.0768543046357616	0.04334543506808248	0.045183346775767574
4	2000	iMF (test)	1.0	0.22927758278280685	0.1940066225165563	0.14387435308541846	0.13351025027063468
1	200	Normalized kNN (full)	0.7646854304635762	0.5343476600401535	0.4259437086092715	0.3285017333219566	0.30843538390734315
1	200	Random	1.0	0.08223678564939006	0.07710264900662252	0.04536448464735859	0.04599638573201313
2	2	iMF (test)	0.939023178807947	0.8689072992839729	0.6846192052980133	0.6364469258336249	0.5470036337981363
4	200	iMF (test)	1.0	0.5558738958165661	0.45572847682119205	0.3807388323956195	0.3402318757401202
4	2000	Normalized kNN (full)	0.9734271523178808	0.25906010131904095	0.21427152317880796	0.1856398126286884	0.1607140601954792
4	2000	Random	1.0	0.010738161353485556	0.010562913907284768	0.004969975040390887	0.0055786201120887665
2	2	Normalized kNN (full)	0.6770860927152318	0.6461111934602177	0.513476821192053	0.369595226567652	0.36081779140464415
2	2	Random	0.939023178807947	0.6255067665054858	0.5138245033112583	0.5353487052506714	0.43379564332125686
3	10	Average Rating	0.9999834437086093	0.6800805725575784	0.5596854304635761	0.5087096270011228	0.434005225196634
4	200	Normalized kNN (full)	0.7723344370860926	0.5333734378201755	0.4261920529801324	0.32792751859487645	0.3076397060466485
4	200	Random	1.0	0.08527574966307173	0.0802980132450331	0.046628367694567595	0.04830703166574147
3	3706	iMF (full)	1.0	0.361307298872972	0.29152317880794704	0.2170377076135981	0.20129759735595174
3	3706	Popularity	1.0	0.17098256441647924	0.1456291390728477	0.08334995244718131	0.08611383679729186
3	10	iMF (test)	0.9999834437086093	0.7948160621132299	0.6416556291390728	0.5900526165413071	0.504197685425808
3	500	Average Rating	1.0	0.1258714580925035	0.11226821192052981	0.07402898103067315	0.07223972864819511
3	3706	kNN (test)	1.0	0.3197219126703091	0.2540066225165563	0.18777805956208307	0.17373833358611288
3	500	iMF (test)	1.0	0.40758556514309513	0.34132450331125824	0.27307717911463425	0.24645716192705802
3	10	Normalized kNN (full)	0.6904966887417219	0.6243639791408223	0.498841059602649	0.36209380978886424	0.3503768876649947
3	10	Random	0.9999834437086093	0.4566758616303184	0.39192052980132447	0.37445464358931524	0.3092083016141267
3	500	Normalized kNN (full)	0.847682119205298	0.44529361173926074	0.360976821192053	0.289768800944238	0.26389476310653326
3	500	Random	1.0	0.03878036755993774	0.03678807947019868	0.020124536599440884	0.02093229428498944
3	3706	Normalized kNN (test)	1.0	0.04206927144125399	0.04630794701986755	0.021373380033892848	0.02499743609039622
2	3706	iMF (full)	1.0	0.35703017027485634	0.29016556291390727	0.21621071347594314	0.20165135080967184
2	3706	Popularity	1.0	0.16948828911356792	0.14549668874172186	0.08483639581685883	0.08779494968795501
2	3706	kNN (test)	1.0	0.3175405877332266	0.25256622516556293	0.18749984471697428	0.1742879911018511
3	2	kNN (full)	0.8945364238410596	0.8132679689888649	0.6375165562913907	0.5898675094660758	0.5048772894078397
3	200	iMF (full)	1.0	0.6927076674816803	0.5495198675496689	0.4757497029900204	0.4170858310905378
3	200	Popularity	1.0	0.44717003767350133	0.3594039735099338	0.269164695798298	0.2506271589928888
2	200	iMF (full)	1.0	0.6877092812152908	0.5480132450331126	0.47338739169990907	0.4174934272297102
2	200	Popularity	1.0	0.4490350408652074	0.356705298013245	0.2686404461194696	0.24957322369028379
3	200	kNN (test)	1.0	0.649070847298258	0.508228476821192	0.4409269919783813	0.3848640860611064
2	200	kNN (test)	1.0	0.6490988766747855	0.5086754966887418	0.4379150816250211	0.38542106652859615
4	20	Average Rating	1.0	0.5661908345368981	0.45576158940397354	0.3696658231436721	0.33218379364415795
3	2	iMF (full)	0.9358774834437086	0.8285710456024551	0.6505463576158941	0.6104801635562463	0.5183529420458585
3	2	Popularity	0.9358278145695363	0.7587901052572676	0.6014900662251655	0.5829122017038354	0.4861375456384096
5	200	iMF (full)	1.0	0.6898586128159394	0.5484105960264901	0.4725577235357632	0.4175353607941511
5	200	Popularity	1.0	0.4445894009406863	0.35407284768211916	0.2621583950881362	0.246462482556396
1	200	iMF (full)	1.0	0.69025722403975	0.546771523178808	0.4739757275742388	0.41671788369019863
3	2	kNN (test)	0.9035596026490066	0.8165239774226996	0.6402152317880795	0.5967212978448	0.5087531359517351
1	200	Popularity	1.0	0.4554046271208229	0.3636092715231788	0.2764278472201838	0.25497095218706634
4	20	iMF (test)	1.0	0.7570426127118882	0.6149834437086092	0.5614810358241167	0.4830869571496292
5	200	kNN (test)	1.0	0.6461965076285822	0.5086092715231788	0.4386192330062751	0.38613129526352136
2	3706	Normalized kNN (test)	1.0	0.03406790199999695	0.038990066225165564	0.019790758990885275	0.022031305542584177
1	200	kNN (test)	1.0	0.6483176329875597	0.5067218543046358	0.43969304366346645	0.3848945900926337
2	3706	kNN (full)	1.0	0.321313199723182	0.25581125827814566	0.19237729969194003	0.17745669237601921
3	200	Normalized kNN (test)	1.0	0.31178182766798246	0.27334437086092717	0.20277149282722315	0.18877313738000404
4	2000	iMF (full)	1.0	0.4492038529725644	0.3624006622516556	0.27910531857230025	0.257099114112056
4	2000	Popularity	1.0	0.22319957513649644	0.1912748344370861	0.11806490642613128	0.11853542306014009
2	200	Normalized kNN (test)	1.0	0.3140224218445015	0.27511589403973513	0.2062073756447039	0.19170572058835095
4	20	Normalized kNN (full)	0.6996854304635762	0.6166927981116418	0.49327814569536427	0.36178565871138507	0.3489932547571831
4	20	Random	1.0	0.346721845962727	0.3048841059602649	0.25524139813852464	0.22646564506802683
2	2	iMF (full)	0.939023178807947	0.8350841357790225	0.6579470198675497	0.6173752000410313	0.5270547641903058
2	2	Popularity	0.9389735099337748	0.792396803703506	0.6232781456953642	0.6027719500991486	0.5077169005595831
3	200	kNN (full)	1.0	0.6537232186710237	0.5112086092715231	0.44424661369980173	0.3874978372747015
4	2000	kNN (test)	1.0	0.40288731811818634	0.3162748344370861	0.2446403820002852	0.22357213414760535
4	200	iMF (full)	1.0	0.6921292168424822	0.5505298013245032	0.472909709219282	0.4186599612711398
4	200	Popularity	1.0	0.44925674912468144	0.36084437086092713	0.2716982496944529	0.25289637508324814
2	200	kNN (full)	1.0	0.6533065556202222	0.5126158940397351	0.4408833737177614	0.388535644559673
2	2	kNN (test)	0.8884933774834437	0.832832984684779	0.6545529801324503	0.6091618330661471	0.5232334403753159
4	200	kNN (test)	1.0	0.6475303297819167	0.5084437086092716	0.43899770472326644	0.38587560438819596
3	2	Normalized kNN (test)	0.9087251655629138	0.7955980345106725	0.6380132450331125	0.6002982232582091	0.5088964107389687
5	200	Normalized kNN (test)	1.0	0.3237943770518791	0.2827317880794702	0.2064120788839859	0.1946862032406929
1	5	Average Rating	0.9850331125827815	0.7374360953956697	0.5973841059602649	0.5658777354296693	0.47531790651943256
3	50	Average Rating	1.0	0.4850928925491916	0.39634105960264904	0.3069244264415692	0.2813536179660547
3	10	iMF (full)	0.9999834437086093	0.8011575103050927	0.6326986754966888	0.5851062961870598	0.500052759058381
3	10	Popularity	0.9999834437086093	0.6663665009545955	0.5610264900662252	0.5344351077251912	0.446127857528508
5	200	kNN (full)	1.0	0.6495153734277274	0.5122682119205297	0.44242251741718625	0.38903510261497853
1	200	Normalized kNN (test)	1.0	0.29745212665781096	0.2597185430463576	0.19264380025557154	0.18032456504088698
1	5	iMF (test)	0.9850496688741721	0.8348621990509126	0.6610264900662252	0.6152094580800945	0.5260001791149347
3	10	kNN (test)	0.9621688741721854	0.7734381477039844	0.6160264900662252	0.5735519474264189	0.4871082199300791
1	200	kNN (full)	1.0	0.6522163301936349	0.5097350993377484	0.4417567328499416	0.38718679117794086
3	50	iMF (test)	1.0	0.6936204298654715	0.563658940397351	0.5008021577553652	0.43342559374133977
3	500	iMF (full)	1.0	0.6036186531337949	0.4832615894039735	0.4008339886018971	0.3574033058490987
3	500	Popularity	1.0	0.36655306380631003	0.30637417218543045	0.21695166659106838	0.20632206328757166
4	2000	Normalized kNN (test)	1.0	0.08338222690601509	0.08865894039735099	0.04821585148868284	0.052546362497389226
2	2	Normalized kNN (test)	0.8966225165562914	0.8528157756330688	0.6700662251655629	0.624066816147394	0.5363983524820695
3	500	kNN (test)	1.0	0.5519073790558316	0.4399337748344371	0.36343509940176216	0.32329389793832497
4	2000	kNN (full)	1.0	0.4058510626679175	0.31905629139072844	0.24841987830228596	0.22620349393719683
4	200	Normalized kNN (test)	1.0	0.3154436853767372	0.276523178807947	0.2050439580233935	0.19179116217041575
2	2	kNN (full)	0.8777152317880794	0.8277166385274218	0.6514569536423841	0.6010836632769792	0.5185750822065709
1	5	Normalized kNN (full)	0.6804470198675496	0.6356388064350958	0.5061258278145695	0.36821014134266816	0.3576793898044536
1	5	Random	0.9850496688741721	0.5518696275227681	0.46273178807947024	0.47460927038370987	0.3825014821776014
3	50	Normalized kNN (full)	0.7107284768211921	0.592274282033118	0.4720860927152318	0.35022728243342566	0.33485774946678365
3	50	Random	1.0	0.2152051176184923	0.19655629139072847	0.13902562885628136	0.1317540147268138
4	200	kNN (full)	1.0	0.651182693330327	0.5118708609271523	0.4424074585490776	0.3886605860233782
3	10	Normalized kNN (test)	0.9750993377483445	0.7173455179603497	0.5890728476821192	0.5533293681592262	0.4651299024703079
3	10	kNN (full)	0.9479801324503312	0.7746721708548567	0.6155298013245033	0.5692168165243542	0.48539791081779393
3	500	Normalized kNN (test)	1.0	0.1794096684782158	0.17049668874172186	0.11866907423926579	0.11498170761313918
3	500	kNN (full)	1.0	0.5573438010507225	0.44298013245033113	0.3664621617852147	0.3257581708976267
4	3706	Average Rating	1.0	0.011100841442814976	0.013625827814569539	0.008394424183994142	0.008471926251470115
4	20	iMF (full)	1.0	0.7860130060604308	0.6264900662251656	0.569135010357584	0.4929112761861087
4	20	Popularity	1.0	0.620862555547271	0.5282615894039735	0.4924977442922031	0.4164683649472372
4	3706	iMF (test)	1.0	0.14875202861802994	0.12703642384105962	0.09013269222082755	0.08490300639997755
4	20	kNN (test)	0.9908112582781456	0.7481705184091358	0.5969039735099338	0.5501701946165757	0.4708230433839876
4	50	Average Rating	1.0	0.4872034118203404	0.384023178807947	0.28892624134619566	0.26977655165355846
4	3706	Normalized kNN (full)	0.9960761589403974	0.1712500127191773	0.14730132450331127	0.1335521656788172	0.11267187393490438
4	3706	Random	1.0	0.0055943052402131965	0.005629139072847682	0.0027870235843454943	0.003091120359027007
4	50	iMF (test)	1.0	0.6932724477681776	0.5638907284768212	0.5024909036744278	0.4364309394756825
2	1000	Average Rating	1.0	0.09242286353786965	0.09379139072847682	0.06133652129077665	0.06017845937512908
4	50	Normalized kNN (full)	0.7145033112582782	0.5945979935549105	0.47509933774834434	0.3529871784494635	0.3378454382399447
4	50	Random	1.0	0.2214098081694049	0.20266556291390728	0.14400851497034056	0.13739004343346295
4	20	Normalized kNN (test)	0.9978973509933775	0.6155244258057816	0.5087417218543047	0.4660624174386614	0.39429873054104053
2	50	Average Rating	1.0	0.48240889720697366	0.38334437086092715	0.2988429766448108	0.27247158197321736
2	1000	iMF (test)	1.0	0.3025872512565021	0.25498344370860926	0.19520294870392804	0.17998512935939087
4	20	kNN (full)	0.9790397350993377	0.75135232881054	0.5992549668874172	0.550284767367968	0.4722475152460594
1	5	iMF (full)	0.9850496688741721	0.8221092970090584	0.6459271523178808	0.6047332736969957	0.5153523393129193
1	5	Popularity	0.9850331125827815	0.7469495996357016	0.5908443708609271	0.5685857507057311	0.4752428860146609
3	50	iMF (full)	1.0	0.759858463673229	0.6012913907284768	0.5403055620111065	0.4671603292430762
3	50	Popularity	1.0	0.5598423836845	0.4785596026490066	0.4164814802518014	0.36417905626814445
2	50	iMF (test)	1.0	0.6932598531561953	0.5627649006622516	0.5060003540250916	0.43732623278764277
3	50	kNN (test)	0.999751655629139	0.7128655752686283	0.5661258278145695	0.5086615896125362	0.4382659312442471
1	5	kNN (test)	0.9343046357615894	0.8105772977521297	0.6346854304635762	0.591818410089687	0.5055675483689863
2	1000	Normalized kNN (full)	0.9198013245033113	0.35605003248545675	0.2925	0.2451564418487934	0.21798018325213447
2	1000	Random	1.0	0.021532151392004956	0.020364238410596026	0.01069120888286922	0.011468886164396551
2	50	Normalized kNN (full)	0.7115562913907285	0.5946556412451105	0.47466887417218545	0.35158959983631116	0.33762091894261226
2	50	Random	1.0	0.21948460147320445	0.20200331125827814	0.1435004554723309	0.1370701130849555
5	50	Average Rating	1.0	0.49884756984128537	0.39614238410596025	0.3019966655010903	0.27961542611592516
1	50	Average Rating	1.0	0.399581224042964	0.358658940397351	0.2795523539609307	0.2559480876698051
5	50	iMF (test)	1.0	0.6944596330749873	0.5661589403973509	0.5052984914514818	0.4384394073465774
1	50	iMF (test)	1.0	0.6905188481536267	0.5616390728476821	0.5032890023785712	0.4349523313617712
3	50	Normalized kNN (test)	1.0	0.5008296878662446	0.4173344370860927	0.33509629528223706	0.3007402705515618
1	5	Normalized kNN (test)	0.9462417218543047	0.7556590800944567	0.6104635761589403	0.5784488896653699	0.48789672256098443
4	1	Average Rating	0.9126324503311258	0.841212591254263	0.6640397350993378	0.6214309010996969	0.5326244700180363
5	50	Normalized kNN (full)	0.7124668874172185	0.5938885009535348	0.4745695364238411	0.3537479363686508	0.33831658795338926
5	50	Random	1.0	0.21430988524295913	0.19839403973509934	0.13917851771467943	0.1341878020575896
3	50	kNN (full)	0.998112582781457	0.7182477999401187	0.5689238410596027	0.5108879368196206	0.44043171525761515
1	50	Normalized kNN (full)	0.709817880794702	0.5927893466611359	0.4734437086092715	0.35305801035316153	0.33821746521246354
1	50	Random	1.0	0.21920373071762375	0.19741721854304636	0.13889463922574477	0.13217869631586246
1	5	kNN (full)	0.9189569536423841	0.8073475458719377	0.6319701986754966	0.5859758841570103	0.5022260795593175
4	1	iMF (test)	0.9127317880794701	0.8680328774088177	0.6846523178807947	0.6329308635007747	0.5457123239539258
4	3706	iMF (full)	1.0	0.3616622262630811	0.2938079470198675	0.21968587718018484	0.2042330291891395
4	3706	Popularity	1.0	0.17135433796440236	0.14478476821192052	0.08611652945217599	0.08749842721790353
4	1	Normalized kNN (full)	0.6782947019867549	0.6495287889005245	0.5166556291390728	0.37251052553367303	0.3628820331470806
4	1	Random	0.9127317880794701	0.6612514695133795	0.5325331125827815	0.5486336356721462	0.4485833349707493
4	3706	kNN (test)	1.0	0.31872825187223525	0.2520198675496689	0.1883061905951696	0.17420021027266763
4	50	iMF (full)	1.0	0.7581010433985748	0.6027152317880795	0.5361188682962448	0.4683585148452027
4	50	Popularity	1.0	0.56139496029858	0.47900662251655624	0.4173279767411178	0.3652941670436091
4	50	kNN (test)	0.9994867549668873	0.7129196929079387	0.5669039735099337	0.5094025948925982	0.4408108476303386
4	10	Average Rating	1.0	0.6800344766275203	0.5544370860927152	0.504805830078709	0.4315057539648704
4	3706	Normalized kNN (test)	1.0	0.04192358782646644	0.04652317880794702	0.02192006170331303	0.025473977983292755
4	10	iMF (test)	1.0	0.8244780313669395	0.6568211920529801	0.6043696308189725	0.5203817497398213
2	1000	iMF (full)	1.0	0.5272173330613011	0.4249503311258278	0.3377402886501785	0.30822944492815496
2	1000	Popularity	1.0	0.29597971096278786	0.26178807947019866	0.1780825897361717	0.17274090435320905
5	5	Average Rating	0.9854139072847682	0.7482533888130813	0.6098675496688741	0.5751660028166421	0.48698619219976425
4	3706	kNN (full)	1.0	0.32133805095869433	0.2544701986754967	0.1920475375092739	0.17674075604590442
2	50	iMF (full)	1.0	0.7553209954357151	0.601158940397351	0.5393314213652326	0.4688641577244883
2	50	Popularity	1.0	0.5618035785001212	0.47647350993377485	0.41618091365358895	0.3638921226033891
2	1000	kNN (test)	1.0	0.4793178278818081	0.37892384105960264	0.299910612821142	0.272392972441871
5	5	iMF (test)	0.9854304635761589	0.8302069918718048	0.6619867549668874	0.6115651015642503	0.5258291416690698
4	10	Normalized kNN (full)	0.6831622516556292	0.6382721358589033	0.5075165562913907	0.36849585364996024	0.3575865491590693
2	50	kNN (test)	0.9998178807947019	0.7158137209785184	0.5678145695364238	0.5121791750376132	0.4419592794217565
4	10	Random	1.0	0.451251545117448	0.39071192052980136	0.36930921142400996	0.3087186455063641
4	50	Normalized kNN (test)	1.0	0.5014993146264973	0.41561258278145696	0.3320370346504323	0.30032279832892217
4	50	kNN (full)	0.9977814569536424	0.7165143450987672	0.5693046357615894	0.510170533375261	0.4424547550244223
5	5	Normalized kNN (full)	0.6817218543046358	0.6343939745229831	0.5048013245033113	0.36778357886874125	0.3563606126198133
5	5	Random	0.9854304635761589	0.5517713404529525	0.4655463576158941	0.47272267974207455	0.38424111071871214
5	50	iMF (full)	1.0	0.7584963692308666	0.6031622516556291	0.5407665162030375	0.47064647552285904
5	50	Popularity	1.0	0.5613730944461277	0.47768211920529796	0.4150276832631686	0.36404991931420105
1	50	iMF (full)	1.0	0.7583612016901922	0.6009105960264901	0.5388249419829357	0.4684461076166865
1	50	Popularity	1.0	0.5675233859526065	0.48150662251655635	0.42151462680078444	0.36731512229377716
2	1000	Normalized kNN (test)	1.0	0.12090694612229028	0.1219205298013245	0.07587021382129384	0.07794034499036173
5	50	kNN (test)	0.999751655629139	0.7149531860735482	0.5702317880794702	0.5119080520749828	0.44337778616284157
2	50	Normalized kNN (test)	1.0	0.49767387322891965	0.41422185430463576	0.3329520990239532	0.29997881154168315
2	1000	kNN (full)	1.0	0.48535734562605026	0.38349337748344375	0.30506243255887866	0.27649572694466884
1	50	kNN (test)	0.9999006622516555	0.7156683115730922	0.5680794701986754	0.5110146567977198	0.4416780730808923
2	50	kNN (full)	0.9978807947019868	0.7203750627072277	0.5712251655629139	0.5125540733476358	0.4437480991761914
4	1	iMF (full)	0.9127317880794701	0.840195065050632	0.6615066225165563	0.6175944977652237	0.529052609535958
4	1	Popularity	0.9126324503311258	0.7942725169287895	0.6248013245033113	0.6017956505129423	0.5082655800724493
4	1	kNN (test)	0.877864238410596	0.8337495983766827	0.6553311258278145	0.6075198979702302	0.5229300927228023
5	50	Normalized kNN (test)	1.0	0.5049740379570092	0.4219039735099338	0.3381527638577201	0.3051824367883543
1	20	Average Rating	1.0	0.4649347750197375	0.41862582781456953	0.3503280221417778	0.3086897609962138
1	50	Normalized kNN (test)	1.0	0.48153812500665233	0.4017880794701987	0.3198624478357535	0.28964884397382135
5	50	kNN (full)	0.9979801324503311	0.7193124014185901	0.5737582781456954	0.5149229943152238	0.4462188473221723
1	50	kNN (full)	0.9983774834437086	0.7201836587613853	0.5703145695364238	0.5121332124981829	0.44307404051689553
1	20	iMF (test)	1.0	0.763852738238936	0.6177317880794702	0.5702547337684464	0.4874713528738998
4	1	Normalized kNN (test)	0.8826821192052979	0.8529292570186474	0.672069536423841	0.6228039188075447	0.5370551809426791
4	0	Average Rating	0.8849834437086093	0.8474446363666335	0.6679139072847682	0.6262322890189497	0.5367563293457289
1	20	Normalized kNN (full)	0.698476821192053	0.6126139738707624	0.4911423841059603	0.361386727877201	0.3488431575559513
4	1	kNN (full)	0.8714238410596026	0.8290519268769696	0.6519039735099338	0.6002365372666308	0.5186199218166097
1	20	Random	1.0	0.35336962267566274	0.3072019867549669	0.2557516737037493	0.22740912504509445
4	0	iMF (test)	0.8850993377483444	0.8691161162702501	0.6857450331125827	0.634247816924282	0.5469888924839755
4	10	iMF (full)	1.0	0.817660716442474	0.6453311258278146	0.5933990416574553	0.5119137229579636
4	10	Popularity	1.0	0.738956053764023	0.5866556291390729	0.5570809870460411	0.4697325704104511
4	10	kNN (test)	0.9491059602649007	0.8088461149615763	0.6346026490066226	0.5878170598610423	0.5041506331264298
5	5	iMF (full)	0.9854304635761589	0.8213418053231375	0.6478311258278145	0.6025635182068542	0.5165500133424166
5	5	Popularity	0.9854139072847682	0.7360076157414582	0.5855298013245033	0.5586058939238293	0.47005882130675386
4	0	Normalized kNN (full)	0.6782947019867549	0.6495397581428182	0.5166721854304636	0.3725171480502293	0.3628914938850182
4	0	Random	0.8850993377483444	0.692556949866365	0.550115894039735	0.5651400356803089	0.4644241426275666
5	5	kNN (test)	0.9455463576158941	0.8096717459928989	0.6367384105960265	0.5893623201418341	0.5067266396323147
4	1000	Average Rating	1.0	0.07355156604895695	0.06632450331125828	0.041656640851740985	0.04179996696405687
4	10	Normalized kNN (test)	0.9631622516556292	0.7551936322811061	0.6123675496688742	0.5725066295516715	0.4867106751253581
4	1000	iMF (test)	1.0	0.3128699770569479	0.26089403973509934	0.20204105686757798	0.18431233807944342
4	10	kNN (full)	0.9308278145695364	0.806370715714685	0.6334933774834437	0.5832971276146685	0.5022621577390107
5	5	Normalized kNN (test)	0.9604635761589404	0.762050730265982	0.6173675496688742	0.5781336048398524	0.49207809252156265
4	1000	Normalized kNN (full)	0.9205132450331125	0.3562855286121003	0.2906456953642384	0.24483356796329842	0.21657990485502676
4	1000	Random	1.0	0.022640413303888864	0.02129139072847682	0.01148615600387659	0.011663304205928897
5	5	kNN (full)	0.9295033112582781	0.805783647251239	0.634387417218543	0.5834736011544717	0.503502704577252
2	500	Average Rating	1.0	0.11759955420892416	0.11607615894039736	0.07823483422723766	0.07560923655755128
2	500	iMF (test)	1.0	0.40306047827418373	0.3380794701986755	0.2679875407976402	0.24393542560480982
1	20	iMF (full)	1.0	0.785697759056211	0.6239569536423841	0.5716335092870997	0.492465714414948
1	20	Popularity	1.0	0.6225447077426912	0.5293874172185431	0.4974191974308607	0.4177221275256714
2	500	Normalized kNN (full)	0.8497516556291391	0.44367339848296106	0.3607781456953642	0.2897257153025485	0.26459695320244186
2	500	Random	1.0	0.04160832705571138	0.03847682119205298	0.02127097624629002	0.021985959405910575
1	20	kNN (test)	0.990612582781457	0.746675584501798	0.5943377483443709	0.5512967779131223	0.46942282303122773
4	0	iMF (full)	0.8850993377483444	0.8414973288887082	0.6617715231788079	0.6184205804003017	0.5296623408395332
4	0	Popularity	0.8849834437086093	0.7944622844319735	0.6249172185430464	0.6019657466971113	0.5084024941095873
5	2000	Average Rating	1.0	0.061144114428031505	0.06950331125827815	0.046957375198706804	0.04520646293315733
1	2000	Average Rating	1.0	0.04474716836343636	0.04945364238410596	0.03144177008294736	0.03141680801263376
4	0	kNN (test)	0.8740728476821191	0.8338836367150702	0.6554139072847682	0.6076301478197185	0.5230210209263133
5	2000	iMF (test)	1.0	0.22621462887698343	0.19289735099337746	0.14134529524721728	0.1322256628467127
1	2000	iMF (test)	1.0	0.22178361344731637	0.1894867549668874	0.13921643889572313	0.13022748614674326
1	20	Normalized kNN (test)	0.9965397350993378	0.592376655815484	0.49134105960264896	0.459274466783483	0.3840247516715758
5	2000	Normalized kNN (full)	0.9711920529801324	0.2571969508581786	0.21443708609271525	0.18521593574023051	0.16067676276057777
5	2000	Random	1.0	0.01131549018806918	0.011142384105960265	0.005452084139365144	0.005942566379423905
4	2	Average Rating	0.936771523178808	0.8403943096985952	0.6633609271523179	0.6203909426218245	0.531812525125414
1	2000	Normalized kNN (full)	0.9702649006622516	0.2623382315660543	0.21700331125827815	0.18875716758823552	0.16313895062890552
1	2000	Random	1.0	0.01128979111234985	0.01044701986754967	0.005371919266539464	0.005763319321297506
1	20	kNN (full)	0.9784105960264902	0.7496465121402194	0.595364238410596	0.5490811838060959	0.46941119539225923
4	2	iMF (test)	0.9368543046357617	0.8686029489185526	0.6846523178807947	0.6325874391751314	0.5455025038478302
4	0	Normalized kNN (test)	0.8790066225165563	0.8553166920603553	0.6736920529801325	0.6240939293969413	0.5383886217984942
4	1000	iMF (full)	1.0	0.5314178593049721	0.42718543046357615	0.3408538141357832	0.31030276624767406
4	1000	Popularity	1.0	0.2935182792186566	0.2588576158940397	0.1759285937846469	0.17019092838067976
4	0	kNN (full)	0.8689072847682119	0.82918289050797	0.6520033112582782	0.6003647947707161	0.5187277000272317
4	2	Normalized kNN (full)	0.6782947019867549	0.6494961020627735	0.5166059602649007	0.37246558702846966	0.3628351236548069
4	2	Random	0.9368543046357617	0.6269163178737006	0.5146523178807947	0.531999975430299	0.4329708971364398
4	1000	kNN (test)	1.0	0.47672676447440876	0.3762251655629139	0.301304165783795	0.2717913608747181
5	20	Average Rating	1.0	0.5682668086877495	0.46385761589403973	0.379356166822562	0.3396496672882326
4	1000	Normalized kNN (test)	1.0	0.1431819205095683	0.13746688741721855	0.08296451323144444	0.085917931542076
2	500	iMF (full)	1.0	0.5991487465559411	0.4814735099337748	0.39774534646588894	0.35714650973626527
2	500	Popularity	1.0	0.36594315019063367	0.3060596026490066	0.21669801934242547	0.2069248238314002
4	1000	kNN (full)	1.0	0.48093494594081676	0.3798675496688742	0.3045217033518933	0.27474907356946787
5	20	iMF (test)	1.0	0.7606593079354536	0.6168377483443709	0.5629433124420591	0.4848605124919793
2	500	kNN (test)	1.0	0.5511980409606515	0.43816225165562916	0.358924451589867	0.321816492767871
5	20	Normalized kNN (full)	0.7003311258278145	0.6125375574220354	0.491158940397351	0.361411507371652	0.3481667945691884
5	20	Random	1.0	0.3489989241203445	0.30526490066225165	0.2549268122165769	0.22604231013761572
5	2000	iMF (full)	1.0	0.44590537972330235	0.3587748344370861	0.27578212448556566	0.2536485191135478
5	2000	Popularity	1.0	0.22765635281457977	0.1960927152317881	0.12206105140216729	0.12222157764319712
4	500	Average Rating	1.0	0.12578484864961842	0.11087748344370861	0.07438516990194517	0.07258767011130296
2	500	Normalized kNN (test)	1.0	0.1822553254298219	0.1745364238410596	0.11910133244542316	0.11598068797728686
1	2000	iMF (full)	1.0	0.44763249201309524	0.35831125827814564	0.2802795445023326	0.25514551815553466
1	2000	Popularity	1.0	0.22629255876577506	0.1940066225165563	0.12030244052716771	0.12014101923230498
5	2000	kNN (test)	1.0	0.4028495283394181	0.3168046357615894	0.24198626808555104	0.22236418248159098
2	500	kNN (full)	1.0	0.5566776276117575	0.44170529801324504	0.36302019017578674	0.3250530010175009
4	500	iMF (test)	1.0	0.4110755709935262	0.3428145695364238	0.27458018086191877	0.24830665773017305
1	2000	kNN (test)	1.0	0.40265649138982634	0.3160264900662252	0.24367112742207106	0.22284775509007224
4	500	Normalized kNN (full)	0.8492384105960264	0.4465418183167845	0.3607781456953642	0.2898768499560493	0.2641899041640263
4	500	Random	1.0	0.04054836401397955	0.03801324503311258	0.019921522462021755	0.021408804359292884
4	2	iMF (full)	0.9368543046357617	0.8381025830236687	0.6594701986754966	0.6152532234587414	0.5271539685764743
4	2	Popularity	0.936771523178808	0.7928284667047126	0.6237417218543047	0.6001690366926199	0.5070421822260736
4	2	kNN (test)	0.8862086092715231	0.8334393572682094	0.6550331125827815	0.6071011289173552	0.5225859353956447
5	2000	Normalized kNN (test)	1.0	0.08775590857093689	0.08978476821192054	0.047810824924889916	0.052591434196507435
5	2000	kNN (full)	1.0	0.4044919187744705	0.31908940397350993	0.2435379369358964	0.22398504981008682
1	10	Average Rating	1.0	0.5670536842606037	0.5180960264900663	0.49110645696794364	0.4102426124899583
1	2000	Normalized kNN (test)	1.0	0.09376422294848007	0.093658940397351	0.050856691712911996	0.05516357310494966
1	2000	kNN (full)	1.0	0.4055024051674185	0.3184105960264901	0.2458734346643174	0.22480828176675194
1	10	iMF (test)	1.0	0.8000690901889455	0.6453311258278146	0.5987312099761476	0.5114869841050209
4	2	Normalized kNN (test)	0.8930298013245033	0.851352889219533	0.6709768211920529	0.6215173122022295	0.5358997448007834
1	10	Normalized kNN (full)	0.6905132450331125	0.6250989349431583	0.5002980132450331	0.36530110587093895	0.3540023097903802
1	10	Random	1.0	0.4572625034727376	0.39284768211920534	0.37473559365237535	0.31082307257531094
4	2	kNN (full)	0.877201986754967	0.828817416186365	0.6516721854304636	0.5999143465802017	0.518353946976575
5	20	iMF (full)	1.0	0.7853676288484609	0.6249668874172186	0.569887673019794	0.49272649347529185
5	20	Popularity	1.0	0.611743889111213	0.5214403973509933	0.47921569757671645	0.4085359482611442
5	20	kNN (test)	0.9922350993377484	0.7448593337410888	0.5959437086092715	0.5471357767726105	0.4695562148276637
5	3706	Average Rating	1.0	0.011491252713346898	0.014983443708609271	0.008789737416711072	0.008962916473065909
1	3706	Average Rating	1.0	0.016400977497289717	0.021440397350993377	0.012280810782296647	0.01293060390949719
5	3706	iMF (test)	1.0	0.14286261026827746	0.12248344370860928	0.08612558064184227	0.08164378357645176
1	3706	iMF (test)	1.0	0.1412724301540736	0.12271523178807948	0.08666081596062253	0.08182929710367783
5	3706	Normalized kNN (full)	0.9952649006622516	0.17159097733758477	0.14625827814569536	0.13228757784879333	0.11146754069498002
5	3706	Random	1.0	0.005369298649695632	0.005248344370860927	0.002646393726650859	0.0027792136819978826
5	20	Normalized kNN (test)	0.9983443708609272	0.6040260329659152	0.5008112582781458	0.4584223173898179	0.388335172839463
4	500	iMF (full)	1.0	0.6096282876398748	0.4879470198675496	0.4029203891814951	0.36185957127347856
4	500	Popularity	1.0	0.3655703506489303	0.3063907284768212	0.21796136378817663	0.20747813410712507
1	3706	Normalized kNN (full)	0.995248344370861	0.1706261587894294	0.14500000000000002	0.13142961017695037	0.11111517877468716
1	3706	Random	1.0	0.005518633821705603	0.005430463576158941	0.002429256260609017	0.002850773290422911
5	20	kNN (full)	0.9829139072847682	0.7473679532396148	0.5977317880794702	0.5465898865297691	0.47033861850383774
4	500	kNN (test)	1.0	0.55253143570721	0.437864238410596	0.36247599943428094	0.3233837697707544
4	500	Normalized kNN (test)	1.0	0.20057764894931795	0.18723509933774837	0.1264228579605906	0.12400653188169326
4	500	kNN (full)	1.0	0.5588215774109566	0.4426324503311258	0.3675958165575513	0.3274532284239633
1	10	iMF (full)	1.0	0.8032470477701684	0.6359602649006623	0.5895206750204629	0.504874327919532
1	10	Popularity	1.0	0.6725591799114848	0.5646026490066225	0.5393385962602735	0.4506650917170279
1	10	kNN (test)	0.963658940397351	0.7735773933801261	0.6162417218543046	0.5755024125949707	0.48987118103913463
5	3706	iMF (full)	1.0	0.35945386093169274	0.2918377483443709	0.21677664335715027	0.20213931061992502
5	3706	Popularity	1.0	0.17310352390243947	0.14748344370860927	0.08760476646512394	0.08925787636395921
1	10	Normalized kNN (test)	0.9761754966887418	0.7102621209712021	0.584817880794702	0.5539987830188388	0.46544976025159956
1	10	kNN (full)	0.9476324503311258	0.7744596374801246	0.615248344370861	0.5716646220779176	0.48825998240279267
5	3706	kNN (test)	1.0	0.3184361211420461	0.2531291390728477	0.18808240412146845	0.1744086659045811
1	3706	iMF (full)	1.0	0.3623918650077743	0.29271523178807946	0.22144334733702556	0.20375731941911787
1	3706	Popularity	1.0	0.171448864007565	0.14589403973509935	0.08700460334989468	0.08755458896951955
1	3706	kNN (test)	1.0	0.3195949799532942	0.2522682119205298	0.190010101747848	0.1744094994299382
5	3706	Normalized kNN (test)	1.0	0.044937465315470076	0.04806291390728477	0.022024299554639547	0.025879897892698074
5	3706	kNN (full)	1.0	0.3208542306074337	0.2554139072847682	0.19124747283138183	0.1765904251055791
5	10	Average Rating	0.9999668874172186	0.6499384599001158	0.5358112582781457	0.4854297183629306	0.41415144800320103
1	3706	Normalized kNN (test)	1.0	0.04216625303101615	0.04513245033112583	0.022118954394846388	0.025279132828051498
1	3706	kNN (full)	1.0	0.32245006744987836	0.2555794701986755	0.1938678260636218	0.17750569881246905
5	10	iMF (test)	0.9999668874172186	0.7986521679493355	0.6456622516556292	0.5945504981243248	0.51086823891701
5	10	Normalized kNN (full)	0.6915894039735099	0.6241897336043536	0.49961920529801324	0.3652485900096652	0.35312096968997964
5	10	Random	0.9999668874172186	0.45323753514696247	0.3900165562913907	0.35877565855363897	0.30537786096448527
1	1	Average Rating	0.9133609271523179	0.8444850340519158	0.6610430463576159	0.6239739457154749	0.5314237084690402
1	1	iMF (test)	0.9134271523178809	0.8671743926692922	0.6808278145695364	0.6339397459137684	0.543431923765035
5	500	Average Rating	1.0	0.1015599001175993	0.09605960264900663	0.06363467649603716	0.062160034474708595
1	1	Normalized kNN (full)	0.6770198675496688	0.6485804899305195	0.5164569536423841	0.37229776221724353	0.36324816139838856
1	1	Random	0.9134271523178809	0.657973380529477	0.5283112582781457	0.5489950021962213	0.44593743821172027
5	10	iMF (full)	0.9999668874172186	0.8013349557394329	0.6372516556291391	0.5873372173504042	0.5057705461175666
5	10	Popularity	0.9999668874172186	0.6677894044413982	0.5623344370860928	0.5347602159983231	0.4492270262848639
5	500	iMF (test)	1.0	0.4058009667003315	0.34019867549668875	0.26928082609010234	0.24559118832244559
5	10	kNN (test)	0.9652649006622517	0.7743911103228808	0.6195033112582782	0.574525827259515	0.49212542458816394
5	1000	Average Rating	1.0	0.093038692355646	0.08975165562913907	0.058575955817343546	0.05757498252762186
5	500	Normalized kNN (full)	0.8520860927152318	0.44274515184443736	0.3588907284768212	0.288693427910679	0.262888571628252
5	500	Random	1.0	0.04098550085296572	0.03966887417218543	0.020774701234439412	0.022202982301640587
5	1000	iMF (test)	1.0	0.31144216303939304	0.26298013245033114	0.20024510245422195	0.18488079376677113
1	1000	Average Rating	1.0	0.08606497244799231	0.08604304635761591	0.056211700542202016	0.05528001043670722
1	1000	iMF (test)	1.0	0.30887774043808125	0.25950331125827814	0.19838277740233481	0.18312656381437487
5	1000	Normalized kNN (full)	0.9185430463576159	0.3544329057498226	0.29008278145695365	0.24369990323166094	0.2159956541149747
5	1000	Random	1.0	0.02138002663760897	0.01968543046357616	0.01103467292885568	0.01105437852752523
5	10	Normalized kNN (test)	0.9764403973509933	0.7156613064526592	0.5904966887417218	0.5531558997923793	0.46858232235573294
5	10	kNN (full)	0.950976821192053	0.7737673464682783	0.6185927152317882	0.5700704258624545	0.49018611353415964
1	1000	Normalized kNN (full)	0.9183278145695364	0.35596638524242324	0.29074503311258276	0.24514847178370405	0.21732117152102662
1	1000	Random	1.0	0.02096043455696488	0.01978476821192053	0.010170265897872455	0.011086218615822234
5	1	Average Rating	0.9154304635761589	0.8444113803491676	0.6657615894039735	0.6244181112786188	0.5353013071067364
1	1	iMF (full)	0.9134271523178809	0.8385677431405465	0.6575165562913907	0.6186302100823378	0.52700719194655
1	1	Popularity	0.9133609271523179	0.796243661229492	0.6241390728476821	0.6037610776366651	0.5075886402500048
5	1	iMF (test)	0.9155132450331126	0.8672395575485078	0.6845364238410596	0.6334799154936838	0.5463694467277844
1	1	kNN (test)	0.8782450331125828	0.8344121029028233	0.6545364238410596	0.6094074582094821	0.522642844929254
5	500	iMF (full)	1.0	0.6048685636665153	0.4843708609271523	0.4007504618041225	0.35917818420653225
5	500	Popularity	1.0	0.36462168470024475	0.304453642384106	0.21343178873845864	0.2050452144806368
5	500	kNN (test)	1.0	0.5477095998565119	0.4355298013245033	0.35893726221625666	0.3209249333588516
5	1	Normalized kNN (full)	0.6764238410596026	0.6462200114641592	0.5144205298013245	0.37197211333232094	0.3618997870706112
5	1	Random	0.9155132450331126	0.654328317915724	0.531887417218543	0.5482908560439813	0.4488559632680521
5	1000	iMF (full)	1.0	0.528956883558357	0.42511589403973504	0.34005538588503337	0.30856636989775543
5	1000	Popularity	1.0	0.2975246381375069	0.2605298013245033	0.17672440654830027	0.17160879060653822
5	1000	kNN (test)	1.0	0.47868646948552734	0.37842715231788077	0.30090210401086354	0.2727285725794812
1	1000	iMF (full)	1.0	0.5297895239650384	0.4249006622516556	0.3414785956654152	0.3086285691484299
1	1000	Popularity	1.0	0.30067106390432136	0.2626158940397351	0.1808761113084934	0.17327592897018682
1	1	Normalized kNN (test)	0.883228476821192	0.8534675266241841	0.6678145695364238	0.6234980168872356	0.5344670687257028
1	1	kNN (full)	0.8706456953642384	0.828513701375014	0.6498013245033113	0.6008642065513754	0.5171842307802578
5	500	Normalized kNN (test)	1.0	0.19232965118350318	0.17852649006622515	0.1182968122215617	0.11737782922767838
1	1000	kNN (test)	1.0	0.47804432234355354	0.3763576158940397	0.3010674443353998	0.27168563823015396
5	500	kNN (full)	1.0	0.5530951992178653	0.4398013245033113	0.36370513232754265	0.324662762834088
5	1000	Normalized kNN (test)	1.0	0.13608372527920756	0.12995033112582782	0.07699378817742739	0.08065206248195378
5	1000	kNN (full)	1.0	0.48206703961100666	0.3816887417218543	0.30370517982145423	0.27524507035230095
1	1000	Normalized kNN (test)	1.0	0.14374298972962218	0.13586092715231787	0.08310107077830095	0.08511454933299956
1	1000	kNN (full)	1.0	0.48297561432816505	0.37958609271523175	0.3044320101447708	0.2743208843257247
5	1	iMF (full)	0.9155132450331126	0.837839631169468	0.6594701986754966	0.6169299051145096	0.5285748237481492
5	1	Popularity	0.9154304635761589	0.7924055684498179	0.6244867549668874	0.6014099821377029	0.5086125734262305
5	1	kNN (test)	0.8804801324503312	0.8327191210934843	0.6552483443708609	0.6065258358984579	0.5232951449142504
5	1	Normalized kNN (test)	0.8857450331125827	0.8512053561433816	0.6704966887417219	0.6224963160007693	0.5369005514461941
5	1	kNN (full)	0.8730960264900662	0.8270548113132189	0.6517384105960264	0.5990481446965468	0.5188396508525526
1	2	Average Rating	0.9364900662251655	0.7775830485855352	0.6300496688741721	0.6015681135169669	0.507405558500493
1	2	iMF (test)	0.9365562913907285	0.8489628586531338	0.6707615894039736	0.6247432424487116	0.534809338750743
1	2	Normalized kNN (full)	0.6796523178807947	0.6390706545270394	0.5094701986754967	0.3696288895171688	0.35958521199031074
1	2	Random	0.9365562913907285	0.6280279561363061	0.5136258278145696	0.5335664136750322	0.4319548116096245
5	0	Average Rating	0.8877980132450332	0.8459909826305425	0.666887417218543	0.6258638339702024	0.5365474157778393
5	0	iMF (test)	0.8878807947019868	0.8682609515187796	0.685612582781457	0.6343253522623432	0.5473351304156756
1	500	Average Rating	1.0	0.10198363889705432	0.10473509933774834	0.07094846462459022	0.06854966773911869
1	500	iMF (test)	1.0	0.4023911118130111	0.3363245033112583	0.2676770563151554	0.24281164555745327
5	0	Normalized kNN (full)	0.6764238410596026	0.6462353775071685	0.5144370860927152	0.37198484894108297	0.36191418384573365
5	0	Random	0.8878807947019868	0.6912411332142521	0.5499172185430463	0.5639758484486179	0.46453648950929255
1	500	Normalized kNN (full)	0.8468708609271524	0.44135255417551683	0.3566390728476821	0.28905762453102524	0.26303049654148064
1	500	Random	1.0	0.03827366983983113	0.0369205298013245	0.02001748672303369	0.021265347879490797
5	2	Average Rating	0.9391059602649007	0.8436521689188307	0.6651158940397351	0.6234282039269565	0.5345353557031371
5	2	iMF (test)	0.9391721854304637	0.866972651707438	0.6842384105960265	0.6330691091286345	0.5460636058930696
1	2	iMF (full)	0.9365562913907285	0.829067582958903	0.6512086092715232	0.6125226001443939	0.5211757636940861
1	2	Popularity	0.9364900662251655	0.7635952601756687	0.6042218543046357	0.5856603820438124	0.4896517638530698
1	2	kNN (test)	0.9038741721854304	0.8171617069048329	0.6407615894039734	0.5982579941682986	0.5113668492703962
5	2	Normalized kNN (full)	0.6764238410596026	0.646201626725202	0.5144039735099337	0.3719638351866255	0.3618887495430174
5	2	Random	0.9391721854304637	0.6266974971638026	0.5145695364238411	0.5317576236005875	0.43340724563872746
5	0	iMF (full)	0.8878807947019868	0.8390021886572422	0.6599503311258278	0.6181637627698061	0.5293949910350972
5	0	Popularity	0.8877980132450332	0.7925867390455793	0.6246192052980132	0.6016221260460388	0.5087732532145859
5	0	kNN (test)	0.8767549668874173	0.8328891309574482	0.6553311258278145	0.6066199732732244	0.5233817455157157
1	500	iMF (full)	1.0	0.6029102760006915	0.48115894039735096	0.39987987198209457	0.3572476586413457
1	500	Popularity	1.0	0.37211591715754605	0.30945364238410594	0.2218031528116368	0.2092217423498598
1	2	Normalized kNN (test)	0.9097185430463576	0.7898200532669232	0.6351158940397351	0.6011624555961208	0.5099670209455555
1	500	kNN (test)	1.0	0.5510123491001178	0.4353807947019867	0.3615343321267134	0.3214198787587809
1	2	kNN (full)	0.8943874172185431	0.8132259726059605	0.6375993377483443	0.591553492593963	0.5074482771039462
5	0	Normalized kNN (test)	0.8818046357615895	0.8538192646404157	0.6720860927152318	0.6237524793692572	0.5381610546507447
5	0	kNN (full)	0.8707119205298014	0.8272144702703106	0.6517715231788079	0.5990853963521761	0.5188746030232663
1	500	Normalized kNN (test)	1.0	0.19185991067689392	0.17748344370860927	0.11889172224680541	0.1170409223842183
1	500	kNN (full)	1.0	0.557935809585993	0.4399337748344371	0.36605691966015125	0.3252609371286019
5	2	iMF (full)	0.9391721854304637	0.8359318734872492	0.6588907284768212	0.6158092874697779	0.5277462797098202
5	2	Popularity	0.9391059602649007	0.7909992093629311	0.6235264900662252	0.5999760334520986	0.5074916856951615
5	2	kNN (test)	0.8905298013245033	0.8324427803683633	0.6551490066225165	0.606399752452838	0.5231849842297838
5	2	Normalized kNN (test)	0.897864238410596	0.8497064553082035	0.669635761589404	0.6214317264668268	0.5359811613910633
5	2	kNN (full)	0.88	0.8268717765010539	0.6516556291390728	0.5989138547774887	0.5187380620295015
1	0	Average Rating	0.8861589403973509	0.8469365285000855	0.6627980132450332	0.6265036414612303	0.5334205244458832
1	0	iMF (test)	0.8862417218543046	0.868513967012713	0.6829470198675497	0.6351880756625402	0.5448981317069588
1	0	Normalized kNN (full)	0.6770198675496688	0.6486154082609645	0.5165066225165562	0.3723090071921413	0.36326596622811796
1	0	Random	0.8862417218543046	0.6922881579735338	0.5482450331125828	0.5669876773248521	0.46339253051917617
1	0	iMF (full)	0.8862417218543046	0.8395624390540938	0.6580298013245033	0.6199267244825203	0.5279063703682415
1	0	Popularity	0.8861589403973509	0.7964445733904962	0.6243046357615895	0.6040115900933033	0.5077865853220733
1	0	kNN (test)	0.8749172185430464	0.8344952162488337	0.6545860927152317	0.6094725007828028	0.5226991146777714
1	0	Normalized kNN (test)	0.8797350993377484	0.8545727002280735	0.6687582781456954	0.6244039575554674	0.5353359919316238
1	0	kNN (full)	0.868774834437086	0.828603412237105	0.6498509933774834	0.6009262926440907	0.5172383731978107
