fold	target size	recommender system	Coverage@10	nDCG@10	P@10	Recall@10
1	0	Random	0.8899668874172185	0.689534276211242	0.5501324503311259	0.5648898607375331
1	0	iMF (full)	0.8899668874172185	0.8417574058898817	0.6637086092715232	0.6209057875753655
1	0	Popularity	0.8899668874172185	0.7974315807078045	0.6284105960264901	0.6042672961166051
1	0	Normalized kNN (test)	0.8899668874172185	0.8585927640045322	0.6750993377483444	0.6317320854407996
1	0	Average Rating	0.8899668874172185	0.8508809233961178	0.669569536423841	0.6290091235647236
1	0	Normalized kNN (full)	0.8899668874172185	0.8175400054809595	0.6463079470198675	0.6070915772809824
1	0	kNN (full/test)	0.8899668874172185	0.8421000889906078	0.6628311258278146	0.6218228362586193
1	0	iMF (test)	0.8899668874172185	0.8726843242158385	0.6883278145695364	0.6366434431448477
2	0	Random	0.887069536423841	0.6914924342664281	0.548658940397351	0.5661990729837313
2	0	iMF (full)	0.887069536423841	0.8380270317235434	0.6589900662251655	0.6192889656401462
2	0	Popularity	0.887069536423841	0.7935128771056789	0.6244039735099338	0.6041454881222479
2	0	Normalized kNN (test)	0.887069536423841	0.853214066399515	0.6704966887417219	0.6300281099232333
2	0	Average Rating	0.887069536423841	0.845061191844802	0.6650993377483443	0.6267271064658408
2	0	Normalized kNN (full)	0.887069536423841	0.8123331362556186	0.6401490066225165	0.604598379639753
2	0	kNN (full/test)	0.887069536423841	0.8380651010433259	0.6591390728476821	0.620534786374749
2	0	iMF (test)	0.887069536423841	0.867729868612775	0.6830298013245033	0.6353266155319991
3	0	Random	0.8859602649006623	0.6915541877369673	0.5452152317880794	0.5647174465250241
3	0	iMF (full)	0.8859602649006623	0.837392838309011	0.6553807947019867	0.6181805121755712
3	0	Popularity	0.8859602649006623	0.7949274387029103	0.6230960264900662	0.6034701915318808
3	0	Normalized kNN (test)	0.8859602649006623	0.8554762592870659	0.6696854304635762	0.629498030904735
3	0	Average Rating	0.8859602649006623	0.8475488659129595	0.6645860927152317	0.6270730467365349
3	0	Normalized kNN (full)	0.8859602649006623	0.8127876841733926	0.6382781456953642	0.6026536453896135
3	0	kNN (full/test)	0.8859602649006623	0.8396527233231967	0.6570364238410596	0.6191095340676499
3	0	iMF (test)	0.8859602649006623	0.8693127895316352	0.6824006622516556	0.6342673167430006
4	0	Random	0.8811754966887417	0.6876578878328047	0.5436092715231788	0.5646830797816444
4	0	iMF (full)	0.8811754966887417	0.8373606140376727	0.6540066225165563	0.6181729739102518
4	0	Popularity	0.8811754966887417	0.791684545217647	0.6183112582781457	0.6007294584667316
4	0	Normalized kNN (test)	0.8811754966887417	0.8538299772852326	0.6657284768211921	0.6282223170333856
4	0	Average Rating	0.8811754966887417	0.8446253695747691	0.659635761589404	0.6244541227318054
4	0	Normalized kNN (full)	0.8811754966887417	0.8143317815624092	0.6379966887417219	0.6055609358397346
4	0	kNN (full/test)	0.8811754966887417	0.8397986997707654	0.6550993377483444	0.619383690254024
4	0	iMF (test)	0.8811754966887417	0.8678226230999506	0.6786920529801325	0.633764089191957
5	0	Random	0.8861589403973509	0.6930375990290365	0.5506953642384106	0.566767345053454
5	0	iMF (full)	0.8861589403973509	0.8404818794753658	0.6613907284768212	0.6190311412839541
5	0	Popularity	0.8861589403973509	0.7928074032549186	0.6258774834437086	0.6033016298561613
5	0	Normalized kNN (test)	0.8861589403973509	0.8562035121323943	0.6721357615894039	0.6296519808160451
5	0	Average Rating	0.8861589403973509	0.8471742656482765	0.6661754966887417	0.6262326884197961
5	0	Normalized kNN (full)	0.8861589403973509	0.8151326789569685	0.6446026490066226	0.6060028025429772
5	0	kNN (full/test)	0.8861589403973509	0.8402927541332931	0.6606622516556292	0.6200013835845127
5	0	iMF (test)	0.8861589403973509	0.8694988560372572	0.6845364238410596	0.6343730201413721
1	1	Random	0.9170695364238411	0.6607808716953683	0.5344701986754966	0.549847826633561
1	1	iMF (full)	0.9170695364238411	0.8392358126349936	0.6624503311258277	0.619282874758533
1	1	Popularity	0.9170695364238411	0.7915327855103728	0.6250165562913907	0.6005606679932355
1	1	Normalized kNN (test)	0.9170695364238411	0.8469788730188964	0.6689072847682119	0.6260482964399829
1	1	Average Rating	0.9170695364238411	0.8348907819545293	0.6608774834437086	0.6212240094350726
1	1	Normalized kNN (full)	0.9170695364238411	0.8051518078442866	0.6390397350993378	0.598591297865261
1	1	kNN (full/test)	0.9170695364238411	0.8395769617591573	0.6611092715231788	0.6197854611254192
1	1	iMF (test)	0.9170695364238411	0.8670999707331453	0.6858443708609272	0.634216312197126
2	1	Random	0.9145033112582782	0.6605512426909304	0.5335430463576158	0.5506271907295306
2	1	iMF (full)	0.9145033112582782	0.8355965299963063	0.6577814569536424	0.6170378923234755
2	1	Popularity	0.9145033112582782	0.7872052930083157	0.6206953642384105	0.6002748400794723
2	1	Normalized kNN (test)	0.9145033112582782	0.841712227103192	0.6645198675496689	0.6248446919185612
2	1	Average Rating	0.9145033112582782	0.8285408881302687	0.6566390728476821	0.6194114892599062
2	1	Normalized kNN (full)	0.9145033112582782	0.7993941355595183	0.6327317880794702	0.5957784207682083
2	1	kNN (full/test)	0.9145033112582782	0.8353897603084155	0.6575993377483443	0.6187963371764386
2	1	iMF (test)	0.9145033112582782	0.8644120766804868	0.6811754966887418	0.6330964961017255
3	1	Random	0.913543046357616	0.65798311757048	0.5307781456953643	0.5510088624864522
3	1	iMF (full)	0.913543046357616	0.8345459520137524	0.6535596026490066	0.6158023365339694
3	1	Popularity	0.913543046357616	0.7886522339363085	0.6197682119205298	0.5997665775284309
3	1	Normalized kNN (test)	0.913543046357616	0.8442372118830672	0.6637748344370861	0.6242940588612642
3	1	Average Rating	0.913543046357616	0.8304306984639819	0.6557947019867549	0.6193707373734793
3	1	Normalized kNN (full)	0.913543046357616	0.8015908013814665	0.6316721854304636	0.5952080761856801
3	1	kNN (full/test)	0.913543046357616	0.8367561427738015	0.6553311258278145	0.6172055687441419
3	1	iMF (test)	0.913543046357616	0.864976211483497	0.6796026490066226	0.6314882521082358
4	1	Random	0.9086754966887417	0.6591266454529867	0.5268211920529802	0.5489772712932959
4	1	iMF (full)	0.9086754966887417	0.8354972331662873	0.6527649006622517	0.6160020428682981
4	1	Popularity	0.9086754966887417	0.7853045638415858	0.6147847682119205	0.5969723543381089
4	1	Normalized kNN (test)	0.9086754966887417	0.8421089503164718	0.6595860927152318	0.6228261042154529
4	1	Average Rating	0.9086754966887417	0.8273639433274987	0.6507284768211921	0.6168131470124475
4	1	Normalized kNN (full)	0.9086754966887417	0.8011410877021563	0.6306622516556291	0.5968188555214347
4	1	kNN (full/test)	0.9086754966887417	0.8373573565496919	0.653658940397351	0.617568117301449
4	1	iMF (test)	0.9086754966887417	0.8635255136192554	0.6758278145695364	0.6310853932069043
5	1	Random	0.9137251655629138	0.6605906255824355	0.5332615894039735	0.5508340357122657
5	1	iMF (full)	0.9137251655629138	0.8365886119860937	0.6584271523178808	0.6160497879106819
5	1	Popularity	0.9137251655629138	0.7864869035494281	0.6222516556291391	0.5990276952326604
5	1	Normalized kNN (test)	0.9137251655629138	0.8447073140272219	0.6660264900662252	0.6244479745549306
5	1	Average Rating	0.9137251655629138	0.8306468466931011	0.6574337748344371	0.6188903249147683
5	1	Normalized kNN (full)	0.9137251655629138	0.8037300130991769	0.6380298013245033	0.5983517537268108
5	1	kNN (full/test)	0.9137251655629138	0.8374999700417107	0.6587913907284768	0.6179288947963136
5	1	iMF (test)	0.9137251655629138	0.8658888012979535	0.683228476821192	0.6330307529830784
1	2	Random	0.940860927152318	0.6321698050465718	0.5170033112582781	0.5329374633422506
1	2	iMF (full)	0.940860927152318	0.8360034556737642	0.6608443708609272	0.61724901238763
1	2	Popularity	0.940860927152318	0.7861577179671033	0.6213907284768212	0.5968015026157146
1	2	Normalized kNN (test)	0.940860927152318	0.8362611604604243	0.662317880794702	0.6205047915448535
1	2	Average Rating	0.940860927152318	0.818958977860901	0.6515397350993378	0.6135350343595443
1	2	Normalized kNN (full)	0.940860927152318	0.7952013666290805	0.6326655629139073	0.5906424352773789
1	2	kNN (full/test)	0.940860927152318	0.8367482260895833	0.6592218543046358	0.6178015623368835
1	2	iMF (test)	0.940860927152318	0.8642056949115217	0.6835264900662251	0.6322972179338595
2	2	Random	0.9383940397350993	0.6315424446785773	0.5145364238410597	0.5326974093420995
2	2	iMF (full)	0.9383940397350993	0.831786783949984	0.6545695364238411	0.6139706475304204
2	2	Popularity	0.9383940397350993	0.7816269913136824	0.6169867549668874	0.5958745773825269
2	2	Normalized kNN (test)	0.9383940397350993	0.8302258807464222	0.6582119205298013	0.6185196356090573
2	2	Average Rating	0.9383940397350993	0.8125150237188717	0.6476655629139073	0.6107043358317183
2	2	Normalized kNN (full)	0.9383940397350993	0.788769163301795	0.6256291390728477	0.5870833207284676
2	2	kNN (full/test)	0.9383940397350993	0.8326643037314357	0.6558774834437087	0.6167017583964586
2	2	iMF (test)	0.9383940397350993	0.8588007564156723	0.6782450331125829	0.6303072354147031
3	2	Random	0.9377152317880795	0.6252694221369333	0.5105960264900662	0.5313237700585329
3	2	iMF (full)	0.9377152317880795	0.8320023723990495	0.652069536423841	0.6135518988065481
3	2	Popularity	0.9377152317880795	0.7823046681553724	0.6155960264900662	0.5948953295805376
3	2	Normalized kNN (test)	0.9377152317880795	0.8316237995928314	0.6570364238410596	0.6183151419183243
3	2	Average Rating	0.9377152317880795	0.813430107545499	0.6466721854304636	0.6112842700365878
3	2	Normalized kNN (full)	0.9377152317880795	0.7903182207165433	0.6249668874172186	0.5866812301132229
3	2	kNN (full/test)	0.9377152317880795	0.834217440361357	0.6535761589403973	0.6151341372199329
3	2	iMF (test)	0.9377152317880795	0.8602411137862408	0.6774834437086092	0.6295871839606688
4	2	Random	0.9329470198675497	0.6301430319283295	0.5111092715231788	0.5335703378568228
4	2	iMF (full)	0.9329470198675497	0.8328920830555279	0.6516556291390728	0.6143316775994494
4	2	Popularity	0.9329470198675497	0.7794171601003815	0.6109105960264901	0.5927465163868422
4	2	Normalized kNN (test)	0.9329470198675497	0.8297329320651613	0.6528145695364238	0.6165668719017222
4	2	Average Rating	0.9329470198675497	0.8112277688542552	0.6419205298013245	0.6086707276757037
4	2	Normalized kNN (full)	0.9329470198675497	0.7892781153506581	0.6228476821192053	0.587524525198904
4	2	kNN (full/test)	0.9329470198675497	0.8341139264904529	0.6514569536423841	0.6155190517031623
4	2	iMF (test)	0.9329470198675497	0.8607947538967592	0.6754801324503311	0.6303564591395601
5	2	Random	0.9374668874172186	0.6277050371803793	0.5152483443708609	0.5322772286808939
5	2	iMF (full)	0.9374668874172186	0.835678057161217	0.6580794701986755	0.6144782079945356
5	2	Popularity	0.9374668874172186	0.780391397656685	0.6184602649006623	0.5953454685005849
5	2	Normalized kNN (test)	0.9374668874172186	0.8341329064031261	0.659635761589404	0.6182043822952102
5	2	Average Rating	0.9374668874172186	0.8151645735475683	0.6485761589403973	0.6106665025213988
5	2	Normalized kNN (full)	0.9374668874172186	0.7910762391986315	0.6299668874172185	0.5879631976887792
5	2	kNN (full/test)	0.9374668874172186	0.834662594843516	0.6568211920529801	0.6154915774890687
5	2	iMF (test)	0.9374668874172186	0.8615892413526115	0.6796026490066226	0.62915050841655
1	5	Random	0.9868046357615894	0.5509136308593806	0.4648344370860927	0.47317244081395454
1	5	iMF (full)	0.9868046357615894	0.8283185659382576	0.6545860927152317	0.6071723476609127
1	5	Popularity	0.9868046357615894	0.7694546264093293	0.6110927152317881	0.5842590495614044
1	5	Normalized kNN (test)	0.9868046357615894	0.8067528998597849	0.6443543046357616	0.6030415277839056
1	5	Average Rating	0.9868046357615894	0.7776966995533398	0.6258609271523179	0.5873546715149583
1	5	Normalized kNN (full)	0.9868046357615894	0.7642612139870819	0.6090562913907285	0.555814436738571
1	5	kNN (full/test)	0.9868046357615894	0.8302195739144388	0.6543543046357616	0.6112889528650167
1	5	iMF (test)	0.9868046357615894	0.854364266517107	0.6775165562913907	0.6245366647037919
2	5	Random	0.9859437086092716	0.5522557229432419	0.46147350993377484	0.4714237933951403
2	5	iMF (full)	0.9859437086092716	0.8258719329642803	0.650182119205298	0.6063003183986883
2	5	Popularity	0.9859437086092716	0.7651564001918723	0.6065894039735099	0.5836391655857746
2	5	Normalized kNN (test)	0.9859437086092716	0.7989212949485511	0.6395860927152318	0.5997035397004219
2	5	Average Rating	0.9859437086092716	0.7677062219560784	0.6204470198675497	0.583970580126833
2	5	Normalized kNN (full)	0.9859437086092716	0.7591845740828372	0.6044205298013244	0.5551114720712242
2	5	kNN (full/test)	0.9859437086092716	0.8252137056244022	0.6502814569536424	0.6096292648500155
2	5	iMF (test)	0.9859437086092716	0.8472841096786261	0.6715066225165564	0.6234024157099826
3	5	Random	0.9856953642384106	0.552633909634665	0.461705298013245	0.47336628804159014
3	5	iMF (full)	0.9856953642384106	0.8236449311558304	0.6457947019867549	0.604148946599015
3	5	Popularity	0.9856953642384106	0.7664790351627869	0.6046854304635761	0.5821929661135821
3	5	Normalized kNN (test)	0.9856953642384106	0.8021162583261535	0.6374172185430463	0.5987398676644722
3	5	Average Rating	0.9856953642384106	0.7718463951671476	0.6205132450331126	0.5851902587365558
3	5	Normalized kNN (full)	0.9856953642384106	0.7587990018068997	0.6018708609271524	0.5523991322342097
3	5	kNN (full/test)	0.9856953642384106	0.8265150501095662	0.647798013245033	0.60765693945021
3	5	iMF (test)	0.9856953642384106	0.8487506356238769	0.6700331125827814	0.6213508424765014
4	5	Random	0.9831953642384106	0.5496823472472143	0.4588741721854305	0.4723929496851067
4	5	iMF (full)	0.9831953642384106	0.8262394195055024	0.6465562913907285	0.6065754521790837
4	5	Popularity	0.9831953642384106	0.7635224270552422	0.6000496688741722	0.5799403372678711
4	5	Normalized kNN (test)	0.9831953642384106	0.7993797301598794	0.6334602649006622	0.5976893785060494
4	5	Average Rating	0.9831953642384106	0.7693305695918327	0.6152814569536424	0.5825719844289954
4	5	Normalized kNN (full)	0.9831953642384106	0.7596095724238164	0.6007119205298014	0.554484133076727
4	5	kNN (full/test)	0.9831953642384106	0.8270999514785616	0.6466225165562913	0.6092328563330198
4	5	iMF (test)	0.9831953642384106	0.8482122341466255	0.6671026490066225	0.6212200978263677
5	5	Random	0.985546357615894	0.551993739242219	0.4622185430463576	0.47295656426285704
5	5	iMF (full)	0.985546357615894	0.8274248998261509	0.6524503311258278	0.6067543036474712
5	5	Popularity	0.985546357615894	0.7635409982079361	0.6065562913907284	0.5808038070208713
5	5	Normalized kNN (test)	0.985546357615894	0.803029632904106	0.6399172185430464	0.5989019505532968
5	5	Average Rating	0.985546357615894	0.7711831545715644	0.6217384105960265	0.5844376153311628
5	5	Normalized kNN (full)	0.985546357615894	0.7602033246898552	0.6077317880794701	0.5553418543490339
5	5	kNN (full/test)	0.985546357615894	0.8266515548734678	0.651158940397351	0.6082663813992614
5	5	iMF (test)	0.985546357615894	0.8526519337393483	0.6745695364238411	0.6236819578718757
1	10	Random	0.9999834437086093	0.4533695931717055	0.3922185430463576	0.36742994176232174
1	10	iMF (full)	0.9999834437086093	0.8187481369131441	0.6478973509933775	0.59450443683837
1	10	Popularity	0.9999834437086093	0.7449453116757304	0.5938907284768212	0.5602620124175184
1	10	Normalized kNN (test)	0.9999834437086093	0.7618995585953213	0.6126986754966887	0.5681538879240837
1	10	Average Rating	0.9999834437086093	0.7160381382623728	0.583658940397351	0.5393052176495808
1	10	Normalized kNN (full)	0.9999834437086093	0.7244066446992229	0.5782450331125828	0.49854857389834034
1	10	kNN (full/test)	0.9999834437086093	0.818261835611849	0.6450827814569536	0.5978102557997653
1	10	iMF (test)	0.9999834437086093	0.8368159925657982	0.6655463576158941	0.6117184560227582
2	10	Random	1.0	0.4520674484723105	0.38933774834437085	0.36709878752837805
2	10	iMF (full)	1.0	0.8159120917359692	0.6434437086092716	0.5933285021480842
2	10	Popularity	1.0	0.7412626055658527	0.589453642384106	0.5597996720720801
2	10	Normalized kNN (test)	1.0	0.7526113308337818	0.6075331125827814	0.5632791577296054
2	10	Average Rating	1.0	0.7083738009870093	0.5799172185430463	0.5358666333345481
2	10	Normalized kNN (full)	1.0	0.7186093713330884	0.5741887417218543	0.49583055365399
2	10	kNN (full/test)	1.0	0.8133755171732138	0.6417218543046358	0.5967585497679666
2	10	iMF (test)	1.0	0.8307626435928027	0.659933774834437	0.6088433560028824
3	10	Random	1.0	0.45286731407722364	0.38918874172185425	0.36622354592876516
3	10	iMF (full)	1.0	0.814309283033124	0.6396688741721854	0.5923185062059003
3	10	Popularity	1.0	0.7429735510886895	0.5894205298013245	0.5603770057228107
3	10	Normalized kNN (test)	1.0	0.757726021281986	0.6083609271523179	0.5653509148456054
3	10	Average Rating	1.0	0.7117281095165666	0.5797019867549669	0.5381720290139418
3	10	Normalized kNN (full)	1.0	0.7186439534023166	0.5719205298013246	0.49454647376009614
3	10	kNN (full/test)	1.0	0.8157732813999503	0.6404635761589405	0.5963619113314701
3	10	iMF (test)	1.0	0.8318386445707138	0.6596854304635762	0.6089579305284895
4	10	Random	1.0	0.44990105751672727	0.38682119205298016	0.36841130851937837
4	10	iMF (full)	1.0	0.8155121254738319	0.6395529801324503	0.5933408353935746
4	10	Popularity	1.0	0.7395457500364635	0.5844370860927153	0.5587149823639492
4	10	Normalized kNN (test)	1.0	0.7529647158462388	0.6035430463576159	0.5637470917899816
4	10	Average Rating	1.0	0.7075147234355265	0.5756125827814569	0.5361034240576358
4	10	Normalized kNN (full)	1.0	0.7183807426981541	0.5708278145695365	0.49695817732783637
4	10	kNN (full/test)	1.0	0.8151919215784957	0.6385430463576159	0.5974100852230639
4	10	iMF (test)	1.0	0.8303747569003069	0.6564735099337748	0.6084186081076111
5	10	Random	1.0	0.44849886041775333	0.3867715231788079	0.36537192399894913
5	10	iMF (full)	1.0	0.8174988768221383	0.6452814569536424	0.5931527084420243
5	10	Popularity	1.0	0.739446512459357	0.5896688741721854	0.5580942937593013
5	10	Normalized kNN (test)	1.0	0.7599927611421876	0.6121523178807947	0.5669120712691154
5	10	Average Rating	1.0	0.7142842347964402	0.5836920529801325	0.5392297107446921
5	10	Normalized kNN (full)	1.0	0.7196645963545394	0.5769039735099337	0.49554220136585286
5	10	kNN (full/test)	1.0	0.8159977241642041	0.6436092715231788	0.5968160560727636
5	10	iMF (test)	1.0	0.8326815101861527	0.6617384105960266	0.6084897029111033
1	20	Random	1.0	0.3439574691102892	0.304453642384106	0.25391817919307086
1	20	iMF (full)	1.0	0.8049857738351345	0.6384602649006623	0.5796234782117683
1	20	Popularity	1.0	0.7057052339655069	0.565860927152318	0.5203203161511651
1	20	Normalized kNN (test)	1.0	0.6903511499292571	0.562069536423841	0.5029134867120818
1	20	Average Rating	1.0	0.6259995684141909	0.5203807947019867	0.45826061229759485
1	20	Normalized kNN (full)	1.0	0.6855650970268296	0.5478476821192053	0.4428155941011679
1	20	kNN (full/test)	1.0	0.8008725611962505	0.6322185430463576	0.5804367943623165
1	20	iMF (test)	1.0	0.8061305906302034	0.644205298013245	0.5864195557887852
2	20	Random	1.0	0.3418000182176363	0.3021688741721854	0.25158580221657945
2	20	iMF (full)	1.0	0.8009057544317938	0.6332119205298014	0.5775020591427179
2	20	Popularity	1.0	0.7038543538019667	0.5625827814569536	0.5206271158005115
2	20	Normalized kNN (test)	1.0	0.6836710464127166	0.5576986754966887	0.4990340571266904
2	20	Average Rating	1.0	0.61889448609584	0.5166225165562914	0.4560337077064745
2	20	Normalized kNN (full)	1.0	0.6820276107921623	0.5448841059602649	0.4444928132066121
2	20	kNN (full/test)	1.0	0.796058504316686	0.6289735099337749	0.5786825507535842
2	20	iMF (test)	1.0	0.799504177072253	0.6400993377483444	0.5858529144726617
3	20	Random	1.0	0.34345531724117506	0.30399006622516556	0.2536531789579053
3	20	iMF (full)	1.0	0.8004707286004621	0.6292880794701987	0.5775507791079838
3	20	Popularity	1.0	0.7021945416309634	0.5604304635761589	0.5185977909340942
3	20	Normalized kNN (test)	1.0	0.6845299220844813	0.5571523178807947	0.49966497069784493
3	20	Average Rating	1.0	0.6205632342750675	0.5146192052980133	0.4583527854757387
3	20	Normalized kNN (full)	1.0	0.680212798239494	0.5414735099337749	0.43828095804659334
3	20	kNN (full/test)	1.0	0.7963745383561498	0.6261258278145696	0.5768635016695035
3	20	iMF (test)	1.0	0.8014093533673293	0.6383112582781457	0.5829328158917073
4	20	Random	1.0	0.3402829637923497	0.3002980132450331	0.25337999925745924
4	20	iMF (full)	1.0	0.8024281082542465	0.630728476821192	0.5796505345931623
4	20	Popularity	1.0	0.7002347611003977	0.5571357615894039	0.5177823008901891
4	20	Normalized kNN (test)	1.0	0.6849052210232545	0.5560099337748344	0.5033070528020894
4	20	Average Rating	1.0	0.6207897851914462	0.5122350993377484	0.45469313955173535
4	20	Normalized kNN (full)	1.0	0.6804752572322957	0.5414900662251656	0.44236627545913254
4	20	kNN (full/test)	1.0	0.7979511068189078	0.6260596026490066	0.5807045704265937
4	20	iMF (test)	1.0	0.7996622716125471	0.6354801324503312	0.584714889368076
5	20	Random	1.0	0.34004010526356493	0.30206953642384105	0.24855293469078993
5	20	iMF (full)	1.0	0.802716784886746	0.6354139072847682	0.5794605269502461
5	20	Popularity	1.0	0.7011489369198536	0.56341059602649	0.5196236655360802
5	20	Normalized kNN (test)	1.0	0.6901879614124956	0.561771523178808	0.5032572159297001
5	20	Average Rating	1.0	0.6214703141627407	0.5167218543046358	0.4549009335754166
5	20	Normalized kNN (full)	1.0	0.6818749883678502	0.5473509933774835	0.44112250144523485
5	20	kNN (full/test)	1.0	0.7979030015451993	0.6305132450331126	0.5792607925005282
5	20	iMF (test)	1.0	0.8031602296118134	0.6421688741721854	0.5848394975897638
1	50	Random	1.0	0.20881299199657455	0.19190397350993377	0.13562428083270844
1	50	iMF (full)	1.0	0.7764594185392524	0.6173841059602649	0.5524022715290481
1	50	Popularity	1.0	0.6358715957330917	0.5143211920529801	0.4483595017988169
1	50	Normalized kNN (test)	1.0	0.5676622952058887	0.4684602649006622	0.3886856333021177
1	50	Average Rating	1.0	0.48195140625953126	0.40852649006622516	0.3336150922902982
1	50	Normalized kNN (full)	1.0	0.6434776640759498	0.5143874172185431	0.39743105011029045
1	50	kNN (full/test)	1.0	0.7644054815119766	0.6047019867549669	0.5448782322052359
1	50	iMF (test)	1.0	0.7373300126477764	0.5960761589403973	0.5298761491575075
2	50	Random	1.0	0.21243801403860313	0.1923841059602649	0.13897488276347741
2	50	iMF (full)	1.0	0.7744444739723156	0.6144039735099338	0.5508847697322853
2	50	Popularity	1.0	0.629163333803382	0.5078476821192053	0.44561193482718636
2	50	Normalized kNN (test)	1.0	0.5590871696227406	0.4622847682119205	0.38317520433839486
2	50	Average Rating	1.0	0.473781848921887	0.40486754966887417	0.3292166196062589
2	50	Normalized kNN (full)	1.0	0.6349736105113716	0.5075165562913907	0.39253133913830174
2	50	kNN (full/test)	1.0	0.7577205059514601	0.5992384105960266	0.5393845157993317
2	50	iMF (test)	1.0	0.733374392527583	0.5934933774834437	0.5304227345994711
3	50	Random	1.0	0.21158209909297632	0.19413907284768211	0.13646103488855596
3	50	iMF (full)	1.0	0.7699545079480262	0.6087913907284768	0.5476322048712652
3	50	Popularity	1.0	0.630509592949437	0.508658940397351	0.4449960833372515
3	50	Normalized kNN (test)	1.0	0.561688846235198	0.4644867549668874	0.38724092970282825
3	50	Average Rating	1.0	0.4731659997781304	0.40397350993377484	0.32791455361393235
3	50	Normalized kNN (full)	1.0	0.6366347119298416	0.507135761589404	0.3920433863617555
3	50	kNN (full/test)	1.0	0.7591177735849994	0.5986092715231788	0.5394852752853967
3	50	iMF (test)	1.0	0.7291253858080506	0.5880132450331126	0.5253522201151194
4	50	Random	1.0	0.2088192938351824	0.19157284768211919	0.13386941963732332
4	50	iMF (full)	1.0	0.7743327459853124	0.6103807947019867	0.5520362310687963
4	50	Popularity	1.0	0.6284845872059523	0.5050662251655629	0.44490783170976755
4	50	Normalized kNN (test)	1.0	0.5572590063181933	0.45938741721854304	0.3837267275837807
4	50	Average Rating	1.0	0.4800274041337777	0.404569536423841	0.329945952159236
4	50	Normalized kNN (full)	1.0	0.6343548493058552	0.5051655629139072	0.39210374322574604
4	50	kNN (full/test)	1.0	0.761266088666859	0.5991556291390728	0.5437630029961029
4	50	iMF (test)	1.0	0.7317431218549294	0.5897682119205298	0.530240696987445
5	50	Random	1.0	0.21350080266755125	0.19584437086092718	0.1400031866789888
5	50	iMF (full)	1.0	0.7749220046605936	0.6151158940397351	0.5507707658953548
5	50	Popularity	1.0	0.6289006545643249	0.5087086092715232	0.44178734024717653
5	50	Normalized kNN (test)	1.0	0.5686660375945363	0.4699006622516556	0.39065971361467916
5	50	Average Rating	1.0	0.47655340949687136	0.4064403973509934	0.33125699023668087
5	50	Normalized kNN (full)	1.0	0.6386827083057546	0.5128807947019868	0.3940723415973443
5	50	kNN (full/test)	1.0	0.7599992941967391	0.6029635761589404	0.5408124142701374
5	50	iMF (test)	1.0	0.7345225567171646	0.5930794701986755	0.5267174133957728
1	100	Random	1.0	0.13408544503958728	0.12408940397350994	0.07936844403396608
1	100	iMF (full)	1.0	0.7443658064071577	0.591953642384106	0.5209923562538946
1	100	Popularity	1.0	0.565447297413236	0.4611423841059603	0.37937221113815744
1	100	Normalized kNN (test)	1.0	0.46290546028296414	0.3866887417218543	0.30306203609668325
1	100	Average Rating	1.0	0.3694446826110503	0.32125827814569535	0.24554591861298047
1	100	Normalized kNN (full)	1.0	0.6043523097257031	0.4833443708609272	0.3713901126720472
1	100	kNN (full/test)	1.0	0.721195265811919	0.5712251655629139	0.5050179037590601
1	100	iMF (test)	1.0	0.6624099282063305	0.5405298013245033	0.4686291930643125
2	100	Random	1.0	0.13700129379430367	0.12667218543046357	0.08116067064844458
2	100	iMF (full)	1.0	0.7378325086253685	0.5868874172185431	0.5165852907304478
2	100	Popularity	1.0	0.5623818959536364	0.45769867549668874	0.38103075363649475
2	100	Normalized kNN (test)	1.0	0.45360481392180846	0.3810596026490066	0.2937220332325066
2	100	Average Rating	1.0	0.3580834373174276	0.3134105960264901	0.23940541283077818
2	100	Normalized kNN (full)	1.0	0.5991597738595991	0.47960264900662253	0.3681102518314354
2	100	kNN (full/test)	1.0	0.7144291652191609	0.567317880794702	0.49926518160220246
2	100	iMF (test)	1.0	0.6546460182310196	0.5348841059602649	0.46512028096069985
3	100	Random	1.0	0.138399816781223	0.12922185430463576	0.08204936114867048
3	100	iMF (full)	1.0	0.7368118798760547	0.5841225165562913	0.5158516540544478
3	100	Popularity	1.0	0.5624496818139416	0.45637417218543047	0.37843174883975067
3	100	Normalized kNN (test)	1.0	0.45681934430939153	0.38387417218543046	0.29829796088150096
3	100	Average Rating	1.0	0.35984336997875715	0.3148841059602649	0.24003199918968884
3	100	Normalized kNN (full)	1.0	0.597689573761931	0.47710264900662247	0.36408406823160144
3	100	kNN (full/test)	1.0	0.7155645605532847	0.5658774834437086	0.49869709773898235
3	100	iMF (test)	1.0	0.6566910531190503	0.534635761589404	0.4653696289168214
4	100	Random	1.0	0.1371116171892543	0.12600993377483444	0.08013671910404688
4	100	iMF (full)	1.0	0.740103059197334	0.5856622516556291	0.5202104126391586
4	100	Popularity	1.0	0.5589720962296161	0.45264900662251656	0.37723713661380115
4	100	Normalized kNN (test)	1.0	0.4546456453652909	0.3779304635761589	0.2943578812179717
4	100	Average Rating	1.0	0.36904175078486645	0.3169701986754967	0.2426129459101764
4	100	Normalized kNN (full)	1.0	0.5969013878795982	0.47668874172185427	0.3648478616616119
4	100	kNN (full/test)	1.0	0.7163320864627422	0.5645364238410596	0.5004153413034571
4	100	iMF (test)	1.0	0.6523117017050719	0.5318211920529801	0.46372146347050663
5	100	Random	1.0	0.13507048888045053	0.12599337748344372	0.08025207189699778
5	100	iMF (full)	1.0	0.7413024149265812	0.59	0.5167006376197247
5	100	Popularity	1.0	0.5609422867307767	0.45639072847682116	0.37657207272285315
5	100	Normalized kNN (test)	1.0	0.46346081363134123	0.3896854304635761	0.3035779772757749
5	100	Average Rating	1.0	0.3600438090546096	0.3139735099337749	0.24093694496771811
5	100	Normalized kNN (full)	1.0	0.6002823544014471	0.4822516556291391	0.36588927909601
5	100	kNN (full/test)	1.0	0.7186000032782035	0.570728476821192	0.5016080428202483
5	100	iMF (test)	1.0	0.6576256500527087	0.5381291390728478	0.46442441198177736
1	200	Random	1.0	0.08237694874877409	0.07662251655629139	0.044973982650258114
1	200	iMF (full)	1.0	0.6989084333898072	0.5576324503311259	0.4790308175128347
1	200	Popularity	1.0	0.48776219589062214	0.40125827814569537	0.3126107339261984
1	200	Normalized kNN (test)	1.0	0.3557361872619146	0.302864238410596	0.22349484262092664
1	200	Average Rating	1.0	0.25581501757059566	0.2255794701986755	0.165404240223902
1	200	Normalized kNN (full)	1.0	0.5514767990419754	0.44134105960264897	0.34331541547163835
1	200	kNN (full/test)	1.0	0.6641368030756652	0.5270860927152318	0.45382629760414767
1	200	iMF (test)	1.0	0.5598778898121458	0.46412251655629144	0.38917343075776933
2	200	Random	1.0	0.08028041512144776	0.0753973509933775	0.0433586866791743
2	200	iMF (full)	1.0	0.6935617022318995	0.5526490066225166	0.4759881320039606
2	200	Popularity	1.0	0.4852898840877533	0.39779801324503306	0.3123802209941091
2	200	Normalized kNN (test)	1.0	0.3501048938950283	0.3005298013245033	0.22084116760486283
2	200	Average Rating	1.0	0.2457495780701662	0.22008278145695365	0.16135754369042887
2	200	Normalized kNN (full)	1.0	0.5482206978364739	0.44006622516556293	0.3408729761978883
2	200	kNN (full/test)	1.0	0.6594093934521892	0.5242384105960265	0.44844252232778975
2	200	iMF (test)	1.0	0.5591156026493276	0.46233443708609273	0.38942308251795205
3	200	Random	1.0	0.08217340907550881	0.0772019867549669	0.04443604018518614
3	200	iMF (full)	1.0	0.6901741309458627	0.5486754966887417	0.4737119702557508
3	200	Popularity	1.0	0.48438520391875395	0.3968543046357616	0.30994822211485257
3	200	Normalized kNN (test)	1.0	0.35175217719741064	0.30137417218543044	0.22036940183084588
3	200	Average Rating	1.0	0.2494461711509686	0.22172185430463576	0.1623361922233798
3	200	Normalized kNN (full)	1.0	0.5475602316831519	0.4392218543046358	0.33856912949431056
3	200	kNN (full/test)	1.0	0.6600528279097755	0.5235264900662252	0.4491267005713715
3	200	iMF (test)	1.0	0.5575446221414345	0.4605298013245033	0.3871025086711126
4	200	Random	1.0	0.08159530684159329	0.07692052980132451	0.044744574555608735
4	200	iMF (full)	1.0	0.6930376397829832	0.5504139072847682	0.4787654093238036
4	200	Popularity	1.0	0.4824059305363139	0.3952980132450331	0.31119648968415276
4	200	Normalized kNN (test)	1.0	0.351245021841329	0.29750000000000004	0.21837027424646618
4	200	Average Rating	1.0	0.26226012107011604	0.2272019867549669	0.1655598982990329
4	200	Normalized kNN (full)	1.0	0.5448089663814161	0.43615894039735104	0.33594177813751847
4	200	kNN (full/test)	1.0	0.6576259202747848	0.5207947019867549	0.4487807654041124
4	200	iMF (test)	1.0	0.5562332309190099	0.4579139072847682	0.38596033965284016
5	200	Random	1.0	0.08294377791981908	0.07716887417218543	0.044769501451757246
5	200	iMF (full)	1.0	0.6924553028156617	0.5526655629139072	0.4736271144592798
5	200	Popularity	1.0	0.4871410073314096	0.40110927152317877	0.3142929450327325
5	200	Normalized kNN (test)	1.0	0.3615575175040384	0.3078476821192053	0.2260739355026247
5	200	Average Rating	1.0	0.24834791655240282	0.21849337748344372	0.16029138213208025
5	200	Normalized kNN (full)	1.0	0.5479482033404715	0.44281456953642384	0.33929982052972474
5	200	kNN (full/test)	1.0	0.661329773275848	0.526407284768212	0.4493192848089591
5	200	iMF (test)	1.0	0.5579092002819817	0.46279801324503317	0.3868283390526399
1	500	Random	1.0	0.038118450811700635	0.03556291390728477	0.01993029595122982
1	500	iMF (full)	1.0	0.6133926994866991	0.49188741721854307	0.40811368828371214
1	500	Popularity	1.0	0.37990734010418026	0.31748344370860926	0.23006597536048454
1	500	Normalized kNN (test)	1.0	0.22854432977332909	0.20278145695364239	0.14204651719633862
1	500	Average Rating	1.0	0.1418654261823083	0.12995033112582782	0.08765468925516504
1	500	Normalized kNN (full)	1.0	0.4509691458377014	0.36455298013245035	0.2973764831811283
1	500	kNN (full/test)	1.0	0.5665396984587143	0.4499668874172186	0.3724427551433918
1	500	iMF (test)	1.0	0.41018717293920276	0.34579470198675494	0.27516653085438764
2	500	Random	1.0	0.03813183947730468	0.035447019867549674	0.019446292973644502
2	500	iMF (full)	1.0	0.6070102125977708	0.4882781456953642	0.40440891593277817
2	500	Popularity	1.0	0.3774372902727645	0.31428807947019866	0.22679971324072654
2	500	Normalized kNN (test)	1.0	0.2200536032891077	0.19683774834437087	0.13371909993627148
2	500	Average Rating	1.0	0.13016201152516826	0.12059602649006622	0.08069615269699582
2	500	Normalized kNN (full)	1.0	0.44562207065480514	0.36172185430463577	0.29285297151073
2	500	kNN (full/test)	1.0	0.562830276887733	0.44713576158940394	0.3681296720007345
2	500	iMF (test)	1.0	0.40402853959464563	0.33995033112582784	0.27155416264809384
3	500	Random	1.0	0.03809132756033566	0.036721854304635766	0.019986641822922084
3	500	iMF (full)	1.0	0.6041743064315941	0.48408940397350997	0.4025678257728638
3	500	Popularity	1.0	0.3792061318355439	0.31533112582781453	0.22782245563376147
3	500	Normalized kNN (test)	1.0	0.22021478271384956	0.19758278145695365	0.13704127057347618
3	500	Average Rating	1.0	0.13252635005334662	0.12314569536423842	0.08296838363885857
3	500	Normalized kNN (full)	1.0	0.44623820988364926	0.36147350993377486	0.291276653498368
3	500	kNN (full/test)	1.0	0.562254171765746	0.4474172185430464	0.3683777616496605
3	500	iMF (test)	1.0	0.40748527590328726	0.3437417218543046	0.27095392588305167
4	500	Random	1.0	0.0371411644590941	0.03543046357615894	0.018521827228954908
4	500	iMF (full)	1.0	0.6080281762694251	0.48624172185430464	0.4048723257891543
4	500	Popularity	1.0	0.3760845538857519	0.3123344370860927	0.2280219098910306
4	500	Normalized kNN (test)	1.0	0.2243741931103255	0.19817880794701986	0.13691894801264434
4	500	Average Rating	1.0	0.1456041832982481	0.12829470198675497	0.08559182757666411
4	500	Normalized kNN (full)	1.0	0.445109531963008	0.3601158940397351	0.29101878985260987
4	500	kNN (full/test)	1.0	0.5591160422176068	0.44408940397351	0.3661286124435531
4	500	iMF (test)	1.0	0.40545757398645765	0.34114238410596026	0.2721225417517139
5	500	Random	1.0	0.03800078755371848	0.03589403973509934	0.0190406151754423
5	500	iMF (full)	1.0	0.6086153936456707	0.48804635761589404	0.4001485519610655
5	500	Popularity	1.0	0.3807135295121669	0.31759933774834437	0.23302186223960894
5	500	Normalized kNN (test)	1.0	0.2333795284700228	0.20635761589403975	0.14157933164788108
5	500	Average Rating	1.0	0.13439154966889366	0.11948675496688742	0.08068831706614861
5	500	Normalized kNN (full)	1.0	0.445923717590347	0.3642549668874172	0.29277029819187134
5	500	kNN (full/test)	1.0	0.5653190627582472	0.4498509933774834	0.36917501294003097
5	500	iMF (test)	1.0	0.4046704378812601	0.34268211920529806	0.2691653813723186
1	1000	Random	1.0	0.020433646804634865	0.019552980132450333	0.010204205672739202
1	1000	iMF (full)	1.0	0.5305473021833532	0.4262251655629139	0.3422949911824176
1	1000	Popularity	1.0	0.3016363531223369	0.25481788079470197	0.1745910701527119
1	1000	Normalized kNN (test)	1.0	0.14885279064910475	0.14119205298013246	0.09319432880772516
1	1000	Average Rating	1.0	0.0894555887557546	0.09304635761589404	0.06129602882433549
1	1000	Normalized kNN (full)	1.0	0.3532650055900933	0.288841059602649	0.24753164308423709
1	1000	kNN (full/test)	1.0	0.48052274378221743	0.38220198675496686	0.30363818188963304
1	1000	iMF (test)	1.0	0.30673876358297786	0.25970198675496686	0.19986325533412305
2	1000	Random	1.0	0.020952199335083153	0.01968543046357616	0.01076373042740178
2	1000	iMF (full)	1.0	0.5296862234036738	0.4275496688741722	0.34217699970964893
2	1000	Popularity	1.0	0.3004211543405498	0.2530298013245033	0.172929499718757
2	1000	Normalized kNN (test)	1.0	0.1401397960961809	0.13350993377483444	0.08677602360480187
2	1000	Average Rating	1.0	0.07637911167524947	0.07885761589403974	0.05088034297465286
2	1000	Normalized kNN (full)	1.0	0.34959328038294935	0.28642384105960267	0.24395688381457115
2	1000	kNN (full/test)	1.0	0.47841896395466654	0.3802980132450331	0.30358970277253294
2	1000	iMF (test)	1.0	0.29555639499035097	0.2534105960264901	0.19322381095827224
3	1000	Random	1.0	0.020528296749111472	0.019420529801324506	0.009645588395626375
3	1000	iMF (full)	1.0	0.5247115099119262	0.4210927152317881	0.3390402145864748
3	1000	Popularity	1.0	0.29999101206415574	0.2523013245033113	0.17207844562140512
3	1000	Normalized kNN (test)	1.0	0.14208845200976308	0.13438741721854305	0.08857568389404599
3	1000	Average Rating	1.0	0.07896207587559932	0.08107615894039735	0.054163397593845
3	1000	Normalized kNN (full)	1.0	0.35059808799414294	0.28688741721854305	0.24340284176721416
3	1000	kNN (full/test)	1.0	0.4762456757198488	0.37918874172185435	0.3004141144103837
3	1000	iMF (test)	1.0	0.29807691690469973	0.2546026490066225	0.19395147977521596
4	1000	Random	1.0	0.0208122288737974	0.019188741721854304	0.0104025798844482
4	1000	iMF (full)	1.0	0.525107791872997	0.42158940397350997	0.34058966296862625
4	1000	Popularity	1.0	0.2969438040283784	0.2502152317880795	0.17146031251059907
4	1000	Normalized kNN (test)	1.0	0.1476828929637558	0.13801324503311257	0.08897036913496165
4	1000	Average Rating	1.0	0.0943938278408602	0.09274834437086094	0.059194239468091873
4	1000	Normalized kNN (full)	1.0	0.3496508812371221	0.28485099337748343	0.2431221372928182
4	1000	kNN (full/test)	1.0	0.4742571427293302	0.37586092715231784	0.29998785336961187
4	1000	iMF (test)	1.0	0.30043246060195733	0.2554139072847682	0.19391289112894594
5	1000	Random	1.0	0.019285613502944356	0.018344370860927155	0.009734580292045962
5	1000	iMF (full)	1.0	0.5285201498918675	0.4265562913907285	0.33826871128418423
5	1000	Popularity	1.0	0.300921426203634	0.25445364238410595	0.1775419286804527
5	1000	Normalized kNN (test)	1.0	0.15405841579760468	0.14311258278145694	0.09239082257087283
5	1000	Average Rating	1.0	0.08096779731110557	0.07887417218543047	0.05152133145302861
5	1000	Normalized kNN (full)	1.0	0.3499301853106824	0.28740066225165567	0.24298066947577268
5	1000	kNN (full/test)	1.0	0.4781862523746884	0.38152317880794706	0.3019131418657185
5	1000	iMF (test)	1.0	0.29837138146531517	0.25445364238410595	0.19277653988307364
1	2000	Random	1.0	0.011545043158334609	0.01064569536423841	0.005324439231294574
1	2000	iMF (full)	1.0	0.44510642389008565	0.35928807947019864	0.2799590017829644
1	2000	Popularity	1.0	0.22808744363288438	0.19408940397350993	0.12370197805031662
1	2000	Normalized kNN (test)	1.0	0.08379957986086253	0.08759933774834437	0.05347897220548107
1	2000	Average Rating	1.0	0.04016860194735395	0.04725165562913908	0.028910843812713572
1	2000	Normalized kNN (full)	1.0	0.2536525880448687	0.20980132450331127	0.1886673255723879
1	2000	kNN (full/test)	1.0	0.39183512453720615	0.3110264900662251	0.238929233563741
1	2000	iMF (test)	1.0	0.21169778972615613	0.18142384105960263	0.13416121520241595
2	2000	Random	1.0	0.0100651714626359	0.00978476821192053	0.004802407221317163
2	2000	iMF (full)	1.0	0.43885855682369485	0.35627483443708613	0.2741899064096963
2	2000	Popularity	1.0	0.2299280338017749	0.1951158940397351	0.12556459568868236
2	2000	Normalized kNN (test)	1.0	0.08054555785906538	0.08306291390728476	0.049761033389673213
2	2000	Average Rating	1.0	0.035148324567380915	0.04014900662251655	0.02391156709147835
2	2000	Normalized kNN (full)	1.0	0.24806755671551434	0.20682119205298014	0.1825941793761099
2	2000	kNN (full/test)	1.0	0.39258200650756425	0.31137417218543045	0.23891240711851433
2	2000	iMF (test)	1.0	0.20366942719500944	0.17582781456953642	0.12797797588857915
3	2000	Random	1.0	0.010311095222225543	0.010264900662251655	0.005069212296260241
3	2000	iMF (full)	1.0	0.4367958621511295	0.35127483443708607	0.27222082742107373
3	2000	Popularity	1.0	0.22879965817445896	0.19485099337748346	0.12285006067375538
3	2000	Normalized kNN (test)	1.0	0.0798953811996239	0.08253311258278145	0.049513427029776375
3	2000	Average Rating	1.0	0.03508619609303017	0.039735099337748346	0.024286184371802483
3	2000	Normalized kNN (full)	1.0	0.24898740476164466	0.20617549668874172	0.18233966204458613
3	2000	kNN (full/test)	1.0	0.389075859304142	0.30928807947019865	0.23424941646186404
3	2000	iMF (test)	1.0	0.20769463428177076	0.17902317880794702	0.1310102958726639
4	2000	Random	1.0	0.011268496209624269	0.01044701986754967	0.0050847426543971065
4	2000	iMF (full)	1.0	0.43696484395908275	0.3514072847682119	0.2733131675022841
4	2000	Popularity	1.0	0.2262134811327549	0.19301324503311257	0.12441179816587114
4	2000	Normalized kNN (test)	1.0	0.08538823848831743	0.08768211920529802	0.05178259439354281
4	2000	Average Rating	1.0	0.05096620140506731	0.05690397350993377	0.03443870949652591
4	2000	Normalized kNN (full)	1.0	0.2488661945490101	0.20637417218543047	0.18231336040908785
4	2000	kNN (full/test)	1.0	0.386953270742978	0.30652317880794705	0.2353923620595067
4	2000	iMF (test)	1.0	0.20691360891855834	0.17705298013245035	0.12926984838305366
5	2000	Random	1.0	0.010300184778981704	0.00978476821192053	0.004574006746842073
5	2000	iMF (full)	1.0	0.44037275016694866	0.35668874172185433	0.27367216552228535
5	2000	Popularity	1.0	0.2264551078872577	0.19438741721854302	0.12423693785421687
5	2000	Normalized kNN (test)	1.0	0.09195395649300703	0.09163907284768212	0.05313647500981842
5	2000	Average Rating	1.0	0.04415256872201926	0.049172185430463575	0.03150873688384516
5	2000	Normalized kNN (full)	1.0	0.25041006098522883	0.2090066225165563	0.18472922462364721
5	2000	kNN (full/test)	1.0	0.3922147606513075	0.3118046357615894	0.23941334134026362
5	2000	iMF (test)	1.0	0.20890154957543114	0.17963576158940397	0.1307667176866156
1	3706	Random	1.0	0.005605881302444319	0.005264900662251656	0.002769551549477277
1	3706	iMF (full)	1.0	0.36426195742055906	0.2944039735099338	0.22365787280262783
1	3706	Popularity	1.0	0.17100395829606113	0.14514900662251656	0.08523727258898513
1	3706	Normalized kNN (test)	1.0	0.04251280910779537	0.048890728476821195	0.026956849206113166
1	3706	Average Rating	1.0	0.012218257719352064	0.015513245033112584	0.007874255659336214
1	3706	Normalized kNN (full)	1.0	0.17344035987893633	0.1475	0.13473240258098615
1	3706	kNN (full/test)	1.0	0.31820365198699935	0.25251655629139075	0.18866376126193726
1	3706	iMF (test)	1.0	0.145108125793175	0.125794701986755	0.09056891032963073
2	3706	Random	1.0	0.005606495399458445	0.005413907284768212	0.0023818057318288383
2	3706	iMF (full)	1.0	0.35748532087686796	0.2904304635761589	0.2166397910052863
2	3706	Popularity	1.0	0.17192435228347983	0.14619205298013246	0.0858207223710917
2	3706	Normalized kNN (test)	1.0	0.04051550900461709	0.04572847682119205	0.025510182527150836
2	3706	Average Rating	1.0	0.011447780413939727	0.01359271523178808	0.007771756439421708
2	3706	Normalized kNN (full)	1.0	0.16835550657331963	0.14339403973509934	0.12876985140642666
2	3706	kNN (full/test)	1.0	0.31764661865098803	0.2509105960264901	0.1860794473868375
2	3706	iMF (test)	1.0	0.14080105092319353	0.122317880794702	0.08464553455326888
3	3706	Random	1.0	0.006083321686987487	0.00566225165562914	0.0029420620649015998
3	3706	iMF (full)	1.0	0.3578882570109342	0.2893211920529801	0.21743766295383926
3	3706	Popularity	1.0	0.17275316012873437	0.14701986754966886	0.08616422858698708
3	3706	Normalized kNN (test)	1.0	0.04034854584171787	0.04524834437086093	0.025126646364466616
3	3706	Average Rating	1.0	0.012915798160503507	0.015264900662251656	0.009617549630142328
3	3706	Normalized kNN (full)	1.0	0.1696324623164402	0.14369205298013243	0.1297027494868561
3	3706	kNN (full/test)	1.0	0.31626791952319844	0.25135761589403977	0.18315663933553522
3	3706	iMF (test)	1.0	0.14491724480021995	0.12456953642384105	0.08860264224698079
4	3706	Random	1.0	0.0053075568319460266	0.005165562913907285	0.0028451714671938718
4	3706	iMF (full)	1.0	0.35752704136742147	0.2887086092715232	0.21681546809156874
4	3706	Popularity	1.0	0.16962101108389632	0.14536423841059604	0.0855312043931938
4	3706	Normalized kNN (test)	1.0	0.045706399701386506	0.051423841059602654	0.026638115226784973
4	3706	Average Rating	1.0	0.01938965518309975	0.02362582781456954	0.012433856769502444
4	3706	Normalized kNN (full)	1.0	0.1711497239961751	0.146341059602649	0.1296441141151735
4	3706	kNN (full/test)	1.0	0.3148511563415096	0.24908940397350993	0.18573084402768944
4	3706	iMF (test)	1.0	0.1456215966511067	0.12539735099337748	0.08784525287546367
5	3706	Random	1.0	0.005988978635154828	0.005910596026490067	0.003150664869298835
5	3706	iMF (full)	1.0	0.36155384538207985	0.29334437086092713	0.2174201923758101
5	3706	Popularity	1.0	0.17027993369507913	0.1458774834437086	0.08600870495749155
5	3706	Normalized kNN (test)	1.0	0.05127419914118512	0.05428807947019868	0.02909019621859555
5	3706	Average Rating	1.0	0.019666060877267653	0.024652317880794705	0.014311724883866098
5	3706	Normalized kNN (full)	1.0	0.17074223545357103	0.1458112582781457	0.13054200000659463
5	3706	kNN (full/test)	1.0	0.31854546320229393	0.25317880794701986	0.18732088512109435
5	3706	iMF (test)	1.0	0.1436387260867003	0.12364238410596028	0.08760688071671881
