fold	target size	recommender system	Coverage@10	nDCG@10	P@10	Recall@10	FScore@10
1	0	kNN (full)	0.8944816439621335	0.8395406160091454	0.669244978065112	0.6030764097260685	0.5248872785574452
1	0	Random	0.8944816439621335	0.6814173719472241	0.5509582082659893	0.5448199379957439	0.45544706585830297
1	0	iMF (full)	0.8944816439621335	0.8388363990591613	0.6685061186792889	0.6026599521779178	0.5245587242819644
1	0	Popularity	0.8944816439621335	0.7944597073207977	0.633271761717848	0.5869373698691457	0.5045588549518844
1	0	kNN (test)	0.8944816439621335	0.8415936267073447	0.6703301777880397	0.6043900951495267	0.5262378886715323
1	0	Normalized kNN (test)	0.8944816439621335	0.8602678374663882	0.684691757099977	0.6149597769788832	0.537536922201298
1	0	Average Rating	0.8944816439621335	0.8508438655356161	0.6762641422304317	0.6111991924237642	0.5326329488100154
1	0	Normalized kNN (full)	0.8944816439621335	0.8160049860470331	0.6519741399214961	0.5885452719175744	0.5106139627860865
1	0	iMF (test)	0.8944816439621335	0.8683323744435398	0.6936273377972755	0.6187396044244245	0.5423966022470759
2	0	kNN (full)	0.892265065804664	0.8415218606800675	0.6668436850611867	0.6046165252833208	0.5230757954118355
2	0	Random	0.892265065804664	0.6871834180304145	0.5505887785730778	0.5487548665333171	0.45523540403527746
2	0	iMF (full)	0.892265065804664	0.8406088768708819	0.6668436850611867	0.604259985132205	0.5228318807826338
2	0	Popularity	0.892265065804664	0.7979339850229297	0.6309166474255369	0.587780040038851	0.5023251823160648
2	0	kNN (test)	0.892265065804664	0.8428238562744621	0.6670053105518357	0.6047789762195138	0.5233032872001676
2	0	Normalized kNN (test)	0.892265065804664	0.8611943399574753	0.6822211960286307	0.6161736849474803	0.5353094325438827
2	0	Average Rating	0.892265065804664	0.8522517973337405	0.6760101593165551	0.6131569318858331	0.5316459995995569
2	0	Normalized kNN (full)	0.892265065804664	0.8191491298037018	0.6516508889401986	0.5905679903427562	0.509578786659894
2	0	iMF (test)	0.892265065804664	0.8697572236015711	0.6900484876471946	0.6193170650380018	0.5394735183446453
3	0	kNN (full)	0.8954744862618333	0.8386686602883225	0.6673516508889402	0.6059298251770295	0.527187512693305
3	0	Random	0.8954744862618333	0.6830714774138699	0.5494343107827292	0.5489204614041164	0.4581688244293117
3	0	iMF (full)	0.8954744862618333	0.8375142971889652	0.6670514892634496	0.6059400273867391	0.5269920471382843
3	0	Popularity	0.8954744862618333	0.7977666298465161	0.6343107827291619	0.5928529199293714	0.5094953115871723
3	0	kNN (test)	0.8954744862618333	0.8420710276843285	0.6704456245670746	0.6099146205648638	0.5304325387212797
3	0	Normalized kNN (test)	0.8954744862618333	0.8613457465931891	0.684691757099977	0.620374163448938	0.5418127074914386
3	0	Average Rating	0.8954744862618333	0.8512578462129755	0.677857307781113	0.6169198611594352	0.537779914660835
3	0	Normalized kNN (full)	0.8954744862618333	0.817089901370446	0.653082429000231	0.5938299650381236	0.5151673861532047
3	0	iMF (test)	0.8954744862618333	0.8724877053004778	0.6969983837450935	0.6251421642697256	0.5483739102898064
4	0	kNN (full)	0.8947818055876241	0.8395321466899895	0.6681597783421843	0.6061106166960024	0.525510376134299
4	0	Random	0.8947818055876241	0.6858666174321951	0.5501731701685524	0.5507987798686789	0.45748418985482037
4	0	iMF (full)	0.8947818055876241	0.8420103227763562	0.669983837450935	0.6074467487449868	0.526783507518359
4	0	Popularity	0.8947818055876241	0.8006174568451038	0.6358115908566151	0.5927404346289948	0.5078388432423081
4	0	kNN (test)	0.8947818055876241	0.8439887924044526	0.6708612329716	0.6091750930800083	0.5282729229460913
4	0	Normalized kNN (test)	0.8947818055876241	0.8631758994781207	0.685476795197414	0.6190314509507566	0.5393256858955213
4	0	Average Rating	0.8947818055876241	0.8546808862563186	0.6799122604479335	0.6174075774978338	0.5363772989936646
4	0	Normalized kNN (full)	0.8947818055876241	0.8182655379731701	0.6537520203186331	0.5933040488019596	0.5129916190107969
4	0	iMF (test)	0.8947818055876241	0.872116419754957	0.6951974139921496	0.6229309819048332	0.5443186533681857
5	0	kNN (full)	0.8935118910182406	0.8387463852299831	0.6681366889863772	0.6039149901415924	0.523858892735292
5	0	Random	0.8935118910182406	0.6804762301701491	0.5471253752020319	0.544157437678614	0.4523991996105627
5	0	iMF (full)	0.8935118910182406	0.8382828815188874	0.6662895405218194	0.602554963093986	0.5223153610292435
5	0	Popularity	0.8935118910182406	0.7949565170214702	0.6322096513507273	0.5877722630359381	0.5034652476064609
5	0	kNN (test)	0.8935118910182406	0.8434221976272093	0.670145462941584	0.6062998357901275	0.5258389228886604
5	0	Normalized kNN (test)	0.8935118910182406	0.8598887468126176	0.6833294851073655	0.6159317105748104	0.5360331384955417
5	0	Average Rating	0.8935118910182406	0.8495901418367968	0.6752943892865388	0.6118619236317973	0.5311724950158679
5	0	Normalized kNN (full)	0.8935118910182406	0.815522277073069	0.6493650427153083	0.5893403500897376	0.5088501312930828
5	0	iMF (test)	0.8935118910182406	0.8690270785909954	0.6933502655275918	0.619192580975589	0.5409712816278831
1	1	kNN (full)	0.9200184714846456	0.8363278012215014	0.6670283999076426	0.6000551450630147	0.5224429614804225
1	1	Random	0.9200184714846456	0.6506728534593116	0.5305933964442392	0.5273936558675095	0.4381255699358252
1	1	iMF (full)	0.9200184714846456	0.8367280707047737	0.6678365273608866	0.6006930556504185	0.5232507821584738
1	1	Popularity	0.9200184714846456	0.7885610740009454	0.629946894481644	0.5833461635201573	0.5012642167115475
1	1	kNN (test)	0.9200184714846456	0.8387936134010736	0.6685522973909028	0.602253598047224	0.5243737466942093
1	1	Normalized kNN (test)	0.9200184714846456	0.8504777821230735	0.6796582775340568	0.6104332402366043	0.5331463925573882
1	1	Average Rating	0.9200184714846456	0.8357498308345375	0.6680212422073424	0.6038501307971547	0.5254719713991348
1	1	Normalized kNN (full)	0.9200184714846456	0.8053622423618195	0.6456938351419995	0.5808269230412455	0.5039526555389386
1	1	iMF (test)	0.9200184714846456	0.8646774764337695	0.6921727083814362	0.616937823300809	0.5408565292984566
2	1	kNN (full)	0.9184945740013853	0.8387844819799367	0.6652505195105056	0.6028418455871912	0.5214810741129046
2	1	Random	0.9184945740013853	0.6532379940624606	0.533341029785269	0.5335693817410109	0.44088485911794517
2	1	iMF (full)	0.9184945740013853	0.837268400178613	0.6644193027014547	0.6013745925704646	0.5204630362311918
2	1	Popularity	0.9184945740013853	0.7926108511130107	0.6275456014777188	0.5843344484797526	0.49914215525900923
2	1	kNN (test)	0.9184945740013853	0.8401616456511353	0.6655506811359964	0.6030861219621461	0.5218103053756501
2	1	Normalized kNN (test)	0.9184945740013853	0.8517732058615325	0.6773031632417456	0.6119102207824684	0.53108003427924
2	1	Average Rating	0.9184945740013853	0.83650297636561	0.6680674209189564	0.6064215016030655	0.5248746066821931
2	1	Normalized kNN (full)	0.9184945740013853	0.8070815695017826	0.6443777418610022	0.5814354903551158	0.5018195583355715
2	1	iMF (test)	0.9184945740013853	0.868226836150287	0.6899330408681598	0.6183947144808386	0.5388512463592475
3	1	kNN (full)	0.9208035095820827	0.8357196263727708	0.6653659662895405	0.6036087109440785	0.5251478889451991
3	1	Random	0.9208035095820827	0.653488375502287	0.5340106211036713	0.5337740985987068	0.4436457967489754
3	1	iMF (full)	0.9208035095820827	0.8367718659064068	0.665712306626645	0.6038006804589442	0.5252818177046679
3	1	Popularity	0.9208035095820827	0.7919615742813613	0.6311013622719926	0.5891187635668043	0.5062505493054495
3	1	kNN (test)	0.9208035095820827	0.8396750083260036	0.6687139228815515	0.607906643253399	0.5286801454964315
3	1	Normalized kNN (test)	0.9208035095820827	0.8520706262119098	0.6799353498037405	0.6161589254401307	0.5376876350396035
3	1	Average Rating	0.9208035095820827	0.8356524605110293	0.670122373585777	0.610073122989063	0.5310266062794329
3	1	Normalized kNN (full)	0.9208035095820827	0.8058002196549513	0.6455783883629647	0.5849172120127416	0.5073960892368506
3	1	iMF (test)	0.9208035095820827	0.8678828714597401	0.6944585546063264	0.6225651046318028	0.5460047485957839
4	1	kNN (full)	0.9202724543985222	0.8366834042422054	0.6662895405218194	0.6042456342680577	0.5237142865399486
4	1	Random	0.9202724543985222	0.6494574533468321	0.5322558300623412	0.534390107683073	0.44187843152057477
4	1	iMF (full)	0.9202724543985222	0.8386321607757067	0.6676518125144308	0.6047360172271672	0.5243334219369177
4	1	Popularity	0.9202724543985222	0.7951104547421611	0.6329023320249365	0.5897097346111236	0.5050028287622619
4	1	kNN (test)	0.9202724543985222	0.8411628016834226	0.6691526206418841	0.6072337803692446	0.5265286385138178
4	1	Normalized kNN (test)	0.9202724543985222	0.854102172695299	0.6807665666127916	0.6150135394187756	0.5352516925008317
4	1	Average Rating	0.9202724543985222	0.8386545198279998	0.6714615562225814	0.6101200102677495	0.5291468488432612
4	1	Normalized kNN (full)	0.9202724543985222	0.8062765068922306	0.6460401754791041	0.5844681666201076	0.5051279444457827
4	1	iMF (test)	0.9202724543985222	0.8676571042212112	0.6913414915723851	0.6196604386882998	0.5411244391662319
5	1	kNN (full)	0.9189101824059109	0.8355871781473804	0.6658970214731009	0.6011107668942682	0.5215293021353571
5	1	Random	0.9189101824059109	0.6516975065927841	0.5305703070884322	0.5303184726481083	0.4385998429871853
5	1	iMF (full)	0.9189101824059109	0.8355529279880862	0.6639344262295082	0.6001707241709182	0.5201302832779794
5	1	Popularity	0.9189101824059109	0.7892416030797557	0.6290233202493651	0.5844215569361435	0.5003949875998019
5	1	kNN (test)	0.9189101824059109	0.8408738136063988	0.668436850611868	0.6044368245299995	0.5241632680397789
5	1	Normalized kNN (test)	0.9189101824059109	0.8515533357264572	0.6789194181482336	0.6122652795058708	0.5323357153285696
5	1	Average Rating	0.9189101824059109	0.833612014588244	0.6670745786192565	0.6050855355322216	0.5242820834780288
5	1	Normalized kNN (full)	0.9189101824059109	0.805146594536579	0.6434310782729161	0.582877583703253	0.502891593820478
5	1	iMF (test)	0.9189101824059109	0.86503843478257	0.6900253982913876	0.6166558254777836	0.538217460217399
1	2	kNN (full)	0.9422766104825675	0.8331514892726022	0.6646732856153313	0.5974755752623025	0.5201731823760443
1	2	Random	0.9422766104825675	0.6232757124470275	0.514615562225814	0.5121523304153492	0.4239792111253409
1	2	iMF (full)	0.9422766104825675	0.8330220907722036	0.6643962133456477	0.5977817464788926	0.5203428172897272
1	2	Popularity	0.9422766104825675	0.7836162882244954	0.6265065804664051	0.5794798857104706	0.4978447297398558
1	2	kNN (test)	0.9422766104825675	0.8361706178290449	0.6664742553682752	0.6000667470805447	0.5224074547934289
1	2	Normalized kNN (test)	0.9422766104825675	0.8428291078324947	0.67437081505426	0.6058067652720528	0.5285890222323597
1	2	Average Rating	0.9422766104825675	0.8204641784855262	0.6593627337797275	0.5959188229455373	0.5178817599498667
1	2	Normalized kNN (full)	0.9422766104825675	0.7945164767743329	0.6386977603324867	0.5721718691023233	0.4966604283371074
1	2	iMF (test)	0.9422766104825675	0.8625764391207259	0.68970214731009	0.6142210448170221	0.5384334173593716
2	2	kNN (full)	0.9416070191641653	0.8356988972314431	0.6633110136227199	0.6004558151451319	0.5194420388062214
2	2	Random	0.9416070191641653	0.6229552878656668	0.5148233664280766	0.5157064324363488	0.4242859847746327
2	2	iMF (full)	0.9416070191641653	0.835184395982319	0.663287924266913	0.599810969489068	0.5191081229162392
2	2	Popularity	0.9416070191641653	0.7877367361291406	0.6246363426460402	0.5807525682661038	0.4960821987791815
2	2	kNN (test)	0.9416070191641653	0.8376549384276366	0.6639113368737013	0.6013596288268657	0.5202020264573192
2	2	Normalized kNN (test)	0.9416070191641653	0.8436356392345321	0.6730085430616486	0.6080084058548774	0.5272558562155154
2	2	Average Rating	0.9416070191641653	0.8225017030730423	0.6593858231355345	0.5985533024902313	0.5172478410393425
2	2	Normalized kNN (full)	0.9416070191641653	0.7973820799876671	0.6390441006695913	0.5749329920640763	0.49617506558464297
2	2	iMF (test)	0.9416070191641653	0.8632687353026142	0.6869314246132533	0.6151120635974958	0.5359312402779522
3	2	kNN (full)	0.9425998614638652	0.8323004859548943	0.6630339413530363	0.6004324535527646	0.5226649528759456
3	2	Random	0.9425998614638652	0.6220096899436617	0.5141537751096745	0.5153201352765977	0.42628407028673787
3	2	iMF (full)	0.9425998614638652	0.8321314241254439	0.663287924266913	0.600292168098052	0.522424762698169
3	2	Popularity	0.9425998614638652	0.786398856437189	0.6271069037173863	0.5847210816927875	0.5023389959413708
3	2	kNN (test)	0.9425998614638652	0.8365183317775734	0.6664511660124682	0.605266067211322	0.5263696864013745
3	2	Normalized kNN (test)	0.9425998614638652	0.8437365241559405	0.6750404063726622	0.6118332309398287	0.5334905107182853
3	2	Average Rating	0.9425998614638652	0.8213874590552058	0.6610482567536365	0.6022534244799437	0.5232201164828337
3	2	Normalized kNN (full)	0.9425998614638652	0.7955655339458316	0.6389979219579773	0.5771887955712695	0.5006882506534883
3	2	iMF (test)	0.9425998614638652	0.8639966553539948	0.6913414915723851	0.6195733762505985	0.5431096759229328
4	2	kNN (full)	0.9425075040406372	0.8339846850957341	0.6644654814130686	0.6020019857804414	0.5218154532184538
4	2	Random	0.9425075040406372	0.6240459980608791	0.516185638420688	0.5161432256887062	0.4254643267928951
4	2	iMF (full)	0.9425075040406372	0.8367572889515852	0.6670514892634496	0.6032123749550973	0.5232441689275432
4	2	Popularity	0.9425075040406372	0.7903943346767237	0.629946894481644	0.5866369064905427	0.5021980673433579
4	2	kNN (test)	0.9425075040406372	0.8390636778981411	0.667490187023782	0.6055925606194477	0.5250030955891516
4	2	Normalized kNN (test)	0.9425075040406372	0.8456727892283297	0.6748787808820134	0.60997601780645	0.5302201277233992
4	2	Average Rating	0.9425075040406372	0.8250730040660245	0.6625490648810898	0.6024215447368043	0.5214912301434842
4	2	Normalized kNN (full)	0.9425075040406372	0.7971114604553122	0.6407296236435004	0.5772384587111921	0.4993537439307316
4	2	iMF (test)	0.9425075040406372	0.8662759460274689	0.6911567767259293	0.6195099070063438	0.5408461242157195
5	2	kNN (full)	0.9412375894712538	0.8326159540501122	0.6640036942969292	0.5984832396518114	0.5194855148690292
5	2	Random	0.9412375894712538	0.6237786084884533	0.5157469406603555	0.5139321097432074	0.42426408092380735
5	2	iMF (full)	0.9412375894712538	0.8341148866209792	0.6631032094204572	0.5986499458513204	0.5188743663192655
5	2	Popularity	0.9412375894712538	0.7836323779519025	0.6257446317247749	0.5804200885899062	0.4969582518245934
5	2	kNN (test)	0.9412375894712538	0.837791531373791	0.6662664511660125	0.6014347050123348	0.5218604806166663
5	2	Normalized kNN (test)	0.9412375894712538	0.8418100183352552	0.6731009004848765	0.6068006285737036	0.5272236503164472
5	2	Average Rating	0.9412375894712538	0.8184531009323921	0.6578388362964673	0.5964079362925808	0.5160791309080546
5	2	Normalized kNN (full)	0.9412375894712538	0.7933815446683038	0.6348649272685292	0.5722172595988855	0.49396169589918587
5	2	iMF (test)	0.9412375894712538	0.8627762041932089	0.6893327176171785	0.6151520275028526	0.5372846588563932
1	5	kNN (full)	0.9857076887554838	0.8258205831466112	0.6591549295774648	0.5893029176787625	0.513852942212469
1	5	Random	0.9857076887554838	0.549604426552169	0.46917570999769104	0.4574548568309042	0.3783928104137362
1	5	iMF (full)	0.9857076887554838	0.8262030557286119	0.6595705379819903	0.5902548104678306	0.5149078743674228
1	5	Popularity	0.9857076887554838	0.7675698247395759	0.6166012468252136	0.567074336342555	0.4874976907979214
1	5	kNN (test)	0.9857076887554838	0.8295395340953046	0.6614869545139691	0.5932025325390993	0.516976015646874
1	5	Normalized kNN (test)	0.9857076887554838	0.8177745871788616	0.6594550912029554	0.5906979561363497	0.5148589252098872
1	5	Average Rating	0.9857076887554838	0.7827652463486522	0.6335257446317248	0.5696404990884629	0.49410330468211655
1	5	Normalized kNN (full)	0.9857076887554838	0.7665937899091456	0.6167859616716694	0.5406490962761046	0.4721949103744823
1	5	iMF (test)	0.9857076887554838	0.8506917717601888	0.6812745324405449	0.6066930156828372	0.5310824085408461
2	5	kNN (full)	0.9867236204109905	0.8272258415944083	0.6576079427383976	0.5925528073877615	0.5133156521119516
2	5	Random	0.9867236204109905	0.5490395163502982	0.4633341029785269	0.4580832379987882	0.37533846571043594
2	5	iMF (full)	0.9867236204109905	0.8278817024755005	0.6579081043638882	0.5912348116984721	0.5128531895212475
2	5	Popularity	0.9867236204109905	0.7723132620872724	0.6148926344954976	0.5696812799598373	0.4863421370947627
2	5	kNN (test)	0.9867236204109905	0.8295263682678247	0.6585315169706765	0.5948538370476211	0.5147135050063815
2	5	Normalized kNN (test)	0.9867236204109905	0.8193443965506508	0.6581620872777649	0.5948794572491852	0.5145256466653056
2	5	Average Rating	0.9867236204109905	0.783545286529136	0.6346571230662664	0.5745049819154466	0.4949077719979077
2	5	Normalized kNN (full)	0.9867236204109905	0.770322076434884	0.6197413992149619	0.5467233224504825	0.4746611011570594
2	5	iMF (test)	0.9867236204109905	0.8515757091454896	0.6788039713691988	0.6078241856745591	0.5290295041163504
3	5	kNN (full)	0.9873701223735858	0.8249934684661303	0.6571923343338721	0.5920854604953288	0.5163870871683609
3	5	Random	0.9873701223735858	0.5478889182599055	0.4650888940198568	0.4581598182123413	0.3783658963834882
3	5	iMF (full)	0.9873701223735858	0.8253194895116094	0.6584853382590626	0.5931641653044192	0.5172531519080451
3	5	Popularity	0.9873701223735858	0.7720857239499983	0.6177788039713692	0.5735162811338619	0.49290641686520753
3	5	kNN (test)	0.9873701223735858	0.8300570114243951	0.6617871161394596	0.5993592182582151	0.5216543166778026
3	5	Normalized kNN (test)	0.9873701223735858	0.8190618319016574	0.6600323250981297	0.5973663550681292	0.5199409499908108
3	5	Average Rating	0.9873701223735858	0.7828697390538161	0.6363888247517894	0.5782127808229596	0.5009103585585752
3	5	Normalized kNN (full)	0.9873701223735858	0.7677352828206068	0.6182636804433156	0.5462120813400357	0.4776372278329362
3	5	iMF (test)	0.9873701223735858	0.8534250852597303	0.6844608635419072	0.6121968726604554	0.5366775023523833
4	5	kNN (full)	0.9872777649503578	0.825918918614725	0.6583698914800278	0.5931379015048109	0.5150449869399318
4	5	Random	0.9872777649503578	0.5478896418769202	0.4662895405218194	0.45903256513842033	0.378013626319278
4	5	iMF (full)	0.9872777649503578	0.8293081980774855	0.6608635419071808	0.5955518791425412	0.5172461222268294
4	5	Popularity	0.9872777649503578	0.7766216841212364	0.6209882244285384	0.575913775110746	0.4930223965887751
4	5	kNN (test)	0.9872777649503578	0.8325382727974576	0.6628723158623875	0.5996769054529558	0.5200670442757317
4	5	Normalized kNN (test)	0.9872777649503578	0.8218722280437485	0.6611406141768645	0.5964679730803321	0.5176902829920217
4	5	Average Rating	0.9872777649503578	0.7844631409185782	0.6374740244747171	0.5771797266067692	0.49875347531559544
4	5	Normalized kNN (full)	0.9872777649503578	0.7701958950372172	0.6202493650427153	0.5467128615174411	0.4763655001560202
4	5	iMF (test)	0.9872777649503578	0.8550242433202111	0.683791272223505	0.612314487779994	0.5342752538820971
5	5	kNN (full)	0.9856615100438697	0.8243896699692778	0.6578619256522743	0.5902566902546346	0.5129192767219483
5	5	Random	0.9856615100438697	0.5450190359068439	0.4602863080120065	0.4531589738045297	0.3717593813836554
5	5	iMF (full)	0.9856615100438697	0.8264912388987372	0.6580466404987301	0.5916774664601335	0.5137275118333954
5	5	Popularity	0.9856615100438697	0.768052580718518	0.6149388132071115	0.5683203190777526	0.48643474562803135
5	5	kNN (test)	0.9856615100438697	0.830859143237539	0.661440775802355	0.5955589013156632	0.5169865862786205
5	5	Normalized kNN (test)	0.9856615100438697	0.816187881074564	0.6576310320942045	0.5924863934104885	0.5137261238637852
5	5	Average Rating	0.9856615100438697	0.7775097442001802	0.6312398984068345	0.5703450737661239	0.49229191022129115
5	5	Normalized kNN (full)	0.9856615100438697	0.7653564380581666	0.6148926344954976	0.542932228072021	0.4717226261934475
5	5	iMF (test)	0.9856615100438697	0.8496024275374243	0.6799353498037405	0.6068069772548753	0.529469995538027
1	10	kNN (full)	1.0	0.8133588912886612	0.6497344724082198	0.5758889870876114	0.5039888723094851
1	10	Random	1.0	0.44976512816861985	0.39148002770722695	0.3545008535418244	0.30228446717909296
1	10	iMF (full)	1.0	0.8180013906079535	0.6533595012699145	0.5782193456419271	0.5073216701045923
1	10	Popularity	1.0	0.7441631558263357	0.5994920341722466	0.5451201531149911	0.4701212259648722
1	10	kNN (test)	1.0	0.8172064844712762	0.6527591780189332	0.5821979755299932	0.5079779633798416
1	10	Normalized kNN (test)	1.0	0.7827342646147419	0.6362271992611406	0.5670539911620881	0.49385603309576975
1	10	Average Rating	1.0	0.7267669207201949	0.5954744862618333	0.5257641378328809	0.4584642162050351
1	10	Normalized kNN (full)	1.0	0.730422099592993	0.5875779265758486	0.48996907356205954	0.43848031747264354
1	10	iMF (test)	1.0	0.8326692991450294	0.6696605864696376	0.5924143301623301	0.5195380553924203
2	10	kNN (full)	1.0	0.8153104888000524	0.6483491110598014	0.5765767814837018	0.5029324990090835
2	10	Random	1.0	0.45075808663475425	0.39071807896559685	0.3534122107417557	0.3007447000551602
2	10	iMF (full)	1.0	0.8180506229669963	0.6502886169475872	0.5788206123668672	0.5047993576131442
2	10	Popularity	1.0	0.7498898122786928	0.6	0.5501001092835186	0.4709690201156955
2	10	kNN (test)	1.0	0.8195444507320986	0.6510505656892173	0.5847004116729898	0.5069792927877517
2	10	Normalized kNN (test)	1.0	0.7834978525523377	0.634957284691757	0.5706426510526679	0.49327318766655676
2	10	Average Rating	1.0	0.7249855696286013	0.5945278226737474	0.5267767295160979	0.45670759672377265
2	10	Normalized kNN (full)	1.0	0.7343252586396531	0.5908797044562456	0.4919827420951811	0.44034006345483095
2	10	iMF (test)	1.0	0.8351674741423973	0.6685522973909028	0.5951558186320246	0.5189492017127869
3	10	kNN (full)	1.0	0.8119799858658369	0.6481643962133457	0.5766078981233383	0.5060133781984255
3	10	Random	1.0	0.4509921701830843	0.3937196952205034	0.35934006025078613	0.3066330322405417
3	10	iMF (full)	1.0	0.8153633657035642	0.6507042253521126	0.5802091703545833	0.5088039891237436
3	10	Popularity	1.0	0.7494063596847998	0.6022165781574693	0.5524008632555525	0.47647769069668733
3	10	kNN (test)	1.0	0.8177360598445355	0.6528053567305473	0.5862028529921532	0.51180956171948
3	10	Normalized kNN (test)	1.0	0.7815783822420793	0.6352112676056337	0.5722954804631613	0.4976039351987957
3	10	Average Rating	1.0	0.7244056025816339	0.595705379819903	0.5329462692072576	0.46288093351802484
3	10	Normalized kNN (full)	1.0	0.7309686497592688	0.5887093050103902	0.491368105221074	0.44226924770966497
3	10	iMF (test)	1.0	0.8358334116830425	0.6720157007619487	0.5976648621512114	0.5247706911181548
4	10	kNN (full)	1.0	0.8136959805733417	0.6493881320711152	0.5793450510278141	0.5052478441694732
4	10	Random	1.0	0.45591958129996774	0.39475871623181713	0.358224910950005	0.30501700398169995
4	10	iMF (full)	1.0	0.818994013309498	0.653959824520896	0.5820057021860037	0.5089079030142674
4	10	Popularity	1.0	0.7512474624655634	0.6038097437081505	0.5523384493441291	0.4749520577210405
4	10	kNN (test)	1.0	0.8202778294760402	0.6540060032325098	0.5875259312660369	0.510720636544471
4	10	Normalized kNN (test)	1.0	0.7846295269256314	0.6359963057030709	0.5692810798327524	0.4944455196388611
4	10	Average Rating	1.0	0.7270969642582575	0.5972754560147773	0.5285741820788317	0.4597675606475073
4	10	Normalized kNN (full)	1.0	0.7321896755235373	0.592265065804664	0.492752987826353	0.44309379977870805
4	10	iMF (test)	1.0	0.8368142022929113	0.670884322327407	0.5970101427346803	0.5218830070785884
5	10	kNN (full)	1.0	0.8120338479740555	0.6493881320711152	0.5757873788721465	0.5031934568596611
5	10	Random	1.0	0.4512607004617693	0.3911105980143154	0.3542929124159652	0.30116251168946306
5	10	iMF (full)	1.0	0.8172378217117723	0.6516970676518126	0.5788926175116169	0.5055381466367275
5	10	Popularity	1.0	0.7471211284166295	0.6012006465019626	0.5490795066486243	0.47172242409518644
5	10	kNN (test)	1.0	0.820226148650934	0.6542368967905795	0.5849604868443032	0.5091115594342264
5	10	Normalized kNN (test)	1.0	0.7809181986828653	0.635003463403371	0.5681161824790472	0.4926769189795659
5	10	Average Rating	1.0	0.7235274993998642	0.595705379819903	0.5280848300741882	0.45830089286767495
5	10	Normalized kNN (full)	1.0	0.7306197546871384	0.5885015008081275	0.4916337020933483	0.4398305424206478
5	10	iMF (test)	1.0	0.8330820194671215	0.6704687139228815	0.5940163029458561	0.5197345053678615
1	20	kNN (full)	1.0	0.7972096992830983	0.6374509351189103	0.5589772688207323	0.49120527280081233
1	20	Random	1.0	0.3465281452742019	0.3095128145924729	0.2481300119807473	0.22417613387795352
1	20	iMF (full)	1.0	0.8049189149719188	0.6447240821981067	0.5655197970835139	0.4981890075008228
1	20	Popularity	1.0	0.7109316379795115	0.5754560147771878	0.5094346738992866	0.4445411745649868
1	20	kNN (test)	1.0	0.8005363802308216	0.6400831216809051	0.5647788380689132	0.49487903030485686
1	20	Normalized kNN (test)	1.0	0.7244091080154975	0.5949203417224659	0.520272297632431	0.4551209814131252
1	20	Average Rating	1.0	0.6455968173914521	0.5365966289540521	0.4517677897454881	0.4019353480468141
1	20	Normalized kNN (full)	1.0	0.6965711565706303	0.5613022396675132	0.4429711505445409	0.40896882166249443
1	20	iMF (test)	1.0	0.8056118882424915	0.6503809743708151	0.5698880739124255	0.5013694514455955
2	20	kNN (full)	1.0	0.797837689555563	0.635857769568229	0.5582758182233092	0.48983988256100836
2	20	Random	1.0	0.346692483194545	0.30891249134149157	0.24683115869003605	0.22341474141223588
2	20	iMF (full)	1.0	0.8041893512962103	0.6413761256060956	0.5641447429693732	0.49490375603328546
2	20	Popularity	1.0	0.714314898984599	0.574347725698453	0.5129948137916289	0.44406080937593423
2	20	kNN (test)	1.0	0.8007694237917958	0.6375663818979451	0.564296827389145	0.49261497934044157
2	20	Normalized kNN (test)	1.0	0.721756443851367	0.5928422996998384	0.5214467308057732	0.4539757610979929
2	20	Average Rating	1.0	0.6428371601411567	0.534241514661741	0.4526346141976814	0.40025407143675734
2	20	Normalized kNN (full)	1.0	0.6981177670265896	0.5637035326714385	0.44376967330483086	0.40981922917005115
2	20	iMF (test)	1.0	0.8051222266809988	0.6485800046178711	0.5714367407357944	0.49998014047637795
3	20	kNN (full)	1.0	0.7961628760890886	0.6352343569614407	0.5594655995364219	0.4929010054054486
3	20	Random	1.0	0.34625036896156647	0.30985915492957744	0.2458592755853524	0.22508866073623307
3	20	iMF (full)	1.0	0.8038806329907375	0.6422766104825675	0.5679950976384811	0.49992973883927266
3	20	Popularity	1.0	0.7138316935618154	0.5773724313091665	0.5166938676230741	0.45000269554855216
3	20	kNN (test)	1.0	0.8012786288539774	0.6397598706996075	0.5686347987826563	0.4984539074636201
3	20	Normalized kNN (test)	1.0	0.7225336024369469	0.593996767490187	0.5253702797430091	0.4588710679662863
3	20	Average Rating	1.0	0.6423523844290423	0.5346571230662664	0.45837816885748384	0.4050056372914055
3	20	Normalized kNN (full)	1.0	0.6971807684196504	0.5628261371507735	0.4442043902873337	0.4132772254703946
3	20	iMF (test)	1.0	0.8038588458624495	0.6519741399214961	0.5742104625638534	0.5056586630421281
4	20	kNN (full)	1.0	0.7967566532139774	0.6373354883398754	0.5608586821143748	0.49251880983559393
4	20	Random	1.0	0.3441101031371105	0.3071807896559686	0.24703786488385984	0.22322068644617374
4	20	iMF (full)	1.0	0.8075680748873197	0.6455322096513507	0.5693008936977031	0.49978291706832395
4	20	Popularity	1.0	0.7159232540999608	0.5792426691295313	0.5163491900954374	0.4488826948224808
4	20	kNN (test)	1.0	0.803051703153356	0.6421842530593397	0.5697184815805527	0.4981584422451636
4	20	Normalized kNN (test)	1.0	0.7265830996622472	0.5954975756176403	0.5239753096894104	0.45681899177977736
4	20	Average Rating	1.0	0.64356709503883	0.5365273608866312	0.45575502525953104	0.40317538101353206
4	20	Normalized kNN (full)	1.0	0.6963794392489272	0.5644423920572615	0.4433059152804271	0.41144386853099424
4	20	iMF (test)	1.0	0.8083172195332958	0.6513738166705149	0.5742354652873428	0.5034436558272137
5	20	kNN (full)	1.0	0.7963842783018122	0.6373354883398754	0.5596651287407003	0.49118254483125096
5	20	Random	1.0	0.34893221971155824	0.3129993073193258	0.25233824483811657	0.22711694288765083
5	20	iMF (full)	1.0	0.8029038100182536	0.641052874624798	0.5637635295803645	0.4949319612764999
5	20	Popularity	1.0	0.7101390840646238	0.5748326021703994	0.5122768284731454	0.44441916653195207
5	20	kNN (test)	1.0	0.8020416497282419	0.6405679981528516	0.5668776102350992	0.49520964011508645
5	20	Normalized kNN (test)	1.0	0.7189633226412819	0.593234818748557	0.5215852929968658	0.45423870240437025
5	20	Average Rating	1.0	0.6421384540689801	0.5349111059801431	0.4529969001400336	0.40129065370137773
5	20	Normalized kNN (full)	1.0	0.6952611831016194	0.5602170399445856	0.44360062273511575	0.40872033468961727
5	20	iMF (test)	1.0	0.8015886147423692	0.6486261833294851	0.569748353408705	0.4996187493950813
1	50	kNN (full)	1.0	0.7605935444792424	0.6090972061879474	0.5225629725923726	0.46290293460062054
1	50	Random	1.0	0.2173097244435578	0.20036942969291158	0.13693412648913333	0.13290772242098836
1	50	iMF (full)	1.0	0.7790820952933665	0.62562918494574	0.5400993327434905	0.4785614853643783
1	50	Popularity	1.0	0.6413287824978753	0.5243592703763565	0.4388095686908215	0.39254995779973745
1	50	kNN (test)	1.0	0.7616095284864552	0.6105749249595936	0.5268824309844911	0.4654441818901718
1	50	Normalized kNN (test)	1.0	0.599548088739975	0.5046409605172015	0.41127509918034366	0.37076621682486255
1	50	Average Rating	1.0	0.5093426163994234	0.43276379589009467	0.3366636281901142	0.3097225938625084
1	50	Normalized kNN (full)	1.0	0.6513957774265113	0.5261833294851074	0.3967126917835862	0.37526858701829724
1	50	iMF (test)	1.0	0.7391319488663346	0.6032325098129762	0.5172111418798924	0.4582651126735482
2	50	kNN (full)	1.0	0.7613512681139484	0.6082429000230895	0.5236831379003043	0.46274069625339476
2	50	Random	1.0	0.21609843386749492	0.19836065573770492	0.1341575206736077	0.1300504777083254
2	50	iMF (full)	1.0	0.7762359018714683	0.6204571692449781	0.5367436778732203	0.4738312707449917
2	50	Popularity	1.0	0.6441543033478687	0.5233664280766566	0.4412147942002962	0.3920200530811209
2	50	kNN (test)	1.0	0.7624061811146559	0.6088663126298777	0.5271061595848013	0.46414027737460867
2	50	Normalized kNN (test)	1.0	0.5934674747423273	0.4980835834680212	0.40881914787059775	0.36628236607903125
2	50	Average Rating	1.0	0.4996986305906098	0.4255830062341261	0.33077187308177725	0.3032434385377447
2	50	Normalized kNN (full)	1.0	0.6546701043751334	0.5298545370584161	0.3969363185668004	0.3771536187901279
2	50	iMF (test)	1.0	0.7406319638150803	0.6022165781574693	0.5187308512714103	0.4569507970644683
3	50	kNN (full)	1.0	0.7607840692990925	0.6088432232740707	0.5244795543991786	0.46618693042746806
3	50	Random	1.0	0.21405733774141422	0.1981990302470561	0.13603433103771206	0.13175392106142844
3	50	iMF (full)	1.0	0.7738166839756323	0.6209882244285384	0.5389497327392011	0.4779250584956336
3	50	Popularity	1.0	0.6441325551535027	0.5255368275225121	0.44622484848291305	0.39727960517019456
3	50	kNN (test)	1.0	0.7622248386433946	0.610182405910875	0.5304036839434414	0.46869929411590294
3	50	Normalized kNN (test)	1.0	0.5976064557126749	0.5033248672362042	0.416267204188067	0.3744997647005591
3	50	Average Rating	1.0	0.5039914424673023	0.4305472177326253	0.337449225737189	0.3108103585731086
3	50	Normalized kNN (full)	1.0	0.6528759899209042	0.5276610482567536	0.3981075403353997	0.3791594866687301
3	50	iMF (test)	1.0	0.7384359510985463	0.6045255137381667	0.519736164857929	0.46182388616237097
4	50	kNN (full)	1.0	0.7654386023095674	0.6123758947125375	0.5311247821722288	0.4681932669553899
4	50	Random	1.0	0.21742787474800532	0.198291387670284	0.1363729671884219	0.13162253321276807
4	50	iMF (full)	1.0	0.7819613036385739	0.6262064188409143	0.5442238010174413	0.4806000752677737
4	50	Popularity	1.0	0.6475697129137026	0.5275456014777188	0.4456816647013923	0.3966201392598309
4	50	kNN (test)	1.0	0.7670573093838735	0.6137150773493419	0.5342528804728606	0.4699391543004099
4	50	Normalized kNN (test)	1.0	0.6064796816846197	0.5067651812514431	0.41856271158153624	0.37458405003302486
4	50	Average Rating	1.0	0.5054734599822036	0.4329716000923574	0.3397103541996529	0.3116258093925524
4	50	Normalized kNN (full)	1.0	0.6539891733106471	0.529831447702609	0.39664930529216536	0.37825999338392824
4	50	iMF (test)	1.0	0.7424771622416875	0.6047333179404294	0.5215848160667957	0.46049156107671163
5	50	kNN (full)	1.0	0.7613730593641657	0.6109212652966982	0.5244903096989694	0.46440565678319257
5	50	Random	1.0	0.2151624594919572	0.19789886862156547	0.1347702982871177	0.1308103105862361
5	50	iMF (full)	1.0	0.7789831927116414	0.6236435003463403	0.5393121267466386	0.4765995322029695
5	50	Popularity	1.0	0.6426412826448658	0.5254213807434772	0.4422844957259083	0.3938757685099923
5	50	kNN (test)	1.0	0.7664091571388304	0.6135765412145001	0.5306201151596911	0.46798952270928396
5	50	Normalized kNN (test)	1.0	0.5975768676402176	0.5028399907642577	0.41247089345367305	0.3702001411281626
5	50	Average Rating	1.0	0.5060144585416315	0.4319556684368506	0.3348572422131837	0.30851433646998805
5	50	Normalized kNN (full)	1.0	0.6533308632017909	0.5268990995151235	0.39788891539934323	0.37671573218005394
5	50	iMF (test)	1.0	0.7359225548656437	0.6015931655506811	0.5159008159082632	0.4563274500327372
1	100	kNN (full)	1.0	0.7217135135446011	0.5796582775340569	0.48874004303189866	0.43534429389525015
1	100	Random	1.0	0.1407175486240627	0.13105518356037868	0.0795824500373075	0.08090198302760107
1	100	iMF (full)	1.0	0.7440316992097469	0.6003001616254907	0.509536503470662	0.45442168783755943
1	100	Popularity	1.0	0.5751192099091832	0.47427845763103205	0.37600331018749394	0.3443333786712978
1	100	kNN (test)	1.0	0.7217389094702834	0.5798429923805126	0.49043715113340935	0.43642159945025494
1	100	Normalized kNN (test)	1.0	0.4926751680876485	0.42066497344724085	0.3225381923881589	0.2981457882707406
1	100	Average Rating	1.0	0.4030920749784139	0.34968829369660587	0.25703068987139316	0.24205274931274823
1	100	Normalized kNN (full)	1.0	0.6143272654986617	0.49718309859154936	0.37218638733060627	0.3532254847062085
1	100	iMF (test)	1.0	0.6614609862341252	0.5481413068575387	0.4565259670628258	0.40848777838050704
2	100	kNN (full)	1.0	0.7211439486079405	0.5771646271069036	0.4881309665298998	0.43368785286344014
2	100	Random	1.0	0.13986200162942825	0.13013160932809975	0.08080976796363656	0.08077447300040992
2	100	iMF (full)	1.0	0.7458715742627747	0.5992611406141769	0.5096949166949033	0.453120570232817
2	100	Popularity	1.0	0.5784610728867566	0.4732163472639113	0.3782320401696756	0.34417195825764785
2	100	kNN (test)	1.0	0.7208414290840143	0.5772338951743247	0.4902138460098357	0.43449415584504797
2	100	Normalized kNN (test)	1.0	0.4875936975589836	0.4146386515816209	0.3181941767997415	0.2935669447848362
2	100	Average Rating	1.0	0.3946913312246786	0.33957515585315173	0.24790500916233	0.2338704606741729
2	100	Normalized kNN (full)	1.0	0.6162966213089186	0.4981759408912491	0.3692382268033241	0.3526096763850924
2	100	iMF (test)	1.0	0.6634994425567253	0.5467097667975064	0.4565321854401602	0.4074395062925124
3	100	kNN (full)	1.0	0.7222734391132416	0.5784807203879012	0.48786864451231715	0.4374554905942817
3	100	Random	1.0	0.1409384643984213	0.12987762641422304	0.08138184340391372	0.08103050778564728
3	100	iMF (full)	1.0	0.7460178040768792	0.5993534980374048	0.5123651134587749	0.45672546312091206
3	100	Popularity	1.0	0.579409643834607	0.47540983606557374	0.3833407259944079	0.3491506739151523
3	100	kNN (test)	1.0	0.7215718149191156	0.5791272223504964	0.4926095480359673	0.43919363428192587
3	100	Normalized kNN (test)	1.0	0.4870406643886988	0.41574694066035556	0.3223540793024202	0.2978164466065581
3	100	Average Rating	1.0	0.39758290033521565	0.3455552990071577	0.25350519098807994	0.23978806963072924
3	100	Normalized kNN (full)	1.0	0.6162428398421448	0.4981990302470561	0.37308386728007764	0.35638412600884856
3	100	iMF (test)	1.0	0.66335794778448	0.5483952897714154	0.45783639822283617	0.4116479648141125
4	100	kNN (full)	1.0	0.7231449988315387	0.5793350265527591	0.49108036102671226	0.43661377138646246
4	100	Random	1.0	0.13789693383791715	0.12936966058646965	0.07991555511993234	0.079865462649228
4	100	iMF (full)	1.0	0.7482444836888957	0.6006465019625953	0.5130792108298167	0.45592024023822053
4	100	Popularity	1.0	0.5796104701202606	0.4770722696836758	0.3841260185049935	0.348786628565451
4	100	kNN (test)	1.0	0.7219828846218458	0.5790348649272685	0.4912168742131194	0.43657131661742615
4	100	Normalized kNN (test)	1.0	0.4980842661104466	0.42422073424151463	0.32517557850612977	0.30155873289014684
4	100	Average Rating	1.0	0.39569532088696047	0.3477026090972062	0.2581738371511673	0.24229558645552557
4	100	Normalized kNN (full)	1.0	0.6159402892218273	0.4992611406141769	0.3712645295677533	0.35473006527721135
4	100	iMF (test)	1.0	0.6648882622738254	0.5479335026552759	0.4601674837365169	0.4097999001987517
5	100	kNN (full)	1.0	0.722533803908237	0.5800507965827753	0.48812491688486964	0.4355753743531826
5	100	Random	1.0	0.13735312157562268	0.12886169475871623	0.07729540928502358	0.07865905729831893
5	100	iMF (full)	1.0	0.7463281032384851	0.5994227661048257	0.5084799442136559	0.4530032260223213
5	100	Popularity	1.0	0.5779406610492052	0.4759870699607481	0.3783943673294097	0.346090552365321
5	100	kNN (test)	1.0	0.7241297720321441	0.5802124220734242	0.4911430281925559	0.4363192804156053
5	100	Normalized kNN (test)	1.0	0.4883182991008377	0.4182175017317017	0.3208273714238285	0.2967636866020388
5	100	Average Rating	1.0	0.39443974166179563	0.34389286538905567	0.25155221642333037	0.23780374840374544
5	100	Normalized kNN (full)	1.0	0.6152919542198991	0.49561302239667515	0.3711128856319995	0.3527066720669748
5	100	iMF (test)	1.0	0.6634885555773143	0.5471715539136458	0.45768078669090306	0.4083678264692985
1	200	kNN (full)	1.0	0.6699045900647448	0.5370815054259986	0.44231122714487503	0.3966372419657483
1	200	Random	1.0	0.08469476405044295	0.07961209882244286	0.04459718217724125	0.0464890142447495
1	200	iMF (full)	1.0	0.7003772463499908	0.5656661279150312	0.47017220252237474	0.4216997574869189
1	200	Popularity	1.0	0.5045362786835579	0.418794735626876	0.3155852483625998	0.29479892231930355
1	200	kNN (test)	1.0	0.6652826154524945	0.534980374047564	0.44087419383122983	0.395605409091984
1	200	Normalized kNN (test)	1.0	0.37956715550298076	0.3315400600323251	0.2375958576988955	0.22609930429780753
1	200	Average Rating	1.0	0.29168968409504564	0.2602632186561995	0.18641057442782075	0.1767149256563776
1	200	Normalized kNN (full)	1.0	0.5625615695308087	0.4557377049180328	0.3435461246195957	0.32475520377945044
1	200	iMF (test)	1.0	0.5647339530697983	0.47106903717386284	0.38106804920509807	0.3441050033031537
2	200	kNN (full)	1.0	0.6678883046502281	0.5344493188640036	0.4409689636849311	0.39499651438280436
2	200	Random	1.0	0.08403741878137988	0.07986608173631957	0.044657702297532104	0.04635991366671477
2	200	iMF (full)	1.0	0.7008026986846507	0.5625490648810898	0.4664247736624984	0.41878946964051217
2	200	Popularity	1.0	0.506739353195782	0.4169937658739321	0.31500538137151923	0.2933603621909057
2	200	kNN (test)	1.0	0.6643111146105134	0.5319787577926576	0.4392419079836176	0.393233211208056
2	200	Normalized kNN (test)	1.0	0.37645244769013086	0.32643731239898405	0.23113402761138788	0.2212441107981748
2	200	Average Rating	1.0	0.2863371988973945	0.24841837912722237	0.1727212775153122	0.1660214524188389
2	200	Normalized kNN (full)	1.0	0.563378134591782	0.45901639344262296	0.34412596056747025	0.32640745400576027
2	200	iMF (test)	1.0	0.5634965086609057	0.4698453013160933	0.37892659745943663	0.3425951250217715
3	200	kNN (full)	1.0	0.6698545747941985	0.5371276841376126	0.4446253918671882	0.4011180563232512
3	200	Random	1.0	0.083955630950309	0.08018933271761718	0.04470525446022205	0.04693169902270968
3	200	iMF (full)	1.0	0.6987417969572396	0.5628954052181945	0.4705248988201562	0.4231927704195348
3	200	Popularity	1.0	0.5046033911812299	0.41842530593396443	0.3199127345790601	0.2981052989750478
3	200	kNN (test)	1.0	0.6663387688683949	0.5350958208265989	0.4440762061784951	0.39969240691003155
3	200	Normalized kNN (test)	1.0	0.372431462526024	0.3266912953128608	0.23414484142563607	0.2246579546075049
3	200	Average Rating	1.0	0.2887503638170486	0.25846224890325564	0.18201580488270266	0.17543844323028515
3	200	Normalized kNN (full)	1.0	0.5632415041718619	0.45730778111290693	0.34619108473818916	0.32882263717763743
3	200	iMF (test)	1.0	0.5611962040305494	0.47111521588547683	0.3805378830734685	0.3467062266079554
4	200	kNN (full)	1.0	0.6704390440076743	0.5382359732163472	0.44582548520231263	0.3996441981347018
4	200	Random	1.0	0.08404538159250144	0.07868852459016394	0.04325510982436636	0.04558833248317665
4	200	iMF (full)	1.0	0.7029765778252439	0.5661048256753637	0.4720853651366158	0.42337768461517516
4	200	Popularity	1.0	0.5070736742169598	0.42024936504271526	0.3196565974441699	0.29717662725343025
4	200	kNN (test)	1.0	0.6672360410479926	0.5361348418379127	0.4443996877535843	0.39822162544240824
4	200	Normalized kNN (test)	1.0	0.3833739207592701	0.33336411914107594	0.2381217449842816	0.22752546222770456
4	200	Average Rating	1.0	0.2802515964156261	0.2531055183560379	0.17994074032040422	0.17171444821960266
4	200	Normalized kNN (full)	1.0	0.5629500285456241	0.458924036019395	0.344909536038408	0.32722004995297505
4	200	iMF (test)	1.0	0.5636566305135746	0.4705841607019164	0.3835589882879834	0.3453566600867869
5	200	kNN (full)	1.0	0.6681449939564948	0.5369198799353498	0.43926033077406734	0.3958719668614295
5	200	Random	1.0	0.08266458405614309	0.07755714615562227	0.04271228021885531	0.04470019059778539
5	200	iMF (full)	1.0	0.6999281341476481	0.5636111752482106	0.4661844461034263	0.4192545661074597
5	200	Popularity	1.0	0.5040650663334407	0.41824059108750866	0.3153648916412152	0.2942819727268257
5	200	kNN (test)	1.0	0.6670164783717942	0.5354883398753174	0.4404733114444394	0.3950955985059784
5	200	Normalized kNN (test)	1.0	0.37434540657116155	0.32953128607711846	0.23304177775901416	0.2234193793816675
5	200	Average Rating	1.0	0.27994114734851006	0.2514661740937428	0.17858722816325232	0.1703948637088006
5	200	Normalized kNN (full)	1.0	0.5620959566446151	0.45615331332255826	0.3458912896939625	0.3255290283500202
5	200	iMF (test)	1.0	0.5629957297902267	0.47028399907642576	0.3763762376966541	0.3417124136603932
1	500	kNN (full)	1.0	0.5769370717769289	0.462410528746248	0.3665629011655069	0.33290886573167455
1	500	Random	1.0	0.03944144651968502	0.03842068806280305	0.01950136281489347	0.021117990385628744
1	500	iMF (full)	1.0	0.6186154071618932	0.49875317478642345	0.40058095203603483	0.36337449952077583
1	500	Popularity	1.0	0.4019312831498371	0.33678134380050795	0.2366860004923142	0.22638088578952034
1	500	kNN (test)	1.0	0.5701512870300488	0.4585546063264835	0.3613893150091719	0.32933115982836875
1	500	Normalized kNN (test)	1.0	0.24372852038442935	0.2232509812976218	0.14406854792707038	0.14439145482535357
1	500	Average Rating	1.0	0.16386905670850113	0.1565920110828908	0.10347295570939691	0.10145619877551322
1	500	Normalized kNN (full)	1.0	0.4580853666775308	0.37457861925652275	0.2945735862037003	0.2709724043672845
1	500	iMF (test)	1.0	0.41736864681985675	0.3546063264834911	0.27210357532539375	0.2508503642003725
2	500	kNN (full)	1.0	0.5758408632375492	0.4625490648810898	0.36757993044116843	0.33329828757236835
2	500	Random	1.0	0.039203294062344275	0.037566381897945055	0.019659171699347427	0.020592689858914635
2	500	iMF (full)	1.0	0.6150521160466669	0.49771415377510964	0.3970585128310956	0.36163159389922767
2	500	Popularity	1.0	0.4017710606485156	0.3358346802124221	0.23466182156877	0.22524746627913544
2	500	kNN (test)	1.0	0.5687886496488861	0.45714615562225813	0.36062186144435787	0.3284210656040507
2	500	Normalized kNN (test)	1.0	0.24238066671248104	0.22015700761948742	0.14281538926399448	0.14187506725586924
2	500	Average Rating	1.0	0.17158289960173242	0.15456014777187715	0.10015184345421309	0.09867244807037356
2	500	Normalized kNN (full)	1.0	0.462289359051055	0.37961209882244284	0.29638464638416306	0.2738207405680094
2	500	iMF (test)	1.0	0.41577734475426625	0.35183560378665435	0.2707214915335259	0.2486841758723832
3	500	kNN (full)	1.0	0.578609799241723	0.46421149849919185	0.369341630592831	0.3375076874377531
3	500	Random	1.0	0.03918139886074339	0.036481182175017314	0.019321604260286566	0.020192150289137394
3	500	iMF (full)	1.0	0.6179262141913633	0.49914569383514207	0.40115334675266817	0.366236714759715
3	500	Popularity	1.0	0.4028995169714139	0.3391595474486262	0.2394642050719746	0.23034357180745899
3	500	kNN (test)	1.0	0.568472266924112	0.45728469175709996	0.36002502807531933	0.33074706100844325
3	500	Normalized kNN (test)	1.0	0.23461223855621688	0.21574694066035557	0.1413508953129703	0.1415613156905906
3	500	Average Rating	1.0	0.16417932542279742	0.15543754329254214	0.10104909734620962	0.10050053035978533
3	500	Normalized kNN (full)	1.0	0.46067619523183684	0.3799353498037405	0.2988876975636162	0.2774597588466197
3	500	iMF (test)	1.0	0.4148197230953844	0.35490648810898173	0.27122921540592015	0.25182526896528135
4	500	kNN (full)	1.0	0.5761738941203951	0.4638420688062803	0.3681745864977153	0.33539173300860936
4	500	Random	1.0	0.04006967677428516	0.03698914800277073	0.019309343394424187	0.020439706197797124
4	500	iMF (full)	1.0	0.6215177788425941	0.5018933271761717	0.4023596670611915	0.366367558682587
4	500	Popularity	1.0	0.4006307656557878	0.3372662202724544	0.2355130709891794	0.22719689007390226
4	500	kNN (test)	1.0	0.570039365871887	0.4595243592703764	0.365895546312483	0.33248240559179243
4	500	Normalized kNN (test)	1.0	0.2483485850303324	0.22597552528284462	0.14772936686681112	0.14652814915362083
4	500	Average Rating	1.0	0.15450867400128857	0.14858000461787116	0.09813927834281201	0.09567334006962123
4	500	Normalized kNN (full)	1.0	0.4617133482222146	0.38021242207342415	0.2979167628498279	0.2748892754482556
4	500	iMF (test)	1.0	0.4226783857285427	0.35853151697067653	0.27744128337995533	0.2547329592039136
5	500	kNN (full)	1.0	0.5782008644102988	0.46294158392980833	0.3654837297580299	0.33283102676862875
5	500	Random	1.0	0.039127519126910836	0.03722004156084046	0.018908564394479008	0.020388217108133978
5	500	iMF (full)	1.0	0.6196214524396133	0.4984299238051258	0.4000579474776894	0.3630136243133867
5	500	Popularity	1.0	0.40407827148751846	0.33728930962826137	0.23646929599071115	0.22659834148075578
5	500	kNN (test)	1.0	0.5727309139252789	0.4596167166936042	0.36212852761400394	0.32969190888112604
5	500	Normalized kNN (test)	1.0	0.2370380475547805	0.21837912722235048	0.14109425519934451	0.14079598839957497
5	500	Average Rating	1.0	0.15719335662422082	0.14957284691757103	0.09744121765223185	0.09627872490498597
5	500	Normalized kNN (full)	1.0	0.4606735874391654	0.3762410528746248	0.2968383479801337	0.2724267730643905
5	500	iMF (test)	1.0	0.4198738477443923	0.35513738166705144	0.270207500640467	0.2500635157655754
1	1000	kNN (full)	1.0	0.49323777132051155	0.3970907411683214	0.30554281243218967	0.28079846852355833
1	1000	Random	1.0	0.02045355633967239	0.019810667282382823	0.01010726055253483	0.010784547340275044
1	1000	iMF (full)	1.0	0.5428683446585356	0.4397598706996075	0.3431628238152913	0.3140951704013199
1	1000	Popularity	1.0	0.32214102799945865	0.2738397598706996	0.1787569677862258	0.1761572887793269
1	1000	kNN (test)	1.0	0.4855008661533253	0.3911567767259293	0.2974313072722837	0.27481647191672326
1	1000	Normalized kNN (test)	1.0	0.15504437745635843	0.14878780882013393	0.08940902760486867	0.09246778761009544
1	1000	Average Rating	1.0	0.0935291715363757	0.09946894481643963	0.06374243246924217	0.06281325457818013
1	1000	Normalized kNN (full)	1.0	0.3617926203474821	0.29866081736319555	0.24581662085771536	0.2198574850409744
1	1000	iMF (test)	1.0	0.30724627538354915	0.2629415839298083	0.19258990640096502	0.1810202835431636
2	1000	kNN (full)	1.0	0.4904717045582363	0.3938120526437312	0.3001724345388252	0.2770406418391405
2	1000	Random	1.0	0.02052522370857682	0.019464326945278228	0.009884633913126016	0.010584220552043206
2	1000	iMF (full)	1.0	0.5365720451404212	0.4347263911336874	0.3344042866040506	0.308710775744263
2	1000	Popularity	1.0	0.32293720483086485	0.27208496882936967	0.18091871066132983	0.1766228765835055
2	1000	kNN (test)	1.0	0.4843823565941336	0.3878780882013392	0.29306592178717716	0.2714954343109783
2	1000	Normalized kNN (test)	1.0	0.158213682034259	0.1482105749249596	0.08786373913371043	0.0907133417420806
2	1000	Average Rating	1.0	0.10635689416382348	0.10078503809743708	0.06319709888754521	0.06272103963630166
2	1000	Normalized kNN (full)	1.0	0.3586359347586386	0.2977141537751097	0.24156301891728252	0.2177514436278642
2	1000	iMF (test)	1.0	0.30416462107076264	0.26174093742784577	0.1910698808619317	0.17895677902834972
3	1000	kNN (full)	1.0	0.4929443094667177	0.3941814823366428	0.303630330423488	0.2802251879691786
3	1000	Random	1.0	0.021164571236018247	0.020157007619487417	0.009669578181670769	0.010568716732392331
3	1000	iMF (full)	1.0	0.5363362210895484	0.4359501269914569	0.33881912844819884	0.3128077233004155
3	1000	Popularity	1.0	0.3227689051140021	0.2729161856384207	0.1811580420203002	0.17888689794241855
3	1000	kNN (test)	1.0	0.48507865233018566	0.38995613022396675	0.29609974825151575	0.2756104456684553
3	1000	Normalized kNN (test)	1.0	0.14593665275340179	0.14070653428769336	0.08552370390170128	0.08903018082727439
3	1000	Average Rating	1.0	0.09311767447913913	0.09328099746017086	0.05796666770749875	0.05877185842250737
3	1000	Normalized kNN (full)	1.0	0.36032367945362975	0.30055414453936735	0.2455304651495606	0.22218870919147593
3	1000	iMF (test)	1.0	0.3077443445926349	0.26469637497113835	0.19268686349088196	0.18277068021110238
4	1000	kNN (full)	1.0	0.4941835777882764	0.3973678134380051	0.30560086046732315	0.2808781826340795
4	1000	Random	1.0	0.019961605843747697	0.019464326945278228	0.008987572084909752	0.010122278051275068
4	1000	iMF (full)	1.0	0.5414070411219952	0.4392519048718541	0.3410470955573981	0.31383501872203107
4	1000	Popularity	1.0	0.32280297761839194	0.27310090048487645	0.17935486588121477	0.1771667831661407
4	1000	kNN (test)	1.0	0.4864255602958814	0.39208035095820826	0.29852707006051804	0.2758700430245238
4	1000	Normalized kNN (test)	1.0	0.16066203689834446	0.15345185869314246	0.09098447793091963	0.09486293551573055
4	1000	Average Rating	1.0	0.08354083926924198	0.08843223274070654	0.05616654333973039	0.055708148214641734
4	1000	Normalized kNN (full)	1.0	0.3614638472889222	0.30032325098129764	0.2439974447669763	0.21947840568325364
4	1000	iMF (test)	1.0	0.3106627686006287	0.26421149849919184	0.19596706769124558	0.18272992848059036
5	1000	kNN (full)	1.0	0.4950176365726557	0.39628261371507734	0.30472526628120605	0.2792780131500209
5	1000	Random	1.0	0.020267835637062897	0.01985684599399677	0.00955819498855658	0.010717011025402047
5	1000	iMF (full)	1.0	0.5415188451342272	0.43680443315631495	0.340582837702501	0.31189748514023546
5	1000	Popularity	1.0	0.324819662805505	0.27400138536134844	0.18211732581888937	0.17765593142177072
5	1000	kNN (test)	1.0	0.48824727999651285	0.3925421380743477	0.2990721650048109	0.2754639628509411
5	1000	Normalized kNN (test)	1.0	0.15042800130818862	0.14361579311937198	0.08521315651839483	0.08834504002651962
5	1000	Average Rating	1.0	0.09215674012458644	0.09600554144539368	0.06063963661342839	0.060843245777073715
5	1000	Normalized kNN (full)	1.0	0.3628464560693442	0.2988917109212653	0.24719065404496923	0.21984712505541337
5	1000	iMF (test)	1.0	0.30620391423368437	0.2609558993304087	0.19128601781542126	0.1790060105495831
1	2000	kNN (full)	1.0	0.40690162053122125	0.3271069037173863	0.24346471768640596	0.22615086057857986
1	2000	Random	1.0	0.010724725399562209	0.010505656892172708	0.005370361123776973	0.005451068713828003
1	2000	iMF (full)	1.0	0.45383347286057685	0.36788270607250056	0.2769286460423976	0.25718276195398154
1	2000	Popularity	1.0	0.24948514528860521	0.21235280535673057	0.13004602889313288	0.13124583556633473
1	2000	kNN (test)	1.0	0.3996427357739646	0.3208496882936966	0.23429205278835283	0.2198880733413999
1	2000	Normalized kNN (test)	1.0	0.09001430888862592	0.09131840221657815	0.04920385747919902	0.05376482391816277
1	2000	Average Rating	1.0	0.040152883903769705	0.04756407296236435	0.02805589420619572	0.02926251969427352
1	2000	Normalized kNN (full)	1.0	0.2585141054091307	0.21891018240591087	0.18623438526916075	0.16256694785475936
1	2000	iMF (test)	1.0	0.2104062533851619	0.18208265989378897	0.12887295828766648	0.12298594291222244
2	2000	kNN (full)	1.0	0.40636207851983586	0.32505195105056567	0.2395575878263789	0.22393751936179548
2	2000	Random	1.0	0.010746298912478058	0.010390210113137843	0.0050488498480549095	0.0055530404117575165
2	2000	iMF (full)	1.0	0.45019036045418676	0.36559685984761026	0.2739539649294452	0.2549815056537163
2	2000	Popularity	1.0	0.24793661107969608	0.21166012468252138	0.13028124749038733	0.13102500165497863
2	2000	kNN (test)	1.0	0.3993983333075373	0.31918725467559456	0.23085853779486817	0.21763033114846383
2	2000	Normalized kNN (test)	1.0	0.09082780650020132	0.09106441930270147	0.0489219010638779	0.05274073921718422
2	2000	Average Rating	1.0	0.05600264252662061	0.05698453013160933	0.03449103818832841	0.0348682037302406
2	2000	Normalized kNN (full)	1.0	0.2565429903880612	0.2172477487878088	0.1812624084708981	0.16050280707114628
2	2000	iMF (test)	1.0	0.20826499968550335	0.18092819210344033	0.12699373551905657	0.12100025714908139
3	2000	kNN (full)	1.0	0.4051544579637547	0.32447471715539133	0.24200399122557953	0.225683401478103
3	2000	Random	1.0	0.01045196535566301	0.009836065573770493	0.004835688947306448	0.0052632771791888975
3	2000	iMF (full)	1.0	0.4507700286394004	0.36628954052181945	0.2763879594907984	0.25767354306818024
3	2000	Popularity	1.0	0.24609247301781592	0.21089817594089125	0.12874466253282124	0.13175303084264062
3	2000	kNN (test)	1.0	0.39879563913234795	0.3200646501962595	0.23440789888187674	0.22072232776537976
3	2000	Normalized kNN (test)	1.0	0.08085590761841083	0.08192103440314015	0.04580109845496288	0.049512749685814185
3	2000	Average Rating	1.0	0.04723961875580897	0.04860309397367813	0.029610175363749013	0.03027959605458705
3	2000	Normalized kNN (full)	1.0	0.2542073684261075	0.21609328099746017	0.18314549147301135	0.16185272791176983
3	2000	iMF (test)	1.0	0.20646633173430534	0.17991226044793351	0.1282179180822077	0.12218660564507924
4	2000	kNN (full)	1.0	0.4072168409834253	0.32823828215192796	0.2442977123958625	0.22674149799246712
4	2000	Random	1.0	0.011952580153747559	0.011406141768644656	0.005323838408900655	0.005944663770086877
4	2000	iMF (full)	1.0	0.4526626783750364	0.36841376125606096	0.27631091053902707	0.2569062983208356
4	2000	Popularity	1.0	0.24780686079062691	0.21175248210574926	0.12922463414104737	0.13094209442636986
4	2000	kNN (test)	1.0	0.3981177846244222	0.32091895636111756	0.23346359360435173	0.2193226335024448
4	2000	Normalized kNN (test)	1.0	0.09287764615635317	0.09307319325790811	0.050792865014830615	0.05498083431145106
4	2000	Average Rating	1.0	0.037707226509446384	0.0450473331794043	0.027251214841218036	0.027507428773644555
4	2000	Normalized kNN (full)	1.0	0.25721599987656313	0.21673978296005542	0.18325873998919265	0.16040199792327964
4	2000	iMF (test)	1.0	0.21210744470849116	0.18319094897252367	0.13109637295980114	0.12411872802269178
5	2000	kNN (full)	1.0	0.40873802157168154	0.32664511660124684	0.24246687301946734	0.22509339755278907
5	2000	Random	1.0	0.010961957596892238	0.0103440314015239	0.005158502607269985	0.005474029781254002
5	2000	iMF (full)	1.0	0.4546469984459614	0.3679057954283076	0.27905386613020716	0.25681231098972124
5	2000	Popularity	1.0	0.2502059438003511	0.21172939274994226	0.13159623171955337	0.13141466102965185
5	2000	kNN (test)	1.0	0.3994701899538779	0.31927961209882244	0.23414506927905857	0.2180702194960476
5	2000	Normalized kNN (test)	1.0	0.08369178000183064	0.08506118679288849	0.045613960556714836	0.04993813139230456
5	2000	Average Rating	1.0	0.03882191846382654	0.042530593396444244	0.026594905777193426	0.02651286459528587
5	2000	Normalized kNN (full)	1.0	0.25970314275161327	0.2173631955668437	0.18752469107912925	0.16193204342312734
5	2000	iMF (test)	1.0	0.2114223649283255	0.18217501731701685	0.12899808353913997	0.12225193837463409
1	3671	kNN (full)	1.0	0.3334149324028315	0.2676749018702378	0.19265016484280678	0.18132755522380664
1	3671	Random	1.0	0.00636015575800513	0.006095589933040869	0.0028350126442996614	0.0030938187388218014
1	3671	iMF (full)	1.0	0.37544507362772483	0.305957053798199	0.2235178949535869	0.20966068552836925
1	3671	Popularity	1.0	0.1933752232262658	0.16550450242438236	0.094817741135115	0.09818485612373853
1	3671	kNN (test)	1.0	0.32910714851098194	0.2634033710459478	0.1871703243767817	0.17697238644448873
1	3671	Normalized kNN (test)	1.0	0.05017581671193565	0.053313322558300624	0.026038481718784562	0.029995971438175423
1	3671	Average Rating	1.0	0.013866764022932762	0.017270838143615793	0.01006347165917641	0.01073117887222912
1	3671	Normalized kNN (full)	1.0	0.17858421718887357	0.1552297390902794	0.1325785404171492	0.11490044071085279
1	3671	iMF (test)	1.0	0.14378572883914664	0.12579081043638884	0.08675320258796679	0.08316634160328767
2	3671	kNN (full)	1.0	0.3319610656574306	0.26495035788501503	0.18978481627078767	0.17877697419645053
2	3671	Random	1.0	0.00574269496833363	0.005449087970445625	0.002582384201860215	0.002718397172142028
2	3671	iMF (full)	1.0	0.3723972253344668	0.3037866543523436	0.2195646179823782	0.2073095282973641
2	3671	Popularity	1.0	0.19053950003919456	0.16296467328561534	0.09307195102007937	0.0964739050644386
2	3671	kNN (test)	1.0	0.3296719688539629	0.26331101362271997	0.18526101143965953	0.175885561128872
2	3671	Normalized kNN (test)	1.0	0.05099512660784395	0.05414453936735165	0.025571467108438356	0.02948553377915796
2	3671	Average Rating	1.0	0.030112025258243545	0.03500346340337104	0.017695517499035546	0.019483200112649195
2	3671	Normalized kNN (full)	1.0	0.17733374349597308	0.15331332255830063	0.12930359220794296	0.11319859480371168
2	3671	iMF (test)	1.0	0.14706612039469624	0.12916185638420688	0.08855089502367654	0.08496153987354081
3	3671	kNN (full)	1.0	0.33149314119813406	0.2659893788963288	0.1933384429617507	0.18182508177891316
3	3671	Random	1.0	0.00618770407041503	0.006349572846917571	0.0023067744420309216	0.0029475103863239784
3	3671	iMF (full)	1.0	0.37163742184630244	0.30383283306395753	0.22129864751576178	0.20937410926129738
3	3671	Popularity	1.0	0.18928510328718268	0.16229508196721312	0.09305826926074426	0.09735613762158885
3	3671	kNN (test)	1.0	0.3272689646544273	0.2625721542368968	0.18614651831939194	0.17715700449111935
3	3671	Normalized kNN (test)	1.0	0.043349644266852644	0.046271069037173866	0.023932703380138642	0.026741191084611232
3	3671	Average Rating	1.0	0.015901539358261947	0.012953128607711846	0.008173025663020318	0.008254434975973229
3	3671	Normalized kNN (full)	1.0	0.17467508591248293	0.15296698222119604	0.13094234293894869	0.11423815948504885
3	3671	iMF (test)	1.0	0.15070251346081143	0.13167859616716696	0.08989598394465309	0.08712663761698838
4	3671	kNN (full)	1.0	0.332821628990605	0.2682290464096052	0.19274926166856476	0.18149919687349508
4	3671	Random	1.0	0.005509403430580937	0.005287462479796814	0.002502878773868123	0.002755593209331086
4	3671	iMF (full)	1.0	0.37506401240644516	0.3050103902101131	0.22304349174321314	0.2085998790346759
4	3671	Popularity	1.0	0.19116627359417418	0.16374971138305242	0.09318776559980643	0.09710125570842097
4	3671	kNN (test)	1.0	0.3270545960484694	0.26243361810205496	0.18397719883043062	0.17565522780952203
4	3671	Normalized kNN (test)	1.0	0.052010027101365985	0.05474486261833295	0.02790551720615868	0.031209784346016595
4	3671	Average Rating	1.0	0.01324534422752825	0.01770953590394828	0.009670699966476112	0.010350456135074817
4	3671	Normalized kNN (full)	1.0	0.17776982403575378	0.15384437774186102	0.13007145649052657	0.11370942097318106
4	3671	iMF (test)	1.0	0.15045143689092869	0.13218656199492035	0.08903135479801629	0.08673499404990653
5	3671	kNN (full)	1.0	0.33545611877652043	0.2676749018702378	0.19377413700016166	0.18078632720960375
5	3671	Random	1.0	0.006266313357661203	0.005933964442392058	0.0029219923037438595	0.003069096207339782
5	3671	iMF (full)	1.0	0.37444016542116326	0.3028861694758716	0.22318160993492284	0.20705250127213642
5	3671	Popularity	1.0	0.19443094889467316	0.16568921727083816	0.09686162241440638	0.09862761136633665
5	3671	kNN (test)	1.0	0.3290022444368851	0.26208727776495033	0.1858369947175276	0.17507817941318124
5	3671	Normalized kNN (test)	1.0	0.04524771404360395	0.04848764719464327	0.023536686202936637	0.027111933214551943
5	3671	Average Rating	1.0	0.012834244086485409	0.013276379589009466	0.008126939972157524	0.008174793355883059
5	3671	Normalized kNN (full)	1.0	0.17953068870354105	0.15349803740475643	0.13372458692781566	0.11411851648472869
5	3671	iMF (test)	1.0	0.14920401733054625	0.1286538905564535	0.08826950080180158	0.08456701478648151
