fold	target size	recommender system	Coverage@10	nDCG@10	P@10	Recall@10	FScore@10
3	100	Average Rating	1.0	0.36680988311253104	0.27531456953642386	0.19350877266258856	0.184512964970297
3	100	iMF (test)	1.0	0.626958936670075	0.5138079470198675	0.44575042620626415	0.3895634616663048
3	100	Normalized kNN (full)	0.7313245033112582	0.570622908298486	0.4552814569536424	0.34265453543327584	0.32524920546562913
3	100	Random	1.0	0.13755204095001783	0.12852649006622519	0.07996505301054527	0.08027032347585696
3	100	iMF (full)	1.0	0.7304487795659107	0.5795860927152318	0.5123820873878885	0.44606642478050995
3	100	Popularity	1.0	0.5118269159289891	0.4283112582781457	0.35145528612781446	0.31417418782069406
3	100	kNN (test)	1.0	0.6881802293735404	0.5449834437086093	0.4816010077342851	0.4179266518332553
3	100	Normalized kNN (test)	1.0	0.4156041918826738	0.34299668874172184	0.2512746324772023	0.23587659985141146
3	100	kNN (full)	0.99908940397351	0.6941301189783894	0.5487748344370861	0.48342776133416737	0.4206119341087375
3	200	Average Rating	1.0	0.2738723317242137	0.22475165562913907	0.15846846696419778	0.15049006014432523
3	200	iMF (test)	1.0	0.5517958973512542	0.45110927152317876	0.37556392226126645	0.33427788395444563
3	200	Normalized kNN (full)	0.7695860927152318	0.5275831023010091	0.4208940397350993	0.32372575016371413	0.3027121583531801
3	200	Random	1.0	0.08066478022880093	0.07594370860927152	0.04296739204251004	0.044534096925818396
3	200	iMF (full)	1.0	0.6862291541515364	0.5437251655629138	0.46921000433336224	0.4121666349310255
3	200	Popularity	1.0	0.44118747921628665	0.35771523178807946	0.26957547137275883	0.2500722762348493
3	200	kNN (test)	1.0	0.63368365541491	0.4970695364238411	0.42911837834628236	0.37516054694448514
3	200	Normalized kNN (test)	1.0	0.330847822054002	0.2862582781456954	0.203078783638883	0.19313690550874008
3	200	kNN (full)	1.0	0.6412762319470081	0.5028973509933775	0.43357805651504944	0.37957337172584693
3	50	Average Rating	1.0	0.5127975085602369	0.40211920529801326	0.29907229183943035	0.2792294018463709
3	50	iMF (test)	1.0	0.6853554019224678	0.5581788079470199	0.49636738053761525	0.4290360031576952
3	50	Normalized kNN (full)	0.7101324503311258	0.5928606260630965	0.47253311258278147	0.3504980022757306	0.3351860551258752
3	50	Random	1.0	0.22593836747142884	0.2042384105960265	0.14678164918248984	0.13817429783183865
3	50	iMF (full)	1.0	0.7585337291343348	0.6013576158940397	0.5395081717648279	0.4671262707056248
3	50	Popularity	1.0	0.5598586153543397	0.47857615894039734	0.41651459283458286	0.36420113132333204
3	50	kNN (test)	0.9996523178807947	0.7138364262296972	0.5670529801324503	0.5103010288583316	0.4392992400631352
3	50	Normalized kNN (test)	1.0	0.5057409140970007	0.4172350993377483	0.327530433049102	0.2975980106818125
3	50	kNN (full)	0.9928311258278145	0.720414084972119	0.5700993377483444	0.510805676900563	0.44079894201479947
3	2000	Average Rating	1.0	0.05861023302796052	0.06230132450331126	0.03836300594020847	0.03863117235693185
3	2000	iMF (test)	1.0	0.21846918133036317	0.18688741721854304	0.13606617293555445	0.12727546818814614
3	2000	Normalized kNN (full)	0.968841059602649	0.26240813846570804	0.2159437086092715	0.18941148116228174	0.1629696695099156
3	2000	Random	1.0	0.011195783207269746	0.010529801324503311	0.0050268906234488195	0.005651709652456354
3	2000	iMF (full)	1.0	0.44986209592881565	0.36096026490066224	0.27835109576808875	0.2555273810159586
3	2000	Popularity	1.0	0.23298520218138077	0.19947019867549667	0.123039791316341	0.12342716748428177
3	2000	kNN (test)	1.0	0.4081326256402258	0.3217218543046358	0.24755457764918928	0.2261324462360495
3	2000	Normalized kNN (test)	1.0	0.07919350287350875	0.08493377483443709	0.04795731542978407	0.05146430424912703
3	2000	kNN (full)	1.0	0.41074297183455555	0.32281456953642385	0.25066949204138655	0.22756269934146614
3	3706	Average Rating	1.0	0.016157669009139782	0.020413907284768214	0.010538791024920014	0.011505535385975558
3	3706	iMF (test)	1.0	0.14624137449892582	0.12650662251655628	0.08999676061891486	0.08417294058971012
3	3706	Normalized kNN (full)	0.9953145695364238	0.1727277858554996	0.1463245033112583	0.13185913773472022	0.11128046602303011
3	3706	Random	1.0	0.00636529258529723	0.005877483443708609	0.0030333498180791047	0.0032306797122533
3	3706	iMF (full)	1.0	0.36062219133289836	0.29072847682119207	0.21647927942459358	0.2006290863564465
3	3706	Popularity	1.0	0.17098256441647924	0.1456291390728477	0.08334995244718131	0.08611383679729186
3	3706	kNN (test)	1.0	0.3197219126703091	0.2540066225165563	0.18777805956208307	0.17373833358611288
3	3706	Normalized kNN (test)	1.0	0.04176069379828109	0.0468046357615894	0.022170399397475442	0.025551788839879894
3	3706	kNN (full)	1.0	0.32313846353978104	0.25682119205298015	0.19324072581436288	0.17720557299069697
3	1000	Average Rating	1.0	0.10167288375822059	0.08867549668874172	0.05475775674823792	0.05501220507676856
3	1000	iMF (test)	1.0	0.29655811616495764	0.25177152317880797	0.18970272245097722	0.17509156434573078
3	1000	Normalized kNN (full)	0.9241721854304635	0.3440128959640967	0.28077814569536425	0.238559448346496	0.20969733480813962
3	1000	Random	1.0	0.022562103053623862	0.02089403973509934	0.011020190436951904	0.01151974983088105
3	1000	iMF (full)	1.0	0.5190006090145924	0.4174172185430463	0.33370583046345687	0.3015365159797962
3	1000	Popularity	1.0	0.2719024079308552	0.23764900662251656	0.1565865598083911	0.1526026672931265
3	1000	kNN (test)	1.0	0.46085687796741304	0.3611092715231788	0.28788578199704934	0.25929145752487237
3	1000	Normalized kNN (test)	1.0	0.12520069170669168	0.12105960264900663	0.07731430910716239	0.07786433618577955
3	1000	kNN (full)	1.0	0.4695164775767061	0.3675662251655629	0.29705283349918116	0.26555025004298005
3	500	Average Rating	1.0	0.13987047098628064	0.11963576158940398	0.078137795853633	0.07649205041230649
3	500	iMF (test)	1.0	0.39254737492089636	0.329635761589404	0.2612986021732457	0.23645133826937442
3	500	Normalized kNN (full)	0.8554635761589404	0.4338548449609108	0.35172185430463576	0.2849726003459066	0.258259375732595
3	500	Random	1.0	0.04044260861897655	0.03806291390728477	0.01924864656951159	0.02083891719929577
3	500	iMF (full)	1.0	0.5962868860678409	0.4777317880794702	0.39566637322059267	0.3527428188804775
3	500	Popularity	1.0	0.3455234789127556	0.29258278145695366	0.20586460893703126	0.19594542339666668
3	500	kNN (test)	1.0	0.5393019150926806	0.42822847682119203	0.35234924098579595	0.3138970555978479
3	500	Normalized kNN (test)	1.0	0.17976227095761632	0.16804635761589404	0.11698055529896721	0.11284194545315476
3	500	kNN (full)	1.0	0.5471612892964928	0.4329801324503311	0.35844557614851014	0.3182854940252494
3	5	Average Rating	0.9834105960264901	0.724191604223236	0.5991721854304636	0.5694613057431225	0.47732578652958385
3	5	iMF (test)	0.9834437086092715	0.8113863357809208	0.6532781456953642	0.6049938746389395	0.5158725821453647
3	5	Normalized kNN (full)	0.6886754966887417	0.6279740453599937	0.5024006622516556	0.36380161160112756	0.3525592403644331
3	5	Random	0.9834437086092715	0.5569337860418527	0.4675827814569536	0.47785853078383056	0.38486957287278645
3	5	iMF (full)	0.9834437086092715	0.8093131366881108	0.6404139072847682	0.5979314714865518	0.5082399320253597
3	5	Popularity	0.9834105960264901	0.6836938021301775	0.5764238410596026	0.557534532762903	0.4635260785961975
3	5	kNN (test)	0.9405629139072847	0.7798061317004097	0.6223344370860927	0.5812477608590333	0.49357168837876
3	5	Normalized kNN (test)	0.9615562913907285	0.7398349178589302	0.6079966887417219	0.5740670419909015	0.4830462740698578
3	5	kNN (full)	0.9144867549668875	0.7778253257365824	0.6189735099337749	0.5680701888721862	0.48743276895965915
3	20	Average Rating	1.0	0.5540043964635678	0.44566225165562917	0.36536933108617714	0.3243328515302243
3	20	iMF (test)	1.0	0.7382750433139867	0.6021854304635761	0.5487707143461173	0.46951248856288114
3	20	Normalized kNN (full)	0.7027152317880794	0.6056713512946796	0.4854470198675497	0.35631272035602624	0.3427327569663755
3	20	Random	1.0	0.34713901737369246	0.3093543046357616	0.25975649592335487	0.2284273840028944
3	20	iMF (full)	1.0	0.7779276732618792	0.617317880794702	0.5651001852389147	0.4847108658280245
3	20	Popularity	1.0	0.5837743296448811	0.49865894039735104	0.4668178933790788	0.39073039646377933
3	20	kNN (test)	0.9944039735099337	0.7273116427767803	0.5792218543046358	0.5348470674307203	0.4540141418774796
3	20	Normalized kNN (test)	0.9997185430463577	0.5800866308813865	0.4742384105960265	0.421800814542323	0.35915750121305684
3	20	kNN (full)	0.972433774834437	0.7349536469558803	0.5838907284768211	0.5333714163330204	0.45617405562967767
3	10	Average Rating	0.9999834437086093	0.6626165676548232	0.5426158940397351	0.4941422213946198	0.4193175888844368
3	10	iMF (test)	0.9999834437086093	0.7921244507321197	0.6387582781456953	0.588296050565064	0.5022035132036865
3	10	Normalized kNN (full)	0.6911423841059603	0.622832966602038	0.4974834437086093	0.3616647156892158	0.3497279524375709
3	10	Random	0.9999834437086093	0.4537055600571257	0.3930298013245033	0.3690286359916731	0.3086502951300485
3	10	iMF (full)	0.9999834437086093	0.7994722756900671	0.6318377483443709	0.5831807311875905	0.4985543235622093
3	10	Popularity	0.9999834437086093	0.6634718551239539	0.5585596026490066	0.5289888349030906	0.44291859504837366
3	10	kNN (test)	0.9684602649006623	0.770384826431321	0.613112582781457	0.5695678094490682	0.48403857907005127
3	10	Normalized kNN (test)	0.9880960264900663	0.6877588686747778	0.562864238410596	0.5244754803441763	0.4398055679356469
3	10	kNN (full)	0.9360099337748344	0.7701298768394551	0.6110099337748345	0.5597042441768827	0.4797739354672959
3	1	Average Rating	0.9123509933774835	0.8436527957173747	0.6605794701986755	0.620958808393066	0.5282727615065244
3	1	iMF (test)	0.9124006622516556	0.8676293559941439	0.6822019867549669	0.6324786697222965	0.5416712173665829
3	1	Normalized kNN (full)	0.6754139072847682	0.6471715568234057	0.5140728476821192	0.36903657939982265	0.3594269694787604
3	1	Random	0.9124006622516556	0.6560779089143591	0.5280794701986755	0.5468633076026967	0.4432402319409507
3	1	iMF (full)	0.9124006622516556	0.8362756192523827	0.6559271523178808	0.6154522085816126	0.5231746295653631
3	1	Popularity	0.9123509933774835	0.7909051058351992	0.6203973509933774	0.6003033794136574	0.5033686169512737
3	1	kNN (test)	0.8778476821192053	0.8334279844690118	0.6531788079470199	0.6072172014402342	0.5194296612872905
3	1	Normalized kNN (test)	0.8864238410596027	0.8531435649180396	0.6683774834437086	0.6235571229290308	0.5329668887348145
3	1	kNN (full)	0.8626986754966887	0.8210459749433422	0.6445364238410596	0.5885226644286209	0.5083513888226603
3	2	Average Rating	0.9365066225165563	0.8429953571734669	0.6600827814569536	0.6201816362458608	0.5276826586329219
3	2	iMF (test)	0.9365562913907285	0.8663248087349528	0.6810761589403973	0.6315489442254839	0.5407263268042793
3	2	Normalized kNN (full)	0.6754139072847682	0.6471715568234057	0.5140728476821192	0.36903657939982265	0.3594269694787604
3	2	Random	0.9365562913907285	0.6260503514154461	0.511158940397351	0.5306743857726095	0.42791598310883283
3	2	iMF (full)	0.9365562913907285	0.8350250378923169	0.6549503311258278	0.6137840552053179	0.5219215267640048
3	2	Popularity	0.9365066225165563	0.7893462168806622	0.6194536423841059	0.598923551092604	0.5022760297901906
3	2	kNN (test)	0.8870529801324504	0.8331906633716641	0.6530132450331125	0.6070048544605031	0.5192464908888884
3	2	Normalized kNN (test)	0.9036754966887417	0.8512591783264835	0.6674172185430464	0.6223183251649848	0.5319147167886288
3	2	kNN (full)	0.8671523178807947	0.8208143631218199	0.6443377483443709	0.5882281213153693	0.5081215573667919
3	0	Average Rating	0.8847682119205298	0.8471551726896873	0.6630132450331125	0.624157548186688	0.5309720968821556
3	0	iMF (test)	0.8848509933774834	0.8676163341307517	0.6817384105960265	0.6329809375042164	0.541803129352039
3	0	Normalized kNN (full)	0.6754139072847682	0.647182090066485	0.5140894039735099	0.36904249236103365	0.35943568331633446
3	0	Random	0.8848509933774834	0.6913359468481409	0.5469701986754967	0.5642513606956289	0.4600387502761987
3	0	iMF (full)	0.8848509933774834	0.8381286868197149	0.6564403973509934	0.6165297412110987	0.5239727853575853
3	0	Popularity	0.8847682119205298	0.7910872134923554	0.6205132450331126	0.6004863527133526	0.5035084390588084
3	0	kNN (test)	0.8742384105960265	0.8335711140314634	0.6532781456953642	0.6073408480291126	0.5195393929922184
3	0	Normalized kNN (test)	0.8810264900662251	0.8555849579003897	0.6697019867549668	0.6248214373130832	0.5341921317777885
3	0	kNN (full)	0.8612086092715231	0.8211034040043886	0.6445364238410596	0.5885226644286209	0.5083513888226603
2	100	Average Rating	1.0	0.36727096383797125	0.2834271523178808	0.208533847884092	0.19472700788616043
2	100	iMF (test)	1.0	0.6265723063208245	0.5115728476821192	0.4475911419323616	0.39144544671109627
2	100	Normalized kNN (full)	0.7331788079470198	0.5721664466739492	0.4574006622516556	0.34350812249365054	0.32744913926409336
2	100	Random	1.0	0.14235544099298128	0.13003311258278144	0.08402841473409446	0.0829273540693055
2	100	iMF (full)	1.0	0.7234503433899492	0.5778807947019867	0.5076755677755588	0.4452859518435341
2	100	Popularity	1.0	0.5119202629307477	0.42387417218543044	0.3488064640124821	0.3116778157378224
2	100	kNN (test)	1.0	0.6899068453058061	0.5460430463576159	0.48321204094710557	0.4202556220473499
2	100	Normalized kNN (test)	1.0	0.4108539547495075	0.34246688741721854	0.2569264848360628	0.23895681329086127
2	100	kNN (full)	0.99908940397351	0.695882721366594	0.5507284768211921	0.483591415026818	0.4226653504718987
2	200	Average Rating	1.0	0.25216569377344433	0.2083774834437086	0.15200500607693757	0.1426193693255077
2	200	iMF (test)	1.0	0.5433006535218107	0.44678807947019866	0.3749140077008608	0.3338426506243212
2	200	Normalized kNN (full)	0.7714238410596026	0.5285619533607693	0.4232284768211921	0.3250621608349194	0.3053519963773604
2	200	Random	1.0	0.08396989572595145	0.07902317880794703	0.046085581049525474	0.04700906691041453
2	200	iMF (full)	1.0	0.6828526320739051	0.5448509933774834	0.4690182288082034	0.41459755343992566
2	200	Popularity	1.0	0.4424708743186477	0.3544867549668874	0.267851629956004	0.24844124366532316
2	200	kNN (test)	1.0	0.6369875194395459	0.4995860927152318	0.42921831328611215	0.3776195505671738
2	200	Normalized kNN (test)	1.0	0.32416375402181663	0.2827317880794702	0.20427854131200487	0.19296475506766458
2	200	kNN (full)	1.0	0.6432878652726115	0.50591059602649	0.43309160747965697	0.38196119914472176
2	50	Average Rating	1.0	0.513016874389184	0.40203642384105964	0.304838644311462	0.2824941990431683
2	50	iMF (test)	1.0	0.6902991515448269	0.5633278145695364	0.5070186683264609	0.43773033477912726
2	50	Normalized kNN (full)	0.7115728476821191	0.5948674159360091	0.4750331125827814	0.3516900763967359	0.33778077504924864
2	50	Random	1.0	0.21390807638090537	0.1942384105960265	0.13695405890966428	0.1304311232387992
2	50	iMF (full)	1.0	0.7573168293624777	0.6016059602649007	0.5407524485506902	0.4695490291925813
2	50	Popularity	1.0	0.5618035785001212	0.47647350993377485	0.41618091365358895	0.3638921226033891
2	50	kNN (test)	0.9997019867549669	0.7167164053910982	0.5687086092715232	0.5135384547000909	0.4429314974053173
2	50	Normalized kNN (test)	1.0	0.5040982123861375	0.4135927152317881	0.3274570531378694	0.2975562666062179
2	50	kNN (full)	0.9913079470198676	0.7232892203014001	0.57341059602649	0.513960864577217	0.44523565596192016
2	2000	Average Rating	1.0	0.0623633342925653	0.06769867549668875	0.04462414741107033	0.04337722188279671
2	2000	iMF (test)	1.0	0.22029927250376458	0.18796357615894038	0.13669225890860734	0.12842804136511188
2	2000	Normalized kNN (full)	0.970794701986755	0.2588489861767201	0.2156953642384106	0.18652834579716893	0.16209901450763506
2	2000	Random	1.0	0.010647188248730285	0.01033112582781457	0.004830271279468107	0.005439764341356491
2	2000	iMF (full)	1.0	0.4442229004910907	0.35991721854304637	0.2768768239351388	0.25547484743760535
2	2000	Popularity	1.0	0.21307546503862312	0.19322847682119204	0.11925880108383573	0.1205460774143997
2	2000	kNN (test)	1.0	0.39956088974992454	0.3182615894039735	0.2418338656547473	0.22356286068453138
2	2000	Normalized kNN (test)	1.0	0.07470664349785157	0.08149006622516557	0.04716006149817076	0.05008757752970864
5	100	Average Rating	1.0	0.3859405376210451	0.29317880794701984	0.2101051519445156	0.1986610618675632
2	2000	kNN (full)	1.0	0.40329748659990977	0.3208112582781457	0.24694968358284444	0.22650349225896813
5	100	iMF (test)	1.0	0.6319779944285833	0.5175662251655629	0.45135782591752943	0.39506104769275
4	100	Average Rating	1.0	0.3924004212185026	0.3063907284768212	0.21757628461400932	0.2081750696771531
4	100	iMF (test)	1.0	0.6262387093703721	0.5122847682119205	0.4469168025469832	0.3910661291566228
5	5	Average Rating	0.9855298013245034	0.7576688549666255	0.6163741721854304	0.5785691556862245	0.49159207778229697
5	100	Normalized kNN (full)	0.7336092715231788	0.5738256605956197	0.4588245033112583	0.3461312990732751	0.32894405640731755
5	100	Random	1.0	0.13417747855487697	0.12688741721854305	0.08101290124715747	0.07996623384754332
5	5	iMF (test)	0.985546357615894	0.8411860932429625	0.6687417218543046	0.6190077398454294	0.5323886493799044
4	100	Normalized kNN (full)	0.7354801324503312	0.5699856592939517	0.45533112582781454	0.34391189214040674	0.3265474845265222
4	100	Random	1.0	0.14120903026563522	0.1292384105960265	0.0811345390529967	0.08097964671693493
5	5	Normalized kNN (full)	0.6800165562913908	0.6389729625023203	0.5088079470198675	0.3695249778400335	0.35868027664148555
5	5	Random	0.985546357615894	0.5576326608561695	0.45591059602649003	0.45793769348567837	0.37307869176506253
2	3706	Average Rating	1.0	0.015076396943542512	0.018294701986754966	0.010664276767179515	0.010997070004017987
2	3706	iMF (test)	1.0	0.1433843224809779	0.12364238410596028	0.08760042992309187	0.08283439021496074
2	3706	Normalized kNN (full)	0.9955132450331126	0.1679920184611695	0.14394039735099337	0.1308755613941493	0.11039236691889487
2	3706	Random	1.0	0.005171496374165252	0.005264900662251656	0.0024460752002728545	0.0027965673094553574
5	100	iMF (full)	1.0	0.728668448697423	0.581771523178808	0.5115327303377443	0.44909519046582286
4	100	iMF (full)	1.0	0.7305717912355515	0.5829801324503311	0.5105952012502825	0.4486134911821123
5	100	Popularity	1.0	0.5137212917942443	0.4277814569536424	0.3494575856873946	0.3140380619086418
4	100	Popularity	1.0	0.5143277199648908	0.4300827814569536	0.3537632637610976	0.3166947899050063
5	100	kNN (test)	1.0	0.6904894326318373	0.5491059602649007	0.48557608613436937	0.4231270744663864
4	100	kNN (test)	1.0	0.6874081215264702	0.545546357615894	0.48252635941594935	0.4202333883298359
5	5	iMF (full)	0.985546357615894	0.823875554237165	0.650182119205298	0.6047783976306622	0.5187012213754159
5	5	Popularity	0.9855298013245034	0.7539969728227618	0.6005794701986755	0.577424868019018	0.4861497553381953
5	5	kNN (test)	0.9271523178807947	0.8161671464745454	0.6428973509933774	0.5957217832967441	0.5125570873593269
5	100	Normalized kNN (test)	1.0	0.42984960996748495	0.35788079470198675	0.2618478996968659	0.2470869677777352
4	100	Normalized kNN (test)	1.0	0.41414180960676356	0.34440397350993374	0.25488694161410336	0.23885448712065796
5	100	kNN (full)	0.9993708609271523	0.6957311702270349	0.5534437086092715	0.486993262179888	0.42567135362146163
4	100	kNN (full)	0.9990562913907285	0.6919530161843599	0.5481291390728477	0.4821551959953889	0.4214741202167943
5	5	Normalized kNN (test)	0.952317880794702	0.7815639115005236	0.630430463576159	0.5903875344565669	0.5034311408221851
2	3706	iMF (full)	1.0	0.35594053776245116	0.28971854304635763	0.21431060612205338	0.2003222665321007
2	3706	Popularity	1.0	0.16948828911356792	0.14549668874172186	0.08483639581685883	0.08779494968795501
5	5	kNN (full)	0.8967715231788079	0.8075166227237146	0.6373509933774835	0.5809910312130021	0.5046617931988577
2	3706	kNN (test)	1.0	0.3175405877332266	0.25256622516556293	0.18749984471697428	0.1742879911018511
5	1	Average Rating	0.9154304635761589	0.8444113803491676	0.6657615894039735	0.6244181112786188	0.5353013071067364
5	1	iMF (test)	0.9155132450331126	0.8676898446262218	0.6843377483443708	0.6332394144902395	0.5462109451203727
2	3706	Normalized kNN (test)	1.0	0.033459335648169386	0.03879139072847682	0.020057252698668586	0.022245751947402685
5	1	Normalized kNN (full)	0.6764238410596026	0.6462200114641592	0.5144205298013245	0.37197211333232094	0.3618997870706112
5	1	Random	0.9155132450331126	0.6594585404969485	0.5344867549668875	0.5492907214262137	0.45007920845749966
2	3706	kNN (full)	1.0	0.32138255927247505	0.25572847682119204	0.19330024903229273	0.17796529028275238
4	5	Average Rating	0.9832781456953642	0.7085348006316277	0.5921688741721854	0.558973460738283	0.47177842527351393
4	2000	Average Rating	1.0	0.05517508054234136	0.054701986754966896	0.03405859966763631	0.03438406433604853
4	200	Average Rating	1.0	0.25928382165939234	0.22124172185430463	0.1581221394397435	0.1505470689003722
4	5	iMF (test)	0.9833112582781457	0.8123420197327452	0.6564569536423841	0.6067604840208569	0.5208181890095659
4	200	iMF (test)	1.0	0.540852234459476	0.44380794701986753	0.37089114676460005	0.3308559274834284
4	2000	iMF (test)	1.0	0.21916679819396495	0.1869205298013245	0.13731776894557216	0.12809347334343654
5	1	iMF (full)	0.9155132450331126	0.837290101793907	0.6596688741721854	0.617258792710657	0.528758572187352
5	1	Popularity	0.9154304635761589	0.7924055684498179	0.6244867549668874	0.6014099821377029	0.5086125734262305
5	1	kNN (test)	0.8804801324503312	0.8327191210934843	0.6552483443708609	0.6065258358984579	0.5232951449142504
4	5	Normalized kNN (full)	0.691407284768212	0.6309768993296311	0.5047847682119205	0.36722131844335293	0.3559269312927867
4	5	Random	0.9833112582781457	0.5860451667972248	0.4769370860927152	0.48077102817372197	0.39249238851920976
4	2000	Normalized kNN (full)	0.9722847682119206	0.25674145451215785	0.21211920529801326	0.18541825432153913	0.1597369314873733
4	200	Normalized kNN (full)	0.7755298013245033	0.5248101356136927	0.4202814569536424	0.3244674776866744	0.30373628146295656
4	2000	Random	1.0	0.011009967543351814	0.010678807947019867	0.005143606464899818	0.005637846421976957
4	200	Random	1.0	0.08826107720273176	0.08175496688741722	0.045579848413886084	0.04796037386647858
1	100	Average Rating	1.0	0.31206506950130486	0.2735430463576159	0.19626775700038335	0.1868077626003926
1	5	Average Rating	0.9851158940397352	0.752902575231937	0.6095364238410595	0.5754549812702908	0.48553637451514026
1	100	iMF (test)	1.0	0.6234405250319642	0.509271523178808	0.4461353908034107	0.3892613833954748
5	20	Average Rating	1.0	0.5444449957963711	0.4426158940397351	0.3543198058197021	0.32062521071789424
1	5	iMF (test)	0.9851324503311258	0.8444212753610352	0.6666059602649007	0.6203705121531352	0.5308363978480171
5	20	iMF (test)	1.0	0.7372093624151119	0.6030132450331126	0.5490240213806944	0.472552079732133
1	100	Normalized kNN (full)	0.7298675496688741	0.569879967558101	0.45536423841059603	0.3446052734457358	0.3276164980299498
1	100	Random	1.0	0.13868510042367874	0.12875827814569538	0.08102660276696018	0.08115091132185884
5	1	Normalized kNN (test)	0.8902980132450331	0.851082880301753	0.6707781456953642	0.6241667136080283	0.5374708149747235
5	200	Average Rating	1.0	0.18504750921569613	0.1721026490066225	0.12439192448783572	0.11708157728494184
4	1000	Average Rating	1.0	0.06748918670755519	0.06375827814569537	0.04039058708634759	0.04032785906351877
1	5	Normalized kNN (full)	0.6797847682119205	0.6389271834346336	0.5092880794701986	0.3695478371533461	0.3594786201412392
1	5	Random	0.9851324503311258	0.5461832815877985	0.45622516556291387	0.4701761030459734	0.3780017713692834
5	1	kNN (full)	0.8647682119205298	0.8210427298308773	0.6477317880794702	0.589549685828945	0.5134309391501236
5	20	Normalized kNN (full)	0.7042218543046358	0.606353270125753	0.48677152317880795	0.35938220511745367	0.34556697231155237
5	20	Random	1.0	0.3497454940239788	0.31223509933774835	0.26064735376507764	0.23076617118510778
5	200	iMF (test)	1.0	0.5503146465787729	0.4518874172185431	0.3770384593087116	0.33679351280653086
4	1000	iMF (test)	1.0	0.29914460661162423	0.25183774834437084	0.19165980411530056	0.17645586252024378
5	200	Normalized kNN (full)	0.7711092715231788	0.5313361633902659	0.42543046357615893	0.32772730826726415	0.3069868799079676
5	200	Random	1.0	0.08444673575702333	0.07872516556291391	0.04594088479379648	0.04706198577421564
5	2000	Average Rating	1.0	0.06186666138021189	0.06887417218543046	0.04679167933002788	0.04496979174998728
4	1000	Normalized kNN (full)	0.9243046357615894	0.3432887981297867	0.27950331125827815	0.23827213726219823	0.2092461163416092
4	1000	Random	1.0	0.022233475415863006	0.0205794701986755	0.011245201114172277	0.01159309960953069
5	2000	iMF (test)	1.0	0.21755823881203348	0.18596026490066225	0.13739077474706526	0.12760786336449148
5	2000	Normalized kNN (full)	0.9705960264900662	0.25744977952405207	0.21410596026490067	0.1865548824088315	0.16127786813780237
5	2000	Random	1.0	0.011869417953463076	0.01087748344370861	0.006064479083352268	0.005889786681671521
2	1000	Average Rating	1.0	0.09905432553390363	0.10187086092715233	0.06807400787829858	0.06592963450072231
2	1000	iMF (test)	1.0	0.3004179391567342	0.2538245033112583	0.19100637532500922	0.17735151312293607
4	5	iMF (full)	0.9833112582781457	0.8122880935163129	0.6449006622516557	0.5995046206147159	0.5132679692612762
4	5	Popularity	0.9832781456953642	0.6893337521779818	0.5814072847682119	0.5614567138984333	0.4697673545064271
4	2000	iMF (full)	1.0	0.4469700410332212	0.36038079470198675	0.27853858256158176	0.25593606742314373
4	2000	Popularity	1.0	0.22734725957878127	0.19241721854304636	0.12035238439412024	0.11982226328501959
4	200	iMF (full)	1.0	0.6868020628201582	0.547748344370861	0.46990008418727525	0.4159660357818904
4	200	Popularity	1.0	0.44118840900708917	0.35693708609271524	0.2708027353526119	0.25091426977520065
2	1000	Normalized kNN (full)	0.9239900662251656	0.34863978381274396	0.2858443708609272	0.24020782061818122	0.2129516661673328
2	1000	Random	1.0	0.019781670338966263	0.01892384105960265	0.009548690475153195	0.010192881952645547
4	5	kNN (test)	0.9334933774834437	0.7802705243722519	0.6241887417218542	0.5817467972645218	0.4969922504024548
4	2000	kNN (test)	1.0	0.3995082830695127	0.31427152317880797	0.2443864716231413	0.2225846029715229
4	200	kNN (test)	1.0	0.631148627536759	0.49579470198675496	0.4264319108468676	0.3749063286218526
1	100	iMF (full)	1.0	0.7274153018634726	0.5781788079470198	0.5089732226144151	0.4457729666202745
1	100	Popularity	1.0	0.521885377993574	0.43362582781456954	0.3573488770412913	0.3187695762589755
1	5	iMF (full)	0.9851324503311258	0.8253282206674708	0.6482450331125827	0.606639923679877	0.5175150498209838
1	5	Popularity	0.9851158940397352	0.7592254046838448	0.6005629139072848	0.5796029892893998	0.48521826690779635
4	5	Normalized kNN (test)	0.9495033112582781	0.7443940566863682	0.6132450331125828	0.5789313829966927	0.4904410874182462
1	100	kNN (test)	1.0	0.6905409530193966	0.5464569536423841	0.4837883666482833	0.4208329610905139
4	2000	Normalized kNN (test)	1.0	0.08322710644368105	0.08832781456953642	0.0487641204452792	0.052834697304280746
5	20	iMF (full)	1.0	0.7761011063858123	0.6197516556291391	0.5645992479829747	0.48828924316125716
5	20	Popularity	1.0	0.5868654261411854	0.49970198675496685	0.46774807699552995	0.39284779053616325
4	200	Normalized kNN (test)	1.0	0.3228579004931084	0.2825993377483444	0.2013718958934151	0.19186939805247266
4	5	kNN (full)	0.909817880794702	0.7785855668970448	0.6210927152317881	0.5686426510961089	0.49104017949524925
1	5	kNN (test)	0.9258443708609272	0.8160039724770575	0.6398675496688742	0.5969443755540859	0.510335027720678
4	2000	kNN (full)	1.0	0.40258931052337105	0.3175165562913907	0.24708136868928232	0.22519082075963143
4	200	kNN (full)	1.0	0.6389779992037411	0.5028145695364239	0.43240918415037144	0.38076973449083085
5	20	kNN (test)	0.994023178807947	0.728377496002071	0.5826655629139074	0.5349858544397568	0.4581563768243255
5	200	iMF (full)	1.0	0.687192952301725	0.5473344370860928	0.4720871374827631	0.4169535836196877
5	200	Popularity	1.0	0.440983312690569	0.35397350993377485	0.2628331155660236	0.24677079210435815
4	1000	iMF (full)	1.0	0.5238977204406092	0.4220364238410596	0.3364959385499336	0.305913142105516
4	1000	Popularity	1.0	0.2771372363828535	0.24008278145695364	0.15950010478319626	0.15566633093704646
5	200	kNN (test)	1.0	0.6363887995797585	0.5004635761589404	0.43083984369682804	0.3789166854246247
4	1000	kNN (test)	1.0	0.46029647632944587	0.3597019867549669	0.28937388497080546	0.2602111591982477
1	100	Normalized kNN (test)	1.0	0.4048164282514388	0.3355298013245033	0.24610433231008616	0.23197212692965016
1	5	Normalized kNN (test)	0.9525331125827815	0.7757505518980851	0.6248675496688741	0.591399393259542	0.5004935034668958
1	100	kNN (full)	0.9989735099337749	0.6953076437992125	0.5488410596026491	0.48376651923912983	0.4219406023939513
5	2000	iMF (full)	1.0	0.44557749333123614	0.3586423841059602	0.27715669762674155	0.2544936425718079
5	2000	Popularity	1.0	0.21571628236403592	0.19473509933774835	0.12137224672390551	0.12131327094818058
5	20	Normalized kNN (test)	0.9997847682119205	0.5676522911826437	0.4678973509933775	0.41537664511502886	0.35521475534185076
1	5	kNN (full)	0.893294701986755	0.8065271933569353	0.632930463576159	0.5815228204053877	0.5012823366301703
5	2000	kNN (test)	1.0	0.40020438999359453	0.3171523178807947	0.24317563536609416	0.22315467665741898
5	20	kNN (full)	0.9729801324503311	0.7353925509804909	0.5880960264900662	0.5344012266626781	0.4610847582797332
5	200	Normalized kNN (test)	1.0	0.35068418575298077	0.29894039735099337	0.20934543997393812	0.20108164921418242
4	1000	Normalized kNN (test)	1.0	0.13992913657411202	0.1335927152317881	0.08170711723762991	0.08403800682736942
5	200	kNN (full)	1.0	0.6435393409105664	0.507317880794702	0.4377285710784056	0.3844374276347289
4	1000	kNN (full)	1.0	0.4675094233791758	0.36668874172185434	0.296332808687927	0.26603682985829014
4	3706	Average Rating	1.0	0.011100841442814976	0.013625827814569539	0.008394424183994142	0.008471926251470115
4	3706	iMF (test)	1.0	0.14630887804872383	0.125794701986755	0.08945531601612842	0.08411985815174372
2	1000	iMF (full)	1.0	0.5205476585793293	0.42079470198675495	0.33497617219880144	0.30504497773556377
2	1000	Popularity	1.0	0.26686480817006397	0.23509933774834438	0.15391227412215047	0.15157416144752325
5	2000	Normalized kNN (test)	1.0	0.09087234453286114	0.09259933774834438	0.05095257153574204	0.05501032171062399
4	3706	Normalized kNN (full)	0.9960761589403974	0.1712500127191773	0.14730132450331127	0.1335521656788172	0.11267187393490438
4	3706	Random	1.0	0.005440711923324175	0.005248344370860927	0.0027748759960131283	0.002910295045792176
2	1000	kNN (test)	1.0	0.46261519026772846	0.3638741721854305	0.28798807085018163	0.2615709401079676
5	2000	kNN (full)	1.0	0.4028733180104288	0.31932119205298015	0.24654340989705423	0.2252234266323611
5	2	Average Rating	0.9391059602649007	0.8436521689188307	0.6651158940397351	0.6234282039269565	0.5345353557031371
5	2	iMF (test)	0.9391721854304637	0.8656106357661737	0.6840397350993378	0.6331801798797583	0.5460921177773068
5	2	Normalized kNN (full)	0.6764238410596026	0.646201626725202	0.5144039735099337	0.3719638351866255	0.3618887495430174
5	2	Random	0.9391721854304637	0.6269620334941797	0.5159602649006623	0.5320718259374847	0.43359774970820475
2	1000	Normalized kNN (test)	1.0	0.12108727913744205	0.12062913907284768	0.07742151654755679	0.0780018213777877
2	1000	kNN (full)	1.0	0.4709000290834399	0.3716721854304636	0.29767198904919295	0.2684911401228807
4	3706	kNN (full)	1.0	0.32108443360408323	0.2544867549668874	0.19301082112550094	0.17720850137662927
4	3706	Popularity	1.0	0.17135433796440236	0.14478476821192052	0.08611652945217599	0.08749842721790353
4	3706	kNN (test)	1.0	0.31872825187223525	0.2520198675496689	0.1883061905951696	0.17420021027266763
5	3706	Average Rating	1.0	0.011491252713346898	0.014983443708609271	0.008789737416711072	0.008962916473065909
5	3706	iMF (test)	1.0	0.14517296045198114	0.12536423841059605	0.08809134113562084	0.08373895986422844
5	3706	Normalized kNN (full)	0.9952649006622516	0.17159097733758477	0.14625827814569536	0.13228757784879333	0.11146754069498002
5	3706	Random	1.0	0.005254216422591541	0.005364238410596026	0.0025482472666931875	0.0029255003893965082
4	3706	Normalized kNN (test)	1.0	0.04431390410405628	0.04933774834437086	0.023818626819092123	0.027286915561088514
4	50	Average Rating	1.0	0.5004941514187379	0.39033112582781454	0.28602129939940446	0.2704509712436942
4	50	iMF (test)	1.0	0.6952467714157594	0.5660596026490067	0.5041827167096895	0.437940823145422
4	50	Normalized kNN (full)	0.7142052980132451	0.5955517549864845	0.4757119205298014	0.3533549055606557	0.3383025761436986
4	50	Random	1.0	0.2118102449254445	0.19528145695364238	0.13646655139925812	0.13061243392620397
4	20	Average Rating	1.0	0.5412376187876479	0.4348344370860927	0.34587505856545325	0.3135625071057892
4	20	iMF (test)	1.0	0.7394168114490777	0.6018211920529801	0.5454833727756608	0.470179648820114
5	2	iMF (full)	0.9391721854304637	0.8348731209148532	0.6581125827814569	0.6153582717862042	0.5271935354892758
5	2	Popularity	0.9391059602649007	0.7909992093629311	0.6235264900662252	0.5999760334520986	0.5074916856951615
4	20	Normalized kNN (full)	0.7065066225165563	0.6084333234652549	0.48824503311258277	0.3593802639827799	0.34593163985891484
4	20	Random	1.0	0.3491127271086901	0.3106953642384106	0.2579129708047652	0.22989471782073242
5	2	kNN (test)	0.8905298013245033	0.8324427803683633	0.6551490066225165	0.606399752452838	0.5231849842297838
5	1000	Average Rating	1.0	0.09303825635643155	0.08975165562913907	0.058575955817343546	0.05757498252762186
5	1000	iMF (test)	1.0	0.29611569365868123	0.2514569536423841	0.18915366858698052	0.17556294392392618
1	20	Average Rating	1.0	0.44114513236675007	0.3951324503311258	0.3197864076872142	0.28638865095451643
1	200	Average Rating	1.0	0.24076922378882085	0.2093708609271523	0.15421306814352248	0.14436893606615112
5	1000	Normalized kNN (full)	0.9235927152317881	0.3423088798339802	0.2800496688741722	0.23637036690701116	0.20860764130525783
5	1000	Random	1.0	0.019960710895310423	0.01947019867549669	0.009148213078670525	0.010394124454469609
1	20	iMF (test)	1.0	0.7366713423226123	0.6018543046357615	0.5526597284044028	0.47280745069487073
5	10	Average Rating	0.9999503311258278	0.6108548124040829	0.5068211920529802	0.4491580682136586	0.3864626900558115
1	200	iMF (test)	1.0	0.5417286411236618	0.44460264900662255	0.37346841745869414	0.3321068201372329
5	2	Normalized kNN (test)	0.9075165562913907	0.8497325038106848	0.6699503311258278	0.6231850228374304	0.5365904416707706
5	2	kNN (full)	0.8694370860927152	0.820834735979975	0.6476158940397351	0.5894002193094453	0.5133045158899866
5	10	iMF (test)	0.9999503311258278	0.7719256963547309	0.6278807947019868	0.5763612506495267	0.4947226082029087
5	50	Average Rating	1.0	0.5030865537619578	0.39753311258278146	0.2924071743475112	0.2759463908362857
1	20	Normalized kNN (full)	0.7027814569536425	0.6057191748654244	0.48596026490066224	0.3590072149223173	0.3457726542435634
1	20	Random	1.0	0.3399438596718485	0.30322847682119203	0.25143109306452904	0.22382832265386834
1	200	Normalized kNN (full)	0.7670198675496689	0.5253591366483555	0.42023178807947015	0.325651974921233	0.30487045601934853
1	200	Random	1.0	0.08587309983683139	0.08024834437086092	0.04524192203869634	0.047075903505095364
5	50	iMF (test)	1.0	0.6930817471294776	0.5664569536423841	0.5086796033240552	0.4402757212259795
5	3706	iMF (full)	1.0	0.36145105428503266	0.29312913907284766	0.21870825093231994	0.20313965279344467
5	3706	Popularity	1.0	0.17310352390243947	0.14748344370860927	0.08760476646512394	0.08925787636395921
5	10	Normalized kNN (full)	0.6989238410596027	0.6145969155338806	0.4932450331125828	0.3622882237231745	0.3493085924345697
5	10	Random	0.9999503311258278	0.4609206167828528	0.3984602649006622	0.3734657906568912	0.31375509832052667
5	3706	kNN (test)	1.0	0.3184361211420461	0.2531291390728477	0.18808240412146845	0.1744086659045811
5	50	Normalized kNN (full)	0.7119867549668873	0.5944115690288816	0.47513245033112583	0.35411586086017477	0.3387837281390879
5	50	Random	1.0	0.22272799115681535	0.20077814569536426	0.14479687816792194	0.1356672231553233
4	50	iMF (full)	1.0	0.7582988274381428	0.6041059602649007	0.5378727066182896	0.4699797880473093
4	50	Popularity	1.0	0.5614243045513589	0.47902317880794704	0.4174107581980715	0.3653217608625936
4	50	kNN (test)	0.9994205298013245	0.7139609025949366	0.5678973509933775	0.5111210765257163	0.4419522468513497
4	500	Average Rating	1.0	0.11537260847401887	0.0997682119205298	0.06788239849974788	0.06586445403860956
4	1	Average Rating	0.9126324503311258	0.841212591254263	0.6640397350993378	0.6214309010996969	0.5326244700180363
5	3706	Normalized kNN (test)	1.0	0.04590823558743678	0.04975165562913907	0.023583421246888628	0.027286497926836115
4	500	iMF (test)	1.0	0.3933472410402174	0.32798013245033114	0.26217705929291496	0.23679776483576165
4	1	iMF (test)	0.9127317880794701	0.8672859570401593	0.6846192052980133	0.6325370853348298	0.5456309529675865
5	3706	kNN (full)	1.0	0.32028346344042663	0.2551324503311258	0.19184314327060423	0.17682119986684336
4	500	Normalized kNN (full)	0.8610927152317881	0.43347460048393494	0.35163907284768214	0.2845378704599219	0.25830864720520436
4	500	Random	1.0	0.041799463252180244	0.03903973509933775	0.021244294831952885	0.022195948792234906
4	1	Normalized kNN (full)	0.6782947019867549	0.6495287889005245	0.5166556291390728	0.37251052553367303	0.3628820331470806
4	1	Random	0.9127317880794701	0.6608171981745224	0.5322682119205299	0.5491194961173357	0.44890440605615606
4	20	iMF (full)	1.0	0.776736219438191	0.6206622516556292	0.5635799710102897	0.4876768690850954
4	20	Popularity	1.0	0.5863742125209124	0.5008774834437086	0.46901255202418385	0.3940157502196517
2	500	Average Rating	1.0	0.13541379650992488	0.12109271523178808	0.08105990066770778	0.07865916455586358
4	50	Normalized kNN (test)	1.0	0.5071694964252853	0.4179470198675497	0.3271744951933547	0.2993944856695122
4	50	kNN (full)	0.9923013245033112	0.7196086901963188	0.570976821192053	0.5109530020702299	0.44345823541295126
4	20	kNN (test)	0.9939072847682119	0.7273557040754077	0.5801986754966888	0.5345118077772261	0.4565638975679573
2	500	iMF (test)	1.0	0.3969952823640687	0.3339569536423841	0.26481581420857436	0.24127953032975255
2	500	Normalized kNN (full)	0.8578807947019869	0.43518723556259403	0.3546688741721854	0.28617985850950567	0.260763240300486
2	500	Random	1.0	0.03906826575403757	0.03693708609271523	0.01945158041641137	0.0207335898225815
5	1000	iMF (full)	1.0	0.5168181918712088	0.41589403973509936	0.33142519211200644	0.3009504224393817
5	1000	Popularity	1.0	0.28201334654654137	0.24359271523178808	0.16278412269512849	0.1587248852443188
4	20	Normalized kNN (test)	0.9998344370860928	0.5753483793109796	0.4716225165562914	0.4166460054661131	0.3577203078564413
5	1000	kNN (test)	1.0	0.46046563818596126	0.3612748344370861	0.28766043936383706	0.26015567995600425
4	20	kNN (full)	0.9719039735099338	0.7347899045990391	0.5850496688741722	0.534218842840274	0.4592522218914842
5	50	kNN (full)	0.9929635761589404	0.721636075470865	0.5748675496688741	0.5135019334199552	0.44638235442690855
5	50	Popularity	1.0	0.5613730944461277	0.47768211920529796	0.4150276832631686	0.36404991931420105
1	20	iMF (full)	1.0	0.7775091686091378	0.6183774834437086	0.5660413415379351	0.4869644056195909
1	20	Popularity	1.0	0.5925241169183582	0.5029139072847681	0.47314987270167197	0.39539320328058297
1	200	iMF (full)	1.0	0.6855147142892154	0.5433278145695364	0.470347653751107	0.4139282960833731
1	200	Popularity	1.0	0.4469329629991421	0.3601490066225166	0.27552338551357275	0.25321166764222025
5	50	kNN (test)	0.9997682119205299	0.7157376189291687	0.5709437086092716	0.5131822748059341	0.44419460454864956
5	10	iMF (full)	0.9999503311258278	0.7916357094643452	0.6306622516556291	0.5798031846762403	0.4992084237159355
5	10	Popularity	0.9999503311258278	0.622992924306033	0.5308774834437087	0.5022348677677556	0.42118838899245464
1	20	kNN (test)	0.9950331125827815	0.7297177284173513	0.5809105960264901	0.5365440428173134	0.4572646883924127
1	200	kNN (test)	1.0	0.6336454053982157	0.49635761589403976	0.42933517488141315	0.3759983277188841
5	10	kNN (test)	0.9796854304635761	0.7487974257786545	0.599387417218543	0.5543200985380388	0.4739322446995903
5	50	iMF (full)	1.0	0.7586288333330836	0.6043708609271523	0.5415269526728815	0.47188804725300276
5	1000	Normalized kNN (test)	1.0	0.14068823065383518	0.13125827814569538	0.079557391350967	0.08222639910027647
5	1000	kNN (full)	1.0	0.46646639551964175	0.3668046357615894	0.29432796670450584	0.2647870535925358
4	3706	iMF (full)	1.0	0.3645681047607077	0.2952814569536424	0.2208998468331858	0.20518147550616767
1	20	Normalized kNN (test)	0.9997682119205299	0.5541769448262022	0.45576158940397354	0.40800285572389466	0.3472926514991262
1	200	Normalized kNN (test)	1.0	0.3175106047952224	0.27195364238410596	0.19317545312255904	0.18421232852491057
1	20	kNN (full)	0.9712913907284769	0.736722200325632	0.5844039735099338	0.5356535270801391	0.4588193579547174
5	10	Normalized kNN (test)	0.9936423841059603	0.6475991400266266	0.5324006622516556	0.4909646372143276	0.4141860568607162
1	200	kNN (full)	1.0	0.6401598599425101	0.500976821192053	0.43166922738424607	0.3792421954571624
5	0	Average Rating	0.8877980132450332	0.8459909826305425	0.666887417218543	0.6258638339702024	0.5365474157778393
5	10	kNN (full)	0.9528145695364238	0.7522645975261761	0.6015066225165563	0.5490049538113778	0.47347404456837233
4	500	iMF (full)	1.0	0.5954452319994736	0.47882450331125825	0.3939095571599624	0.35445874744775396
4	500	Popularity	1.0	0.3410718651929318	0.29091059602649005	0.2055664269316006	0.19584649515124974
5	0	iMF (test)	0.8878807947019868	0.8698115947873385	0.6871192052980132	0.6353350063050732	0.5483923266966846
4	1	iMF (full)	0.9127317880794701	0.8401342611456041	0.6610430463576159	0.6172276836227856	0.5287773845251889
4	1	Popularity	0.9126324503311258	0.7942725169287895	0.6248013245033113	0.6017956505129423	0.5082655800724493
4	500	kNN (test)	1.0	0.5382702783804483	0.4259437086092715	0.3502046438627523	0.3129771606732319
4	1	kNN (test)	0.877864238410596	0.8337495983766827	0.6553311258278145	0.6075198979702302	0.5229300927228023
5	0	Normalized kNN (full)	0.6764238410596026	0.6462353775071685	0.5144370860927152	0.37198484894108297	0.36191418384573365
5	0	Random	0.8878807947019868	0.6905712702296626	0.5511258278145695	0.5653100443476947	0.46528616737022904
2	500	iMF (full)	1.0	0.59122847215275	0.4769701986754967	0.39166567037977734	0.35257699838979195
2	500	Popularity	1.0	0.34323522674811385	0.29124172185430464	0.20444754571591067	0.1957217747959251
2	500	kNN (test)	1.0	0.5395097060195246	0.42884105960264896	0.3509321692939342	0.31458196619133594
4	500	Normalized kNN (test)	1.0	0.20074706156107522	0.1837251655629139	0.12147903697573549	0.12018942621306425
4	1	Normalized kNN (test)	0.8867880794701987	0.8530549591548373	0.6718708609271523	0.6245342434573955	0.5376202140177742
4	500	kNN (full)	1.0	0.5473213724728034	0.4341721854304636	0.35786129088479707	0.3196958478628208
4	1	kNN (full)	0.8625662251655628	0.82202037563214	0.6471357615894039	0.5891268167920731	0.512239986678975
2	500	Normalized kNN (test)	1.0	0.19398656849642343	0.18215231788079472	0.12435017253709163	0.12144550268010734
2	500	kNN (full)	1.0	0.54664260062067	0.43461920529801323	0.35605285623277133	0.3190872681194307
5	0	kNN (full)	0.8632119205298013	0.8211811830627685	0.6477649006622517	0.5896064502565703	0.5134724921951828
5	0	Popularity	0.8877980132450332	0.7925867390455793	0.6246192052980132	0.6016221260460388	0.5087732532145859
5	0	kNN (test)	0.8767549668874173	0.8328891309574482	0.6553311258278145	0.6066199732732244	0.5233817455157157
5	0	Normalized kNN (test)	0.8842218543046357	0.8544732986013973	0.6727317880794702	0.62587208842748	0.5391406052034197
5	500	Average Rating	1.0	0.10116032869516713	0.09622516556291391	0.06355815620306239	0.06216078044404472
4	0	Average Rating	0.8849834437086093	0.8474446363666335	0.6679139072847682	0.6262322890189497	0.5367563293457289
5	500	iMF (test)	1.0	0.38914515546406414	0.32839403973509934	0.25767780039859545	0.2355951286494698
4	0	iMF (test)	0.8850993377483444	0.8698502089499989	0.6854139072847681	0.6338111849350528	0.5466122823295336
4	0	Random	0.8850993377483444	0.6975241061007446	0.5521688741721854	0.567133970551707	0.4661980227065436
5	0	iMF (full)	0.8878807947019868	0.8388535462095942	0.660364238410596	0.6180593070253517	0.529417450239149
5	500	Normalized kNN (full)	0.8592880794701987	0.4337276913348093	0.35170529801324507	0.28423891805381535	0.2581183768018163
5	500	Random	1.0	0.038914715222584564	0.03711920529801325	0.018498165484339035	0.02040536553376395
4	0	Normalized kNN (full)	0.6782947019867549	0.6495397581428182	0.5166721854304636	0.3725171480502293	0.3628914938850182
4	10	Average Rating	1.0	0.6412617643163296	0.5293046357615894	0.47301071266037875	0.40704912962096096
4	0	kNN (full)	0.8609602649006622	0.8221379533698144	0.6472350993377484	0.5892623609756306	0.5123506420425494
4	0	Popularity	0.8849834437086093	0.7944622844319735	0.6249172185430464	0.6019657466971113	0.5084024941095873
4	2	Average Rating	0.936771523178808	0.8403943096985952	0.6633609271523179	0.6203909426218245	0.531812525125414
4	2	Random	0.9368543046357617	0.6290236067822416	0.515728476821192	0.5334563524418204	0.43393979770215185
4	10	iMF (test)	1.0	0.7905358202997238	0.6382781456953642	0.5862345481580724	0.5036700801608405
4	0	kNN (test)	0.8740728476821191	0.8338836367150702	0.6554139072847682	0.6076301478197185	0.5230210209263133
4	2	iMF (test)	0.9368543046357617	0.8677785373404471	0.6841225165562914	0.6317394441769693	0.5449999136192417
4	10	Normalized kNN (full)	0.6932615894039735	0.6261952958787609	0.500248344370861	0.36504326997294256	0.3531575198874331
4	10	Random	1.0	0.4523425175674768	0.3928807947019868	0.3702233415795258	0.31006552778216157
4	2	Normalized kNN (full)	0.6782947019867549	0.6494961020627735	0.5166059602649007	0.37246558702846966	0.3628351236548069
4	2	kNN (full)	0.8664735099337748	0.8217874269705147	0.6469039735099338	0.5888434545509295	0.5119863285757894
4	2	Popularity	0.936771523178808	0.7928284667047126	0.6237417218543047	0.6001690366926199	0.5070421822260736
5	500	kNN (full)	1.0	0.5452035530302473	0.43324503311258283	0.3559044408223233	0.3185950817723267
5	500	Popularity	1.0	0.3441185230380217	0.28832781456953643	0.20090232121419063	0.19313729347776468
4	2	kNN (test)	0.8862086092715231	0.8334393572682094	0.6550331125827815	0.6071011289173552	0.5225859353956447
5	500	kNN (test)	1.0	0.5363885740524057	0.42647350993377486	0.34963367965706144	0.31333329593282305
4	0	Normalized kNN (test)	0.8810927152317881	0.8564440283765575	0.6740894039735099	0.6264223273447094	0.5395287028452965
4	10	kNN (full)	0.9336092715231789	0.7703956087578653	0.6127814569536424	0.5595804751086209	0.48291753409133287
4	10	Popularity	1.0	0.6676333441244787	0.5622350993377484	0.531667666799776	0.44769400985122354
4	10	kNN (test)	0.9663410596026489	0.7702388426302876	0.6143377483443708	0.5691466788048508	0.48666409466064897
1	10	Average Rating	1.0	0.6534337060119952	0.5354635761589404	0.48997776844382945	0.41514794230394153
4	2	Normalized kNN (test)	0.9024668874172185	0.8510214466778915	0.6706622516556292	0.6227967025766427	0.5362733637132198
1	10	iMF (test)	1.0	0.7944019057673747	0.639023178807947	0.5917298737399166	0.5054070530163468
1	50	Average Rating	1.0	0.4121342392079175	0.36374172185430464	0.27500754991426674	0.2555679351349712
5	500	Normalized kNN (test)	1.0	0.19170084371299617	0.17395695364238412	0.11411564782720254	0.11379817850460223
1	50	iMF (test)	1.0	0.6900179278571651	0.5616059602649006	0.5040166497258497	0.4352346029088583
1	10	Normalized kNN (full)	0.6913576158940398	0.6228141046591481	0.49829470198675496	0.3645646625209608	0.3529794885446747
1	10	Random	1.0	0.45831567463658635	0.3933774834437086	0.3743886484979045	0.3111689626412866
4	10	Normalized kNN (test)	0.9871026490066226	0.6821425405659011	0.560115894039735	0.5194813323704893	0.4388507448468733
1	50	Normalized kNN (full)	0.7095364238410596	0.5930164502757812	0.47377483443708607	0.3532971131595481	0.3384950219295419
1	50	Random	1.0	0.208054228340717	0.18968543046357617	0.13289465827624375	0.1272762801742031
5	500	iMF (full)	1.0	0.5937409912945167	0.47725165562913907	0.39447803489000555	0.35339462869065924
4	2	iMF (full)	0.9368543046357617	0.8385774052115419	0.6594370860927152	0.6153466914097319	0.5272026496252754
1	1	Average Rating	0.9133609271523179	0.8444850340519158	0.6610430463576159	0.6239739457154749	0.5314237084690402
1	1	iMF (test)	0.9134271523178809	0.8687659404766018	0.6821688741721854	0.6343935278935414	0.5443083600286504
1	1	Normalized kNN (full)	0.6770198675496688	0.6485804899305195	0.5164569536423841	0.37229776221724353	0.36324816139838856
1	1	Random	0.9134271523178809	0.6591055455114961	0.5286092715231788	0.548783243615451	0.44607239177481484
2	5	Average Rating	0.9846688741721854	0.7200983010654737	0.5982119205298013	0.5707475705861211	0.47948941374429394
2	5	iMF (test)	0.9846854304635762	0.8151080901579432	0.6587913907284768	0.6127097624895695	0.5240324071080046
2	5	Normalized kNN (full)	0.6899006622516556	0.6283941785040387	0.5026490066225165	0.36466005607268537	0.35439119513620476
2	5	Random	0.9846854304635762	0.558800871931403	0.46917218543046363	0.4803341202927069	0.3884098293915974
1	10	iMF (full)	1.0	0.7987284520572335	0.6327483443708609	0.5851117667793296	0.5016029169887596
1	10	Popularity	1.0	0.6699892051143159	0.5623675496688741	0.5350642568914658	0.4478340747593787
1	10	kNN (test)	0.9690562913907286	0.7698564631815594	0.6124006622516557	0.5708171105557254	0.48594676039178053
1	50	iMF (full)	1.0	0.7593712702600919	0.6017218543046358	0.5389657353023318	0.4687967402399861
1	50	Popularity	1.0	0.5675458448886054	0.48152317880794704	0.4215698144387536	0.3673405935113014
1	50	kNN (test)	0.9998675496688741	0.7165953572482806	0.5689735099337748	0.512449558721641	0.44264915639467123
4	10	iMF (full)	1.0	0.800360293688053	0.6363079470198676	0.5835676858901004	0.5033968679749835
4	0	iMF (full)	0.8850993377483444	0.8424502710640267	0.6625331125827815	0.6189445243181764	0.5301653271728171
1	10	Normalized kNN (test)	0.9883940397350993	0.67554625460618	0.5553973509933775	0.5217319608182251	0.437164770845092
1	10	kNN (full)	0.9343046357615894	0.7699459691002054	0.610182119205298	0.5617951786481808	0.48202540569526137
1	50	Normalized kNN (test)	1.0	0.48531882594005343	0.4022185430463576	0.31280842461385105	0.287378352444542
1	1	iMF (full)	0.9134271523178809	0.8386529287048604	0.6576490066225166	0.6184921377335187	0.5269247989090796
1	1	Popularity	0.9133609271523179	0.796243661229492	0.6241390728476821	0.6037610776366651	0.5075886402500048
1	50	kNN (full)	0.9926324503311258	0.7219395809712159	0.5706456953642384	0.5114599428732942	0.44298019326867655
1	1	kNN (test)	0.8782450331125828	0.8344121029028233	0.6545364238410596	0.6094074582094821	0.522642844929254
1	0	Average Rating	0.8861589403973509	0.8469365285000855	0.6627980132450332	0.6265036414612303	0.5334205244458832
2	5	iMF (full)	0.9846854304635762	0.8080519176308504	0.6426324503311258	0.6007697087181317	0.5125315739409645
2	5	Popularity	0.9846688741721854	0.6899602741367475	0.5796192052980133	0.5639412993179297	0.4695476255100938
1	0	iMF (test)	0.8862417218543046	0.8685931655820414	0.6825993377483444	0.6352907132123008	0.5448462255943325
2	5	kNN (test)	0.9362748344370861	0.7814105371686579	0.6239403973509934	0.5838673085377947	0.4976267372040414
1	1	Normalized kNN (test)	0.8876655629139073	0.8547137726680664	0.6686754966887417	0.6264879503731529	0.5360134148215896
1	0	Normalized kNN (full)	0.6770198675496688	0.6486154082609645	0.5165066225165562	0.3723090071921413	0.36326596622811796
1	0	Random	0.8862417218543046	0.6920203395760245	0.5474337748344371	0.5663343710550234	0.4628259189164649
1	1	kNN (full)	0.8625496688741722	0.8211978642012167	0.6445529801324503	0.5906560489336266	0.5106187824816717
1	2	Average Rating	0.937251655629139	0.8436323842725175	0.6603145695364239	0.6228534335933072	0.5305642472823616
1	2	iMF (test)	0.9373178807947019	0.8672379087060358	0.6814900662251655	0.6339054016750442	0.543653827614659
5	50	Normalized kNN (test)	1.0	0.504254793043479	0.41779801324503313	0.3287022998437319	0.29937668799836226
1	0	kNN (full)	0.8613410596026491	0.8212836154593665	0.6446026490066226	0.5907139959534942	0.5106710853112923
1	0	Popularity	0.8861589403973509	0.7964445733904962	0.6243046357615895	0.6040115900933033	0.5077865853220733
2	5	Normalized kNN (test)	0.9528311258278146	0.747363183497978	0.6136920529801324	0.582619263694668	0.4919571243383073
1	2	Normalized kNN (full)	0.6770529801324503	0.6485693572355988	0.5164403973509935	0.37228271104325195	0.36323239350182596
1	2	Random	0.9373178807947019	0.6210326874400344	0.5064900662251656	0.5285005864687239	0.4268266584123448
2	5	kNN (full)	0.9112582781456954	0.7789660068425959	0.620728476821192	0.5696811270125148	0.49102138722662514
1	0	kNN (test)	0.8749172185430464	0.8344952162488337	0.6545860927152317	0.6094725007828028	0.5226991146777714
1	3706	Average Rating	1.0	0.016400977497289717	0.021440397350993377	0.012280810782296647	0.01293060390949719
1	0	Normalized kNN (test)	0.8822847682119205	0.8560765525072145	0.6697847682119206	0.6276809007699404	0.5371181903172668
1	3706	iMF (test)	1.0	0.14308508495832445	0.12337748344370862	0.08814511756606812	0.08297645726626353
1	3706	Normalized kNN (full)	0.995248344370861	0.1706261587894294	0.14500000000000002	0.13142961017695037	0.11111517877468716
1	3706	Random	1.0	0.006003869052480506	0.005910596026490067	0.002861399269123562	0.0031213626851790176
1	0	iMF (full)	0.8862417218543046	0.8412382099172374	0.6589403973509934	0.6200570481788338	0.5283077264105456
1	3706	kNN (full)	1.0	0.32163226860163235	0.2545860927152318	0.19392227769439707	0.17732965753888816
1	3706	Popularity	1.0	0.171448864007565	0.14589403973509935	0.08700460334989468	0.08755458896951955
1	3706	kNN (test)	1.0	0.3195949799532942	0.2522682119205298	0.190010101747848	0.1744094994299382
1	2	iMF (full)	0.9373178807947019	0.8380983232853417	0.6574006622516556	0.6175714582626686	0.5263155270181298
1	2	Popularity	0.937251655629139	0.7948343727447963	0.623112582781457	0.6023246103144362	0.5064160402452896
1	2	kNN (test)	0.8875662251655628	0.8339763136000408	0.654271523178808	0.6090041942548936	0.5223324662085868
1	3706	Normalized kNN (test)	1.0	0.043855395315661704	0.04793046357615894	0.02380938149831722	0.02722314623845999
1	2000	Average Rating	1.0	0.050468029079184434	0.05486754966887418	0.03531449052183488	0.03509302156703665
1	500	Average Rating	1.0	0.11831704148009015	0.11031456953642385	0.07450273130590723	0.0720636003158293
1	2000	iMF (test)	1.0	0.21430414666841618	0.18317880794701988	0.13447887316084173	0.12583438780099598
1	2000	Random	1.0	0.01193268351638105	0.010910596026490067	0.0055802652958101655	0.005936186719857338
1	1000	Average Rating	1.0	0.07042323097259097	0.07293046357615894	0.0453476069669692	0.045784557334098655
1	500	iMF (test)	1.0	0.3923209308230125	0.32879139072847685	0.26006341924342247	0.23687246391944497
1	2	Normalized kNN (test)	0.9066721854304636	0.8526118859475686	0.6674172185430464	0.6247357642314799	0.5346112632324983
1	2	kNN (full)	0.8664735099337748	0.8209330635676139	0.644453642384106	0.5905328622417313	0.5105091475971614
1	1000	iMF (test)	1.0	0.28952403991550596	0.2446688741721854	0.18773948476979854	0.17194295080894784
1	1000	Random	1.0	0.02201990054638582	0.020844370860927153	0.010677655017714803	0.01164458824441089
1	2000	Normalized kNN (full)	0.9700331125827815	0.25915989830764635	0.21468543046357616	0.18808222762848795	0.16206828155858813
1	2000	kNN (full)	1.0	0.4026739373778877	0.3174337748344371	0.24721964369652408	0.22478227606152823
1	2000	Popularity	1.0	0.21480248794882664	0.19178807947019869	0.11947356530801741	0.11901122778780658
1	500	Normalized kNN (full)	0.8576324503311259	0.43297742589524685	0.3503973509933775	0.28482276901348236	0.2586022267793779
1	500	Random	1.0	0.04038408547312385	0.038211920529801324	0.02000753932996372	0.021452667848973626
1	1000	Normalized kNN (full)	0.9253476821192054	0.34051082377104935	0.2779139072847682	0.23674569351994956	0.2081152625604484
1	3706	iMF (full)	1.0	0.36257197401458424	0.2927814569536424	0.2209538517540741	0.2039424662380982
1	2000	kNN (test)	1.0	0.39858030924002025	0.3145364238410596	0.24401948383207445	0.22227644803037364
1	500	kNN (full)	1.0	0.5458369857915224	0.43038079470198676	0.35567850983409666	0.3172824514460132
1	500	Popularity	1.0	0.3468246743085914	0.2915397350993378	0.2063395377834635	0.19577004825743194
1	500	kNN (test)	1.0	0.5385809157006854	0.4254139072847682	0.3518986052366156	0.31342740539812475
1	2000	Normalized kNN (test)	1.0	0.09859322517809717	0.0978476821192053	0.054424901141142124	0.05833431496040941
1	500	Normalized kNN (test)	1.0	0.20241582105986317	0.1837913907284768	0.12300308500914942	0.12073291606500874
2	20	Average Rating	1.0	0.546917101799336	0.43917218543046355	0.3554896549918789	0.3193495254827883
1	1000	kNN (full)	1.0	0.46551851925197985	0.36480132450331126	0.29371601866302827	0.2638384222224514
1	1000	Popularity	1.0	0.2687438915045043	0.23350993377483445	0.1534471264494578	0.15000014400731843
2	20	iMF (test)	1.0	0.7394198745302534	0.6046192052980133	0.5537095904870428	0.4749380435082214
1	1000	kNN (test)	1.0	0.4581160978113635	0.35829470198675495	0.2865117934181518	0.2582280290895124
2	20	Normalized kNN (full)	0.7048178807947021	0.6064293863821364	0.4860927152317881	0.3569156949794066	0.3444037429511288
2	20	Random	1.0	0.354425421585797	0.3125827814569536	0.2616057539889821	0.23122361891670568
1	1000	Normalized kNN (test)	1.0	0.13740774188185276	0.12644039735099338	0.0775183757777859	0.0791732034988003
1	2000	iMF (full)	1.0	0.44655092573102667	0.35741721854304637	0.2792241138332291	0.25420046517379835
1	500	iMF (full)	1.0	0.5968292573986816	0.47721854304635763	0.39554334073703745	0.35372768396631205
1	1000	iMF (full)	1.0	0.5197692041691548	0.4165397350993378	0.3340223678863019	0.3017299586950352
2	20	iMF (full)	1.0	0.7733181078984467	0.6173675496688742	0.562843847731632	0.4858247078113847
2	20	Popularity	1.0	0.5845200520856328	0.4964238410596027	0.4630411023713122	0.3898009237785488
2	20	kNN (test)	0.9953807947019868	0.7291643555472125	0.5800496688741722	0.5359094322267117	0.4565657782186824
2	20	Normalized kNN (test)	0.9999337748344371	0.5708698514201492	0.4663576158940398	0.4156050124629496	0.3551169610533692
2	20	kNN (full)	0.9728973509933775	0.7370514954883066	0.5865397350993378	0.5355174084840091	0.46003654654579607
2	1	Average Rating	0.9148013245033112	0.8451280341642837	0.6639238410596027	0.6257701715540257	0.5343775476976462
2	1	iMF (test)	0.9148675496688742	0.8704994106001441	0.6856622516556291	0.637065572198467	0.5476158547553043
2	1	Normalized kNN (full)	0.6770529801324503	0.6461256280147232	0.5134933774834437	0.36960902347714425	0.3608328425786357
2	1	Random	0.9148675496688742	0.6563788092820753	0.5319205298013245	0.5511257265304942	0.4488916017667433
2	10	Average Rating	0.9999834437086093	0.615762010898799	0.5082119205298014	0.45834903339965055	0.3912911388948556
2	10	iMF (test)	0.9999834437086093	0.7739103347798673	0.6268046357615894	0.5778266386018691	0.4939455358540187
2	10	Normalized kNN (full)	0.6985761589403973	0.6144015310531833	0.49183774834437083	0.35950113610550033	0.3477730738133497
2	10	Random	0.9999834437086093	0.46050190516393047	0.398476821192053	0.3718446078986562	0.3133459081803293
2	1	iMF (full)	0.9148675496688742	0.8369922296150037	0.6585596026490066	0.6188592575042859	0.5279976510626072
2	1	Popularity	0.9148013245033112	0.7940690108240461	0.6244039735099338	0.6043717304696244	0.5090126509985375
2	1	kNN (test)	0.8786754966887417	0.8331213462947563	0.6547516556291391	0.6097319141991421	0.5234846955532851
2	1	Normalized kNN (test)	0.8875165562913908	0.8550915408102199	0.6715728476821192	0.6277313223547483	0.5385566788800376
2	1	kNN (full)	0.8623841059602649	0.8201580417940636	0.6460927152317881	0.5899397854856849	0.5118848983176795
2	0	Average Rating	0.887135761589404	0.8473686927846684	0.6653807947019867	0.6277685328321884	0.5360128635120233
2	10	iMF (full)	0.9999834437086093	0.7885818000409248	0.6282615894039735	0.5785560048202156	0.4969745279226252
2	10	Popularity	0.9999834437086093	0.6239387111249243	0.5299172185430463	0.5042000719373415	0.42098975707199904
2	0	iMF (test)	0.8872019867549669	0.8702207359006882	0.6852814569536424	0.6374585666999609	0.5476890058238301
2	10	kNN (test)	0.9796854304635761	0.7494035999873868	0.5962748344370861	0.5548560660082482	0.4719493036693081
2	0	Normalized kNN (full)	0.6770529801324503	0.6461256280147232	0.5134933774834437	0.36960902347714425	0.3608328425786357
2	0	Random	0.8872019867549669	0.6928979450986718	0.5485264900662251	0.5665420841555459	0.4642009039807181
2	10	Normalized kNN (test)	0.9941390728476822	0.6452576053710842	0.5281788079470199	0.49241911738014443	0.4124552650147746
2	10	kNN (full)	0.9510596026490066	0.7538452384376993	0.5994370860927152	0.5495205615498795	0.4720696321974429
2	0	kNN (full)	0.8612913907284768	0.8202119614745619	0.6461258278145695	0.58997091697377	0.51191672276795
2	0	Popularity	0.887135761589404	0.7943166954572992	0.6245033112582782	0.6046636993543085	0.5091419074208378
2	0	kNN (test)	0.8757615894039735	0.8331849449544201	0.6547847682119206	0.6097733049276189	0.5235204420915152
2	0	iMF (full)	0.8872019867549669	0.8383250633729517	0.659635761589404	0.620309392437015	0.5291569732139325
2	0	Normalized kNN (test)	0.8833940397350993	0.8560859281743605	0.6723344370860928	0.6284136852457678	0.5392465064236758
2	2	Average Rating	0.9389735099337748	0.8446841356250651	0.6635927152317881	0.6252477883081325	0.5339781368295462
2	2	iMF (test)	0.939023178807947	0.867623302669273	0.6842052980132451	0.6364556714293991	0.5467837976939064
2	2	Normalized kNN (full)	0.6770860927152318	0.6461111934602177	0.513476821192053	0.369595226567652	0.36081779140464415
2	2	Random	0.939023178807947	0.6307687324077925	0.5138907284768212	0.5340142667215887	0.43319408737900245
2	2	iMF (full)	0.939023178807947	0.8356136403948969	0.6577980132450331	0.6171519374947592	0.5268468252355507
2	2	Popularity	0.9389735099337748	0.792396803703506	0.6232781456953642	0.6027719500991486	0.5077169005595831
2	2	kNN (test)	0.8884933774834437	0.832832984684779	0.6545529801324503	0.6091618330661471	0.5232334403753159
2	2	Normalized kNN (test)	0.9067384105960264	0.8537106863755027	0.6706622516556292	0.6264556857397077	0.5375306020017115
2	2	kNN (full)	0.8670364238410595	0.8198570289983	0.6458609271523179	0.589625866972263	0.5116223494152325
