fold	target size	recommender system	Coverage@10	nDCG@10	P@10	Recall@10	FScore@10
3	100	Average Rating	1.0	0.39854674209705165	0.3471484645578388	0.25509819457232547	0.24198897177463505
3	100	iMF (test)	1.0	0.6600285291579711	0.5464096051720158	0.45801633818662235	0.4108220581892117
3	100	Normalized kNN (full)	0.7542599861463865	0.606460924677362	0.49055645347494803	0.3583063080797252	0.3476889177922193
3	100	Random	1.0	0.141996049405635	0.1315631493881321	0.08261511891439902	0.0825072552086849
3	5	Average Rating	0.9869776033248673	0.7818214215085624	0.6352805356730548	0.5775522806525997	0.5000833297491999
3	5	iMF (test)	0.987323943661972	0.851803189631095	0.6831909489725236	0.6108182210931516	0.5355600656408901
3	5	Normalized kNN (full)	0.7058646963749711	0.6638192667456971	0.5335719233433387	0.3789398899314721	0.3735773246429308
3	5	Random	0.987323943661972	0.5468057044505996	0.46610482567536365	0.45915313044536965	0.37906729953522406
3	50	Average Rating	1.0	0.5043196678149541	0.4287000692680674	0.338024241557115	0.30971487011873694
3	100	iMF (full)	1.0	0.7462908066492631	0.5998383745093512	0.5121563453040879	0.45737712233131367
3	100	Popularity	1.0	0.5802116535184644	0.4759408912491342	0.38224347596504826	0.34930285575552755
3	100	kNN (test)	1.0	0.7231089696650411	0.5787347033017779	0.49265637965189685	0.43940768662979146
3	50	iMF (test)	1.0	0.7390843453826963	0.605148926344955	0.5208903940949204	0.4627130328145049
3	2000	Average Rating	1.0	0.046610125590329655	0.04800277072269684	0.02950839507864699	0.029913609951251884
3	200	Average Rating	1.0	0.28879765996638385	0.25924728700069266	0.18187283862397297	0.1753811002818692
3	1000	Average Rating	1.0	0.0936992193949117	0.09388132071115217	0.05872635080894346	0.05945428223574564
3	2000	iMF (test)	1.0	0.20776702841755237	0.18092819210344033	0.12640608032543832	0.1219446753452924
2	100	Random	1.0	0.13997032336971682	0.13080120064650197	0.07790640521013692	0.08014090396470358
2	100	Average Rating	1.0	0.39407500438693005	0.3389286538905565	0.24892283684053254	0.23390067965793288
1	100	Average Rating	1.0	0.40496613444766644	0.3517894250750404	0.2604636657968416	0.24467181773213015
3	50	Normalized kNN (full)	0.7313322558300623	0.6340225964428469	0.5112214269221889	0.368037228070842	0.3599303556538477
3	50	Random	1.0	0.21409493426145879	0.19688293696605866	0.13363778103770635	0.13003510315672473
3	200	iMF (test)	1.0	0.565602540010736	0.4739090279381205	0.3834799550347541	0.3485499149403562
3	1000	iMF (test)	1.0	0.30598379080093474	0.2630801200646502	0.19337019843400605	0.18184384680700658
2	100	iMF (test)	1.0	0.6592535367645482	0.5424844146848303	0.4540347875270624	0.40512340229597343
1	100	Random	1.0	0.1401349765979435	0.13040868159778343	0.08158251899485734	0.08107760998002572
1	100	iMF (test)	1.0	0.6652153286990224	0.5479335026552759	0.45969580621836287	0.40966392219499265
3	2000	Normalized kNN (full)	0.9797737243130916	0.253435090910137	0.21593165550681137	0.18235827591259104	0.16152629801230467
3	2000	Random	1.0	0.011579816325274765	0.01089817594089125	0.006096128840194253	0.0060897243078041115
3	200	Normalized kNN (full)	0.7946894481643962	0.5593763806232139	0.4540290925883168	0.3392063410205992	0.32447304916376085
3	200	Random	1.0	0.08284796426282544	0.07885015008081274	0.0450623985680128	0.046761695290763156
3	1000	Normalized kNN (full)	0.9373123989840684	0.3600739669476355	0.300900484876472	0.24665220317519526	0.223076502475328
3	1000	Random	1.0	0.021671319020691353	0.020087739552066497	0.010678811946642506	0.011237763375002357
3	100	Normalized kNN (test)	1.0	0.4859453308847293	0.4156545832371277	0.3230218395113868	0.2983833053228833
2	100	Normalized kNN (full)	0.7520434079889171	0.6050751247777016	0.49074116832140385	0.35464675280741514	0.3437507714676292
1	100	Normalized kNN (full)	0.7522973909027938	0.604779968614124	0.48783190948972527	0.35601952819091914	0.34280475056464366
1	100	Popularity	1.0	0.5762770792693619	0.4744631724774879	0.37760263208814476	0.3449231498364599
3	100	kNN (full)	0.9995151235280535	0.7240101742444556	0.5795890094666358	0.4913447763582451	0.4393579036418873
1	100	kNN (full)	0.9996305703070884	0.7230476109581995	0.5785961671669361	0.487346221680749	0.43420076100413096
1	100	kNN (test)	1.0	0.7219662597138164	0.5781574694066035	0.48958386069186693	0.4350689048692865
2	100	Popularity	1.0	0.5791071656142368	0.473470330177788	0.37842068573060755	0.344323282415882
5	100	Average Rating	1.0	0.39478394961137164	0.3438235973216347	0.25230900983407	0.2383511857652314
5	100	iMF (test)	1.0	0.6618140881280957	0.5475409836065575	0.4605158193200104	0.40945536400570304
5	100	Normalized kNN (full)	0.7529208035095821	0.6070713423205448	0.48926344954975753	0.35819805246671876	0.34470925643099876
5	100	Random	1.0	0.14202889260251408	0.1318864003694297	0.08223272983142543	0.08188915444502136
3	5	iMF (full)	0.987323943661972	0.8262810840750224	0.6593858231355345	0.5931328637070564	0.5176711056712586
3	5	Popularity	0.9869776033248673	0.7719133391148602	0.6178249826829831	0.5736515122442732	0.4929592000241636
3	5	kNN (test)	0.9386054029092588	0.826826723935511	0.6590394827984299	0.5923599525991832	0.5178582332514136
3	50	iMF (full)	1.0	0.7759654331259419	0.6220272454398522	0.5408062136300364	0.4793284975762854
3	50	Popularity	1.0	0.6462169077451607	0.5267836527360886	0.45032059160423515	0.39933976607420507
3	5	Normalized kNN (test)	0.9464788732394366	0.8173286261720407	0.6588547679519742	0.5946284426489638	0.5185191404953036
3	50	kNN (test)	0.9999769106441929	0.7641467716962713	0.6116832140383283	0.53276002427438	0.4706619499473179
3	5	kNN (full)	0.90427153082429	0.8157378730815317	0.650427153082429	0.5740326534178322	0.5069852553641783
3	2000	iMF (full)	1.0	0.4490020391226354	0.3642114984991919	0.27463880060011076	0.25606977104982076
3	2000	Popularity	1.0	0.2468585470416572	0.21087508658508428	0.1289640889671326	0.1316196508470932
3	200	iMF (full)	1.0	0.6984474964292826	0.5631032094204572	0.47015523611743615	0.42272188064515503
3	200	Popularity	1.0	0.5052672045143648	0.41884091433848997	0.3182947638836899	0.29781021883763104
3	2000	kNN (test)	1.0	0.397788762831668	0.32004156084045254	0.23409944078826422	0.22061007354691853
3	1000	iMF (full)	1.0	0.5387831074285331	0.43745093511891014	0.33836538154308365	0.3134901233986506
3	1000	Popularity	1.0	0.32142966965461317	0.27238513045486035	0.18035728610056928	0.17819255705754605
3	200	kNN (test)	1.0	0.6644644880042224	0.5344493188640036	0.4429625896285416	0.39849117468226986
3	1000	kNN (test)	1.0	0.4862901506095788	0.39083352574463176	0.2980341834136781	0.276796152240926
3	50	Normalized kNN (test)	1.0	0.6013772656455038	0.5043869776033248	0.4207272637432696	0.3761655765969161
3	50	kNN (full)	0.994019856845994	0.7609249770657782	0.6090510274763334	0.5248572729911714	0.4666064604938919
3	2000	Normalized kNN (test)	1.0	0.08040380785839538	0.08138997921957977	0.04553774710065412	0.04919870634423259
5	100	iMF (full)	1.0	0.7460508332341443	0.598337566381898	0.5087013506402326	0.45244494919355893
5	100	Popularity	1.0	0.579532432291921	0.4754791041329947	0.3800226556753321	0.34633465277111153
3	2000	kNN (full)	1.0	0.40330781391002485	0.3240129300392519	0.2406481682922884	0.22535891179456594
3	200	Normalized kNN (test)	1.0	0.3717904526475993	0.3254906488108982	0.2327061785414917	0.2233214387115194
5	100	kNN (test)	1.0	0.7236314328482586	0.5809281921034403	0.4906816149904844	0.4366941274206987
3	1000	Normalized kNN (test)	1.0	0.14642773324475875	0.13989840683444932	0.08534722065959283	0.08855657642903761
3	200	kNN (full)	1.0	0.6686152241945411	0.5358577695682291	0.4422330940044566	0.39925536661967853
3	1000	kNN (full)	1.0	0.4923619643321855	0.393996767490187	0.3037031725996995	0.2804386833105165
5	5	Average Rating	0.9850150080812746	0.7800342641084631	0.6326945278226737	0.5716059663957047	0.4934892398562906
5	5	iMF (test)	0.9854306164858	0.8529609048272159	0.6824751789425075	0.6088146012406346	0.531405307394126
5	100	Normalized kNN (test)	1.0	0.49031652538768233	0.41997229277303166	0.3209755642188429	0.29801817764401667
5	100	kNN (full)	0.9997921957977374	0.7221215594068612	0.5804664049873008	0.48721311997576905	0.43532849322272
5	5	Normalized kNN (full)	0.705125836989148	0.6632461460886381	0.5314477026090971	0.37819394809369433	0.36992492401573385
5	5	Random	0.9854306164858	0.5491981874162174	0.4626645116601247	0.4560232573613567	0.37380125187272517
5	50	Average Rating	1.0	0.5010109566314028	0.4276841376125606	0.3338447192102543	0.30670622601358793
5	50	iMF (test)	1.0	0.7370604396788338	0.6018702378203648	0.5175526124098188	0.4566396768157076
5	200	Average Rating	1.0	0.28050053190753704	0.25084276148695456	0.1783684903565077	0.17033884770042657
5	50	Normalized kNN (full)	0.7290925883167859	0.6343281145410166	0.5096051720157008	0.36806221179708365	0.3569343627403761
5	50	Random	1.0	0.2164476279078833	0.19856845993996766	0.13605953520162428	0.13119867700171647
5	200	iMF (test)	1.0	0.5630207285002177	0.46993765873932114	0.37869330753560604	0.34251101139115486
5	2000	Average Rating	1.0	0.038581344536272724	0.041884091433849	0.025979940542404177	0.025766825154822783
5	1000	Average Rating	1.0	0.09176066612843031	0.09568229046409606	0.06084576982084273	0.060297807098318834
5	200	Normalized kNN (full)	0.7911798660817363	0.559883995407654	0.45361348418379127	0.33957284922057984	0.3222241801763457
5	200	Random	1.0	0.08311930323545223	0.07792657584853382	0.042479507025439435	0.04436676919600372
5	2000	iMF (test)	1.0	0.21205129836993708	0.1826598937889633	0.1283297147431001	0.12237539615324697
5	1000	iMF (test)	1.0	0.3072408734376162	0.26224890325559913	0.19369992172787645	0.1804695030423172
4	100	Average Rating	1.0	0.39853058213811626	0.34918032786885245	0.25861244057449295	0.24311406138779212
3	500	Average Rating	1.0	0.1648988323207532	0.15529900715770031	0.10184920711340481	0.10048238651850798
5	1000	Normalized kNN (full)	0.932440544908797	0.36185157290504616	0.2975525282844609	0.24747627680147008	0.21958974761883257
5	1000	Random	1.0	0.022190262670163222	0.02064188409143385	0.010655616412259067	0.011263991216343174
5	2000	Normalized kNN (full)	0.9803971369198801	0.25895409510536266	0.2170168552297391	0.1858603171239989	0.16084122086028213
5	2000	Random	1.0	0.010724146706768288	0.010113137843454169	0.005335773341262254	0.005525860296968435
4	100	iMF (test)	1.0	0.6678493599002326	0.5505887785730778	0.46200306754556264	0.4118208111791859
3	500	iMF (test)	1.0	0.41240885675536465	0.3517894250750404	0.2691173749819209	0.2501865677713161
4	100	Normalized kNN (full)	0.7574463172477488	0.6081017119106799	0.49316555068113604	0.35845430529760586	0.34708243891413065
4	100	Random	1.0	0.13887438360671722	0.13050103902101132	0.07797721383746048	0.0801882037746048
3	500	Normalized kNN (full)	0.8715770030016163	0.4590061810423062	0.3782036481182175	0.29675128486915425	0.2756781176479664
3	500	Random	1.0	0.03814623263719397	0.03691987993534981	0.01874611490087211	0.02048879646427562
5	5	iMF (full)	0.9854306164858	0.8269232425572162	0.6584853382590626	0.5909706765908779	0.5135954519245816
5	5	Popularity	0.9850150080812746	0.7687345998174377	0.6152851535442162	0.5686043836428212	0.4866645814876879
5	5	kNN (test)	0.9361810205495267	0.8289816979989217	0.6599861463865159	0.5904403104588766	0.5146501348338083
2	1000	Average Rating	1.0	0.10710656439164959	0.10191641653197876	0.06432079421488708	0.0635064490691258
2	1000	iMF (test)	1.0	0.30001041455036825	0.2595012699145694	0.18926585238207885	0.17754300003129073
2	1000	Normalized kNN (full)	0.9314015238974833	0.3569901386190974	0.2970907411683214	0.24149636856157633	0.21727416971267785
2	1000	Random	1.0	0.020256707368751223	0.020064650196259526	0.009464718361148318	0.010593704876931825
5	50	iMF (full)	1.0	0.774400565641207	0.6203417224659432	0.5359752203891264	0.47390888918690305
5	50	Popularity	1.0	0.642647708008243	0.5249134149157239	0.4432945213076746	0.3939581887911565
5	5	Normalized kNN (test)	0.9448626183329485	0.8167334791802567	0.6576310320942045	0.5904222056494312	0.5132868568431295
5	50	kNN (test)	1.0	0.765115690695631	0.6111983375663819	0.5275500472004162	0.46574330965945976
5	5	kNN (full)	0.9032786885245901	0.8172107698740354	0.6527129993073193	0.5742899396709591	0.5054015449715723
5	200	iMF (full)	1.0	0.7001838630795795	0.5628723158623875	0.4679008539104063	0.41970186462028164
5	200	Popularity	1.0	0.5039227998348877	0.4172708381436158	0.3153359240953088	0.29387772496903936
5	200	kNN (test)	1.0	0.6666911555360936	0.5348649272685292	0.439536643475285	0.39482883833615623
5	2000	iMF (full)	1.0	0.45433068109840563	0.36654352343569613	0.27744249116845254	0.2553707678966004
5	2000	Popularity	1.0	0.25055334611520896	0.21191410759639806	0.13175569502069537	0.13141181259913656
5	1000	iMF (full)	1.0	0.5425829046874023	0.43712768413761255	0.342203808097243	0.312090914715836
5	1000	Popularity	1.0	0.32575586465224854	0.27492495959362734	0.18236932885203846	0.1782842153438983
5	50	Normalized kNN (test)	1.0	0.5974342859677396	0.5027014546294158	0.4139321320409781	0.37086739090211274
5	1000	kNN (test)	1.0	0.4884985138482781	0.39083352574463176	0.2966971735995538	0.27380893645102283
5	2000	kNN (test)	1.0	0.40106131400737827	0.32022627568690837	0.23427117726122962	0.21841459254795564
5	50	kNN (full)	0.9952205033479566	0.7614615275862963	0.6099746017086124	0.523151440197674	0.46365973726995535
3	500	iMF (full)	1.0	0.6147942784837372	0.49859154929577465	0.3998298599780854	0.36532741661269985
3	500	Popularity	1.0	0.401941250089482	0.3379358115908566	0.23836505907166566	0.22977773945090607
4	100	iMF (full)	1.0	0.748128386488468	0.6012237358577696	0.5126420481042235	0.4561880331642802
4	100	Popularity	1.0	0.582066824575141	0.4785961671669361	0.38407551465259765	0.3497536349488778
3	500	kNN (test)	1.0	0.5688192404571172	0.45753867467097664	0.3615821598435236	0.3314362113340081
5	200	Normalized kNN (test)	1.0	0.3748568960585044	0.3270607250057723	0.23299858984667965	0.22282080176392294
4	100	kNN (test)	1.0	0.7240719153741135	0.580304779496652	0.493638936522408	0.4387312149920735
5	200	kNN (full)	1.0	0.6695733110901136	0.5372431309166474	0.44056077480144257	0.3964319399816927
5	1000	Normalized kNN (test)	1.0	0.15043017613592083	0.14460863541907182	0.08705232194648344	0.08961953913257353
5	2000	Normalized kNN (test)	1.0	0.08407983309472188	0.08549988455322097	0.045464466422130305	0.0500179999465207
4	5	Average Rating	0.9870006926806741	0.7831725324907863	0.6368737012237359	0.576450579104892	0.4981149516986063
5	2000	kNN (full)	1.0	0.40815537112092126	0.3257908104363888	0.2417065507990258	0.22428464364998726
5	1000	kNN (full)	1.0	0.49560014384361306	0.394851073655045	0.3034637716250375	0.2782420316400123
4	5	iMF (test)	0.9874393904410068	0.8549612738825018	0.6839298083583468	0.6114895015172311	0.5340535933623346
3	500	Normalized kNN (test)	1.0	0.23356313470789952	0.21516970676518124	0.14215478111536406	0.1414315055970791
4	100	Normalized kNN (test)	1.0	0.49720899293071796	0.4232278919418148	0.325915905396132	0.3010452321240606
3	500	kNN (full)	1.0	0.576993599339109	0.4626645116601247	0.36899304133386795	0.3366080321268781
4	100	kNN (full)	0.9996074809512815	0.7240765698238455	0.5804664049873008	0.49279341844828556	0.4381947596721888
4	5	Normalized kNN (full)	0.7083352574463173	0.6659980077671162	0.5370815054259986	0.379631627395094	0.3738682578220156
4	5	Random	0.9874393904410068	0.5518358908941641	0.46732856153313324	0.45973976714346915	0.37856279273237353
4	50	Average Rating	1.0	0.50710639615101	0.4346109443546525	0.3390300597074954	0.31225373037269727
4	50	iMF (test)	1.0	0.743819337655553	0.6055183560378665	0.5230805869269706	0.46110729141895374
4	200	Average Rating	1.0	0.278017380832433	0.2506811359963057	0.17775059236301477	0.1699915015380074
4	50	Normalized kNN (full)	0.7335026552759178	0.6345093045145497	0.5134380050796582	0.36821764895391246	0.3593867259528379
4	50	Random	1.0	0.21492815653811817	0.19986146386515816	0.13429134723517888	0.13168434075143184
2	1000	iMF (full)	1.0	0.5364873335712265	0.43456476564303853	0.3336849221584736	0.3080488827553913
2	1000	Popularity	1.0	0.3240018766451159	0.2734241514661741	0.18003940383113357	0.17655337513277636
4	200	iMF (test)	1.0	0.5673620911372537	0.47383975987069954	0.3855404784976701	0.3477437148947722
2	1000	kNN (test)	1.0	0.48455479411986146	0.38926344954975756	0.29174218096549626	0.2715222032823846
4	200	Normalized kNN (full)	0.7954513969060263	0.5593301263326166	0.4566612791503117	0.3389358112992425	0.3237001259867937
4	200	Random	1.0	0.08551392625113054	0.07968136688986378	0.045838036916636536	0.04730398188888888
4	1000	Average Rating	1.0	0.0835156990723122	0.0883860540290926	0.055358859197038736	0.05539289028543321
4	2000	Average Rating	1.0	0.03746816381120561	0.04437774186100208	0.027030580900982912	0.027321814061413884
5	500	Average Rating	1.0	0.1572143648180329	0.14945740013853615	0.09739883606882317	0.09638043589561075
4	1000	iMF (test)	1.0	0.3078064245504137	0.2639344262295082	0.19574308420869366	0.18240003755722034
4	2000	iMF (test)	1.0	0.21249510434318886	0.18388362964673285	0.12909575379803684	0.12354610788278593
5	500	iMF (test)	1.0	0.4158676462386421	0.352112676056338	0.27089384689790347	0.2494148617246656
2	1000	Normalized kNN (test)	1.0	0.15655018965080808	0.14784114523204805	0.0892238085770928	0.09118227705610432
4	1000	Normalized kNN (full)	0.9364580928192104	0.36437715377284147	0.30214731009004847	0.24446132492331285	0.22038764859424143
4	1000	Random	1.0	0.021473357847418276	0.020180096975294392	0.010138205213622348	0.011141363708886184
2	1000	kNN (full)	1.0	0.4915356092732774	0.39438928653890554	0.2988560365969707	0.27650406281548684
4	2000	Normalized kNN (full)	0.9831447702609097	0.2571874630171631	0.21738628492265066	0.1833085275646611	0.16090985766479446
4	2000	Random	1.0	0.010596672020734109	0.010251673978296006	0.00501055219785726	0.005406798248117751
2	200	Average Rating	1.0	0.28751421637261615	0.24938813207111518	0.17440341928350295	0.16682548708087902
5	500	Normalized kNN (full)	0.8691757099976911	0.458892265249103	0.37381667051489265	0.2960884293798347	0.2710871561717017
5	500	Random	1.0	0.038527463164580604	0.036873701223735865	0.018319604139548754	0.01991799361060095
2	200	iMF (test)	1.0	0.5603804875630106	0.46739782960055415	0.37735029855175317	0.3409944059393539
2	200	Normalized kNN (full)	0.7877395520664973	0.5581581270060801	0.45465250519510503	0.33636971916126035	0.32153513754979773
2	200	Random	1.0	0.08289407919653552	0.07815746940660355	0.04327026504130289	0.045742377197424196
4	5	iMF (full)	0.9874393904410068	0.829326044161986	0.6610482567536365	0.5956280791142893	0.5174489241752864
4	5	Popularity	0.9870006926806741	0.7733246052240778	0.6186792888478412	0.5731752494921641	0.4909311378678401
4	5	kNN (test)	0.9361810205495267	0.8292665697175788	0.6603324867236204	0.5936046979864225	0.5169002678609351
1	1000	Average Rating	1.0	0.09438203472695939	0.09988455322096514	0.06416840900761726	0.06339779577709252
1	1000	iMF (test)	1.0	0.3066178068767981	0.26243361810205496	0.19421342209138	0.18130326343211728
4	50	iMF (full)	1.0	0.7795842243075527	0.6251212191179867	0.5419026178457976	0.4790695477396628
4	50	Popularity	1.0	0.6459676248435826	0.5266451166012468	0.4452264522087802	0.3960405872498465
4	5	Normalized kNN (test)	0.9448857076887556	0.8202732549636177	0.6592472870006927	0.5925918463045536	0.5156440214592632
4	50	kNN (test)	1.0	0.7646500749828976	0.6114523204802585	0.5314425922687841	0.4678685800651828
1	1000	Normalized kNN (full)	0.9343338720849688	0.3622430400417911	0.29942276610482566	0.24560498509643247	0.21987931675073802
4	5	kNN (full)	0.903440314015239	0.8169884609247554	0.6515816208727776	0.5756482678789467	0.5059286119068754
1	1000	Random	1.0	0.021749735252605443	0.020480258600785037	0.010466805635113942	0.01110481042530875
4	200	iMF (full)	1.0	0.7042481407376585	0.5674209189563612	0.47405035697234216	0.42459361029969545
4	200	Popularity	1.0	0.5069976883185714	0.42022627568690835	0.31936010137052107	0.29704419604357507
4	200	kNN (test)	1.0	0.6674345902371676	0.5361810205495267	0.4437092879013503	0.3978157614832392
4	50	Normalized kNN (test)	1.0	0.6059479269419015	0.5074809512814593	0.41809467168231434	0.37500708688746726
4	50	kNN (full)	0.9946663588085891	0.7622420795087417	0.6101131378434542	0.5283584834476032	0.4661983396812231
4	1000	iMF (full)	1.0	0.5390228480797881	0.4369429692911568	0.3405045086206759	0.3127968767877224
4	1000	Popularity	1.0	0.3225298985338192	0.2739321172939275	0.1794016822252883	0.17753185355495857
4	2000	iMF (full)	1.0	0.4515085813234751	0.36714384668667743	0.2758951067465455	0.25612306900823617
4	2000	Popularity	1.0	0.24602776456950087	0.2103209420457169	0.12892013823572154	0.13051021518447362
4	1000	kNN (test)	1.0	0.48403257401211486	0.3911567767259293	0.29734547798779265	0.27498751765973306
5	500	iMF (full)	1.0	0.6167488786730243	0.4975063495728469	0.39917260652766395	0.36220232879371805
5	500	Popularity	1.0	0.4034242307028297	0.33708150542599863	0.23621290313747348	0.2269934539766968
4	200	Normalized kNN (test)	1.0	0.38506116047799915	0.3351419995382129	0.24024030245535238	0.22914267013227757
4	2000	kNN (test)	1.0	0.39761058152337225	0.31994920341722466	0.23322566682075227	0.21903815077339248
5	500	kNN (test)	1.0	0.5701925710675038	0.45818517663357194	0.360525948500117	0.32908034808244113
4	200	kNN (full)	1.0	0.6700055554563513	0.5386746709766798	0.4463936674492699	0.3999911260669206
2	200	iMF (full)	1.0	0.6984870068176607	0.5621103671207573	0.46514275137325706	0.4183056760341602
2	5	Average Rating	0.9864234587854999	0.7809296343495543	0.6335026552759178	0.5740889162000721	0.4944678687061698
2	200	Popularity	1.0	0.5043755450069518	0.4157931193719695	0.3131091597818462	0.29247714583351353
2	200	kNN (test)	1.0	0.6634634462282472	0.532532902332025	0.4396752143651464	0.3934590255061271
2	5	iMF (test)	0.9866774416993767	0.8514072364488561	0.6790348649272685	0.6078952501732001	0.5290954268436714
4	1000	Normalized kNN (test)	1.0	0.16184438671452275	0.1540983606557377	0.09182622877799748	0.09525440538169812
4	1000	kNN (full)	1.0	0.49311905173757326	0.3975063495728469	0.30440374675901105	0.2805642403317355
4	2000	Normalized kNN (test)	1.0	0.09312947849205529	0.09351189101824059	0.050686017431881066	0.055006601654264645
2	5	Normalized kNN (full)	0.7026090972061879	0.6648802596915512	0.5353498037404756	0.37542353054212263	0.37031352161122755
2	5	Random	0.9866774416993767	0.5484845945178363	0.4648580004617871	0.4563922844595751	0.37525867775131355
5	500	Normalized kNN (test)	1.0	0.23569268770276577	0.21510043869776033	0.14014214490257063	0.1393233092448966
4	2000	kNN (full)	1.0	0.4051792046153709	0.32770722696836757	0.241916277347549	0.22601150032387235
5	500	kNN (full)	1.0	0.5775835138515507	0.462410528746248	0.3660767424863407	0.33296621738906534
2	50	Average Rating	1.0	0.5048717087042472	0.4286538905564535	0.3323483066033443	0.30552058790436804
2	200	Normalized kNN (test)	1.0	0.37523181624492735	0.3248672362041099	0.2305245427376157	0.22022284344799675
2	50	iMF (test)	1.0	0.7391516123262272	0.6033941353036251	0.5183319943090582	0.4575132486411625
2	200	kNN (full)	1.0	0.6684579549653005	0.5363195566843686	0.4424266937346735	0.3967432649426358
2	50	Normalized kNN (full)	0.7278457631032095	0.6358952786804654	0.5135072731470792	0.36537680817635265	0.3573213378010373
2	50	Random	1.0	0.2210436874503019	0.2019856845993997	0.1391315966723407	0.13430907359973232
1	200	Average Rating	1.0	0.29301112374435845	0.2626183329485108	0.18560984828769747	0.177593235385103
1	200	iMF (test)	1.0	0.5636378225823206	0.4698453013160933	0.3807815564434972	0.34403133323640805
1	1000	iMF (full)	1.0	0.5405485123552551	0.4400138536134842	0.3414867218795507	0.3134083085735609
1	1000	Popularity	1.0	0.3228443906833012	0.27310090048487645	0.17889979365916545	0.17576786705348518
1	200	Normalized kNN (full)	0.793950588778573	0.5574467433394696	0.4520664973447241	0.33751386943271366	0.32060860216588344
1	200	Random	1.0	0.08236122114914646	0.07864234587855	0.04337040261653932	0.04533012990011977
1	1000	kNN (test)	1.0	0.4862854171854877	0.39011775571461554	0.2959738738888232	0.27364971886008416
1	1000	kNN (full)	1.0	0.4953192136185961	0.39773724313091663	0.30544723899436516	0.280525781430339
4	500	Average Rating	1.0	0.15341738667451468	0.1481182175017317	0.09777157835337177	0.09549461731883004
1	1000	Normalized kNN (test)	1.0	0.15702369160903795	0.14991918725467562	0.09009231047778177	0.0930801925725262
2	500	Average Rating	1.0	0.1739594341659603	0.15534518586931423	0.10160636992131687	0.09942284677512046
2	2000	Average Rating	1.0	0.05666094267880932	0.057261602401293	0.03477869112541529	0.035059644878067696
4	500	iMF (test)	1.0	0.41721273625261773	0.3531055183560379	0.2722913051597944	0.250579608084139
1	200	kNN (full)	1.0	0.6697450826388089	0.5382359732163472	0.44401230447984796	0.39764796574835537
1	200	Popularity	1.0	0.5051287058399593	0.41893327176171785	0.31742424636869854	0.2955868991174543
2	500	iMF (test)	1.0	0.41454372544269036	0.3523204802586008	0.2690989495411361	0.24871939660153292
2	2000	iMF (test)	1.0	0.2099141245611001	0.18309859154929578	0.12774270797788453	0.12222738010565302
1	200	kNN (test)	1.0	0.6652657168775006	0.5353036250288618	0.4408486290364393	0.3958208963783932
4	500	Normalized kNN (full)	0.8706765181251443	0.45630392567048406	0.37448626183329486	0.29359714820069305	0.2709455610811737
4	500	Random	1.0	0.03882832005267899	0.03710459478180559	0.019617889105682986	0.02071677643467865
2	500	Normalized kNN (full)	0.865804664049873	0.4593236280508093	0.37760332486723625	0.2940293002822042	0.27212637202570816
2	500	Random	1.0	0.04111598815242356	0.03835141999538213	0.019959888556015885	0.02132287172149548
2	2000	Normalized kNN (full)	0.979450473331794	0.25729201008571395	0.2164858000461787	0.18043524425650898	0.15984089387030037
2	2000	Random	1.0	0.011702327871041947	0.010805818517663358	0.00545969059684933	0.005756528715226105
1	200	Normalized kNN (test)	1.0	0.38056994182263354	0.3311244516277996	0.23447063697043397	0.22491535618386946
2	5	iMF (full)	0.9866774416993767	0.8262980910481017	0.6566151004386978	0.5908545959523832	0.5120848011781823
2	5	Popularity	0.9864234587854999	0.7722238950111202	0.6152158854767952	0.5703939004936475	0.48691347348850583
2	5	kNN (test)	0.9366658970214731	0.8272735991931707	0.6573770491803278	0.5889477793949618	0.5125850808087471
1	500	Average Rating	1.0	0.16470496139073815	0.15790810436388825	0.10378180764102284	0.10190105612470861
1	500	iMF (test)	1.0	0.4179306158652339	0.3553913645809282	0.27189466494795417	0.25093738194537096
2	50	iMF (full)	1.0	0.7768408026674946	0.6212652966982221	0.5371013330656429	0.4742387506650534
2	50	Popularity	1.0	0.6440186074484875	0.5227430154698683	0.4403482085023607	0.39151584370757925
1	500	Normalized kNN (full)	0.8728238282151928	0.4607378311296827	0.3768182867697991	0.2959120506606241	0.2725812860294039
1	500	Random	1.0	0.03940504564813021	0.03712768413761256	0.01843998773378235	0.020201293691445122
2	5	Normalized kNN (test)	0.9456245670745786	0.8181544213052422	0.6565689217270838	0.5902305510785221	0.5123376327523343
2	50	kNN (test)	1.0	0.7622075120943961	0.609397367813438	0.5277967998255294	0.4647358192584122
2	5	kNN (full)	0.9028399907642576	0.8180191129798567	0.6510505656892173	0.5730606613570812	0.5040979264320822
1	200	iMF (full)	1.0	0.7005212421642762	0.5650427153082429	0.46901521125512763	0.42135705351027
2	50	Normalized kNN (test)	1.0	0.5973051622092233	0.501708612329716	0.4124405058927897	0.3690991794755431
2	50	kNN (full)	0.9952435927037635	0.7615801609219338	0.6090510274763334	0.5235548575620856	0.4631587975193202
2	500	kNN (full)	1.0	0.5735271226247967	0.46042484414684826	0.363534716977786	0.3310449776026843
2	500	Popularity	1.0	0.4031558799142842	0.3364119141075964	0.23671926490234457	0.22608110340673795
2	500	kNN (test)	1.0	0.5666576644702768	0.45492957746478874	0.3573308970949293	0.3261183307041636
4	500	iMF (full)	1.0	0.6191720809876502	0.5014777187716463	0.4031873118150019	0.36616875249102965
4	500	Popularity	1.0	0.39924860186073846	0.3359963057030709	0.23476672944062568	0.22631376380715681
1	5	Average Rating	0.9854075271299931	0.7827874775765251	0.6354883398753175	0.5718794046486197	0.4963073315058873
4	500	kNN (test)	1.0	0.569888464789964	0.4594781805587624	0.36415148101591416	0.33150278735156125
2	2000	iMF (full)	1.0	0.4486060870364989	0.36377280073885937	0.2717002932162247	0.25335457335992395
2	2000	Popularity	1.0	0.24768657061044388	0.21156776725929347	0.1306998205375812	0.13116052831712297
2	500	iMF (full)	1.0	0.6170233641444589	0.4986146386515816	0.39766116389877953	0.36233060019152197
1	5	iMF (test)	0.9856845993996768	0.8509116131500473	0.6828215192796121	0.606716642024536	0.5319441717065255
4	500	kNN (full)	1.0	0.5745727822583181	0.46160240129300395	0.3665206463020914	0.3333010801623911
2	2000	kNN (test)	1.0	0.39838953619831247	0.31997229277303163	0.23152205708961718	0.21820261930075993
1	5	Normalized kNN (full)	0.7040637266220273	0.6630146685291161	0.5322327407065343	0.37698852204500755	0.36935042628834824
1	5	Random	0.9856845993996768	0.544968913851265	0.463195566843685	0.4536233348620061	0.3746140401114823
1	500	kNN (full)	1.0	0.5772408962013085	0.4631724774878781	0.36861015678055753	0.3339645009185695
1	500	Popularity	1.0	0.40128534423991735	0.33770491803278685	0.23528859952574413	0.22646060848317004
1	500	kNN (test)	1.0	0.5694387293212428	0.45753867467097664	0.36163394749047884	0.3290484707483742
1	50	Average Rating	1.0	0.5097971158482317	0.4323250981297622	0.33918085496342654	0.31063136377689754
2	2000	Normalized kNN (test)	1.0	0.0912386234698291	0.09127222350496421	0.048495504303309366	0.05280565357932014
1	50	iMF (test)	1.0	0.7351021451179051	0.6006695913184023	0.5145674030203041	0.455569331487035
2	2000	kNN (full)	1.0	0.40444322764982277	0.3247056107134611	0.2380131575068643	0.2233774032709447
1	50	Normalized kNN (full)	0.7296005541445394	0.6320504135219842	0.5089817594089125	0.36654682527446936	0.35584070875667306
1	50	Random	1.0	0.21344607108032548	0.19667513276379592	0.13142202898171693	0.12882067466052796
1	500	Normalized kNN (test)	1.0	0.2414200874450363	0.22098822442853844	0.1419460250613241	0.1422433955581407
1	2000	Average Rating	1.0	0.040845091297919384	0.04818748556915262	0.028602800956480864	0.029700301419881336
1	2000	iMF (test)	1.0	0.2102629668569114	0.1826368044331563	0.1289977772986373	0.122752867208864
1	2000	Normalized kNN (full)	0.9818286769799123	0.26014252899730816	0.2194181482336643	0.18520291065019667	0.16212609879218812
1	2000	Random	1.0	0.010808516539164408	0.010043869776033248	0.004714989312900031	0.005260026568459612
1	5	iMF (full)	0.9856845993996768	0.8259849046203751	0.6595243592703763	0.589704786449808	0.5146124700166589
1	5	Popularity	0.9854075271299931	0.7686778233033756	0.6168783190948972	0.5678064386036833	0.48805246693830934
1	5	kNN (test)	0.9361348418379127	0.8271692952530871	0.6599630570307089	0.5894048813526376	0.5150090514446692
4	500	Normalized kNN (test)	1.0	0.2494960121340977	0.22724543985222814	0.14927361655547322	0.1475095668319603
2	500	Normalized kNN (test)	1.0	0.24208543520327716	0.21824059108750868	0.14287390197993072	0.14113064852948728
1	500	iMF (full)	1.0	0.6191938146320524	0.5012237358577696	0.40422462506299334	0.3658013170255314
2	100	kNN (test)	1.0	0.7193245431340032	0.5749018702378204	0.48754020435210155	0.4321818337614914
1	100	Normalized kNN (test)	1.0	0.49393862826123547	0.4210344031401524	0.3231400257835784	0.2987726031724364
1	50	iMF (full)	1.0	0.7780956214654297	0.6246363426460402	0.539458947294285	0.4781403042239021
1	50	Popularity	1.0	0.640672145018537	0.5235742322789194	0.43901971798389633	0.39219482867209093
1	5	Normalized kNN (test)	0.9454398522281228	0.8169083091224482	0.6583237127684137	0.5881229665832376	0.5136512664201461
1	50	kNN (test)	0.9999307319325791	0.7630546415436459	0.6114292311244516	0.5274076551548099	0.46599160176948523
1	5	kNN (full)	0.9048718540752713	0.8177910926832462	0.653036250288617	0.5738846480880766	0.5057733198593042
2	100	Normalized kNN (test)	1.0	0.4879542731984779	0.41560840452551373	0.3190529253654095	0.29407314336535634
2	100	kNN (full)	0.9999538212883861	0.7208635639333157	0.5766104825675364	0.4868754152691169	0.4329556692134419
3	3671	Average Rating	1.0	0.015901539358261947	0.012953128607711846	0.008173025663020318	0.008254434975973229
1	50	Normalized kNN (test)	1.0	0.6001758420820501	0.50427153082429	0.4125946996370561	0.37097058993456755
1	50	kNN (full)	0.994851073655045	0.7623636632563011	0.6101131378434542	0.5256267233569758	0.46454340467865923
5	3671	Average Rating	1.0	0.012834244086485409	0.013276379589009466	0.008126939972157524	0.008174793355883059
2	3671	Average Rating	1.0	0.030112025258243545	0.03500346340337104	0.017695517499035546	0.019483200112649195
3	3671	iMF (test)	1.0	0.1486041963860903	0.129923805125837	0.08796909022428448	0.08625308254106225
2	3671	iMF (test)	1.0	0.14443973517000674	0.12655275917801895	0.08558892456300944	0.08245420375140107
5	3671	iMF (test)	1.0	0.14777660629622746	0.12715308242900025	0.08774932282311745	0.08348536569005277
3	3671	Normalized kNN (full)	0.9973447240821981	0.17467508591248293	0.15296698222119604	0.13094234293894869	0.11423815948504885
3	3671	Random	1.0	0.0059074641805839136	0.005610713461094436	0.002306044596257014	0.002755657995819025
2	3671	Normalized kNN (full)	0.9973447240821981	0.17733374349597308	0.15331332255830063	0.12930359220794296	0.11319859480371168
2	3671	Random	1.0	0.006095747527734184	0.00579542830755022	0.003040899690270425	0.003241155340147626
5	3671	Normalized kNN (full)	0.9967444008312167	0.17953068870354105	0.15349803740475643	0.13372458692781566	0.11411851648472869
5	3671	Random	1.0	0.005333300573243313	0.00517201570076195	0.0024731996697007126	0.0026866830946723082
3	20	Average Rating	1.0	0.6425114111719815	0.5348418379127222	0.45673345369739426	0.40459696822636276
4	3671	Average Rating	1.0	0.01324534422752825	0.01770953590394828	0.009670699966476112	0.010350456135074817
1	2000	kNN (full)	1.0	0.4069918945463916	0.32696836758254444	0.2433535699900126	0.22597331209946936
1	2000	Popularity	1.0	0.24794843109490572	0.21129069498960978	0.12869881280467643	0.13014420470891658
3	20	iMF (test)	1.0	0.8074902995046794	0.6531286077118448	0.5751688289811122	0.5064553523531775
1	2000	kNN (test)	1.0	0.4000721847412892	0.32163472639113366	0.23524437040480067	0.22046051224604393
4	3671	iMF (test)	1.0	0.14986071855094577	0.1302701454629416	0.08868344522975175	0.08558427584997125
3	20	Normalized kNN (full)	0.7144539367351651	0.6535157048732095	0.5261140614176865	0.37524800554314414	0.36902089413282924
3	20	Random	1.0	0.3438627471554777	0.30632648349111063	0.24430917571969055	0.22280264353894574
1	2000	iMF (full)	1.0	0.4537462453914762	0.36933733548833986	0.2782778896784188	0.25790672673497766
4	3671	Normalized kNN (full)	0.9979912260447934	0.17776982403575378	0.15384437774186102	0.13007145649052657	0.11370942097318106
4	3671	Random	1.0	0.006589797599387521	0.006349572846917571	0.0027334732767425743	0.00326993712923339
2	100	iMF (full)	1.0	0.7454300962698576	0.5974832602170399	0.5095410663217894	0.45207320762406705
3	3671	kNN (full)	1.0	0.33149314119813406	0.2659893788963288	0.1933384429617507	0.18182508177891316
3	3671	Popularity	1.0	0.18928510328718268	0.16229508196721312	0.09305826926074426	0.09735613762158885
3	3671	kNN (test)	1.0	0.3272689646544273	0.2625721542368968	0.18614651831939194	0.17715700449111935
3	1	Average Rating	0.9205957053798198	0.8356696046176124	0.6696144077580235	0.6097361486639122	0.5306340123870409
1	3671	Average Rating	1.0	0.013866764022932762	0.017270838143615793	0.01006347165917641	0.01073117887222912
3	1	iMF (test)	0.9208265989378897	0.8686298030277032	0.693996767490187	0.6223872266069034	0.5457067174204806
1	100	iMF (full)	1.0	0.7464858326622816	0.5995613022396675	0.5095069029394845	0.45379858277047297
1	2000	Normalized kNN (test)	1.0	0.09112962044434245	0.09233433387208498	0.050263138034329864	0.05466666939406116
3	3671	Normalized kNN (test)	1.0	0.043349644266852644	0.046271069037173866	0.023932703380138642	0.026741191084611232
1	3671	iMF (test)	1.0	0.14839704946564172	0.12867697991226046	0.08929691077119992	0.08508571423535197
3	0	Average Rating	0.8953821288386055	0.8511969480874515	0.677788039713692	0.6168044143804003	0.5376956201872539
2	3671	kNN (full)	1.0	0.3319610656574306	0.26495035788501503	0.18978481627078767	0.17877697419645053
3	1	Normalized kNN (full)	0.7033017778803972	0.6669469217682261	0.5359732163472639	0.38002779434731926	0.37500876000608735
3	1	Random	0.9208265989378897	0.6511709508892373	0.5337104594781805	0.5350075548401614	0.4439778127082663
3	0	iMF (test)	0.8954744862618333	0.8717564810798204	0.6962595243592704	0.6249386922855367	0.5478423648609551
1	3671	Normalized kNN (full)	0.9974370815054259	0.17858421718887357	0.1552297390902794	0.1325785404171492	0.11490044071085279
1	3671	Random	1.0	0.0067892250094811965	0.006488108981759409	0.00292844352693969	0.003373144866618524
3	0	Normalized kNN (full)	0.70251673978296	0.6675707632813259	0.5363888247517894	0.38021087519843066	0.3752571473442653
3	0	Random	0.8954744862618333	0.6867138830145502	0.5510505656892173	0.5493316774177412	0.45873763739544077
1	3671	kNN (full)	1.0	0.3334149324028315	0.2676749018702378	0.19265016484280678	0.18132755522380664
1	3671	Popularity	1.0	0.1933752232262658	0.16550450242438236	0.094817741135115	0.09818485612373853
1	3671	kNN (test)	1.0	0.32910714851098194	0.2634033710459478	0.1871703243767817	0.17697238644448873
3	10	Average Rating	1.0	0.7223087749023588	0.5956592011082891	0.5319676271703763	0.4624557510958378
1	3671	Normalized kNN (test)	1.0	0.05017581671193565	0.053313322558300624	0.026038481718784562	0.029995971438175423
3	3671	iMF (full)	1.0	0.372424823447373	0.303417224659432	0.2201289328895218	0.20895989172088442
2	3671	iMF (full)	1.0	0.372805260350776	0.30221657815746944	0.2181060911910269	0.20617245867748715
2	3671	Popularity	1.0	0.19053950003919456	0.16296467328561534	0.09307195102007937	0.0964739050644386
5	3671	iMF (full)	1.0	0.373894073203007	0.3029554375432925	0.22285717644229544	0.2069784058484695
5	3671	Popularity	1.0	0.19443094889467316	0.16568921727083816	0.09686162241440638	0.09862761136633665
3	10	iMF (test)	1.0	0.8337118169995501	0.6708612329716	0.5976462758825132	0.5241415509330891
2	3671	kNN (test)	1.0	0.3296719688539629	0.26331101362271997	0.18526101143965953	0.175885561128872
5	3671	kNN (test)	1.0	0.3290022444368851	0.26208727776495033	0.1858369947175276	0.17507817941318124
3	10	Normalized kNN (full)	0.7082890787347033	0.6606874431756783	0.5310551835603786	0.37784249652973384	0.3721756755044231
3	10	Random	1.0	0.454985485233976	0.3969060263218656	0.3607558296407448	0.30850506991561055
3	20	iMF (full)	1.0	0.8025425395000408	0.6424151466174094	0.5673950863148522	0.49963181768451936
3	20	Popularity	1.0	0.7151939029440084	0.5764488570768875	0.5176189603550364	0.44982915072264595
4	3671	iMF (full)	1.0	0.37578002340528416	0.30494112214269226	0.22283205109736337	0.20832856780281148
4	3671	Popularity	1.0	0.19116627359417418	0.16374971138305242	0.09318776559980643	0.09710125570842097
3	20	kNN (test)	0.9935580697298546	0.8014060713555423	0.6402447471715539	0.5685508896835965	0.4986169115334552
2	3671	Normalized kNN (test)	1.0	0.05099512660784395	0.05414453936735165	0.025571467108438356	0.02948553377915796
4	3671	kNN (test)	1.0	0.3270545960484694	0.26243361810205496	0.18397719883043062	0.17565522780952203
5	3671	Normalized kNN (test)	1.0	0.04524771404360395	0.04848764719464327	0.023536686202936637	0.027111933214551943
5	3671	kNN (full)	1.0	0.33545611877652043	0.2676749018702378	0.19377413700016166	0.18078632720960375
3	20	Normalized kNN (test)	0.9975063495728469	0.7217060154830053	0.5935811590856616	0.5249512908559073	0.4584918514589909
4	3671	Normalized kNN (test)	1.0	0.052010027101365985	0.05474486261833295	0.02790551720615868	0.031209784346016595
3	20	kNN (full)	0.9633341029785268	0.7947610352516619	0.6346571230662664	0.5574078979350172	0.49205975710546535
3	1	iMF (full)	0.9208265989378897	0.8351395314292179	0.665804664049873	0.6042054633263246	0.5256294360724031
3	1	Popularity	0.9205957053798198	0.7918212997618979	0.6307550219348881	0.5886187873842389	0.505867960590442
4	3671	kNN (full)	1.0	0.332821628990605	0.2682290464096052	0.19274926166856476	0.18149919687349508
3	1	kNN (test)	0.8991687831909491	0.8347780742230991	0.6647194643269453	0.5989024174842583	0.5235135789418738
1	3671	iMF (full)	1.0	0.3766594572249478	0.3062110367120757	0.22423631227745291	0.20995329734529097
3	0	iMF (full)	0.8954744862618333	0.8384403278798245	0.6677672592934657	0.6065914304607238	0.5276671111905912
3	0	Popularity	0.8953821288386055	0.7977057317209922	0.634241514661741	0.5927374731503365	0.5094110171135913
3	0	kNN (test)	0.8869545139690603	0.8372436688716244	0.6668898637728008	0.6012095669279238	0.5256162992355147
2	20	Average Rating	1.0	0.641914808443918	0.5334564765643038	0.4538020015505298	0.3998671690467584
3	1	Normalized kNN (test)	0.9037404756407296	0.8492385901143127	0.6775340567998153	0.6108479245592051	0.5345453357454761
2	20	iMF (test)	1.0	0.8022928986903344	0.6471484645578389	0.5711424993712172	0.4991801514985153
3	1	kNN (full)	0.8801431540060033	0.8224128223407331	0.655552990071577	0.5792198157796862	0.5118996752093622
2	20	Normalized kNN (full)	0.7112445162779959	0.6522446607375377	0.5259524359270377	0.3711167365671736	0.36480238132265635
2	20	Random	1.0	0.3478275485335313	0.310274763334103	0.24690100756309072	0.22354623137145832
3	0	Normalized kNN (test)	0.8898637728007388	0.8584539458211692	0.6825444470099284	0.6152422792475549	0.5389044454773566
3	0	kNN (full)	0.8729392749942276	0.8243751689980587	0.6571230662664511	0.5809007802334152	0.5134311172974331
5	20	Average Rating	1.0	0.6425498133227541	0.5367120757330871	0.45441928930221376	0.40232619329429914
1	20	Average Rating	1.0	0.644814437831712	0.5342876933733549	0.45180322749288104	0.4005731968664474
5	20	iMF (test)	1.0	0.8036506996812863	0.6500808127453244	0.5711884537090604	0.5006341336085124
3	10	iMF (full)	1.0	0.8155018390521634	0.651281459247287	0.580454284879938	0.5089329282997864
3	10	Popularity	1.0	0.7491971022895638	0.6023551142923113	0.551740929714147	0.4763321767012126
1	20	iMF (test)	1.0	0.8059996960158612	0.6509351189101824	0.5705133921695519	0.5017196873127655
5	20	Normalized kNN (full)	0.7149619025629185	0.6533191960313692	0.5249134149157239	0.3751894555133178	0.3660728911184002
5	20	Random	1.0	0.34607130923587903	0.30849688293696603	0.24641045405809497	0.22273970269201362
3	10	kNN (test)	0.9696144077580234	0.8168621380081268	0.6518356037866543	0.5838238318190659	0.5105550689350333
1	20	Normalized kNN (full)	0.712791503117063	0.6532937344343327	0.5246594320018472	0.37333529132355103	0.3646984857560773
1	20	Random	1.0	0.3468690589578688	0.3101824059108751	0.24653172678128044	0.22399700338218345
5	1	Average Rating	0.9187254675594551	0.8337868910178687	0.6664049873008543	0.6043705176782487	0.5236635220012938
5	1	iMF (test)	0.9189101824059109	0.8665880297940072	0.6909489725236666	0.6170672536762497	0.5390096309506509
3	10	Normalized kNN (test)	0.9790348649272684	0.7797015994338748	0.635072731470792	0.5703622735416406	0.4966073558531276
3	10	kNN (full)	0.9301316093280998	0.8079882738574781	0.6451858693142462	0.5688997257702075	0.5021717480945144
5	1	Normalized kNN (full)	0.7027707226968367	0.6658703000664368	0.5335026552759178	0.3791640284936487	0.37118989481985465
5	1	Random	0.9189101824059109	0.6527324695932253	0.534102978526899	0.531539830949704	0.4404703792459536
5	0	Average Rating	0.8934426229508197	0.8495513222717377	0.6752712999307319	0.6118042002422798	0.531139510221858
5	0	iMF (test)	0.8935118910182406	0.8700433763543413	0.6933040868159778	0.6197919451895947	0.5412309834009514
5	0	Normalized kNN (full)	0.7021934888016624	0.6666036767563193	0.5341491572385131	0.3794216464310718	0.37153767987081426
5	0	Random	0.8935118910182406	0.6849049952751269	0.5481182175017317	0.5455760377446857	0.45348745911968336
1	20	kNN (full)	0.9621565458323713	0.7970821382593016	0.6368967905795428	0.5556851819803651	0.4898875270752796
1	20	Popularity	1.0	0.7090010243306891	0.5747171553913646	0.508524797598279	0.44383270266993824
1	20	kNN (test)	0.9937658739321172	0.8008336133328845	0.6399214961902563	0.5642680925504705	0.49462238295877653
5	10	Average Rating	1.0	0.7229878676409107	0.5953128607711845	0.5294122159247091	0.45855109728312227
2	20	iMF (full)	1.0	0.8044401544636334	0.6416993765873932	0.564053685637543	0.494996699178858
2	20	Popularity	1.0	0.7124337671391253	0.573470330177788	0.5123117611056517	0.44329754533920424
5	10	iMF (test)	1.0	0.8358965985031537	0.6712075733087047	0.5957422175571875	0.5207853435635255
2	20	kNN (test)	0.9935118910182406	0.8001920434877428	0.6375894712537521	0.5640906151642608	0.4926588238135332
1	20	Normalized kNN (test)	0.9971830985915493	0.7217960002947162	0.5938582313553452	0.5198786113582456	0.45455075634987224
5	10	Normalized kNN (full)	0.7075963980604941	0.6598523893337259	0.5292773031632418	0.3773445516561935	0.36875551913501564
5	10	Random	1.0	0.45084469711526803	0.3926575848533826	0.354877054118563	0.30302014102092617
5	20	iMF (full)	1.0	0.8027840461289736	0.6412837681828677	0.5635280797834477	0.49495335893049563
5	20	Popularity	1.0	0.710297379606921	0.5745324405449088	0.5123471067112533	0.4438628072883522
2	20	Normalized kNN (test)	0.997529438928654	0.7203809676602553	0.5913184022165782	0.521149068079018	0.45327079373799944
5	20	kNN (test)	0.9941122142692219	0.8021329866401473	0.6404294620180097	0.5664057423787638	0.4949141937206768
1	20	iMF (full)	1.0	0.804817212322474	0.6440775802355114	0.5639287154949757	0.4975632727907577
2	20	kNN (full)	0.9624105287462479	0.7958475547814728	0.6351189101824058	0.5553276737295515	0.48872196736864865
5	20	Normalized kNN (test)	0.9971600092357423	0.7196965498787142	0.5940891249134149	0.5197928096379996	0.453977329045118
5	1	iMF (full)	0.9189101824059109	0.8357454215145905	0.6638189794504733	0.6003053172742792	0.5202609327357001
5	1	Popularity	0.9187254675594551	0.7892802920740853	0.6290925883167859	0.5845505934722037	0.5004981568543606
5	20	kNN (full)	0.9621334564765643	0.7941080956278588	0.6365042715308242	0.5563613557240614	0.48962561733092425
5	1	kNN (test)	0.8970445624567074	0.8366662248890581	0.6655737704918032	0.5964819337871398	0.5201598478169908
5	0	iMF (full)	0.8935118910182406	0.8386776119523394	0.6664049873008543	0.6026492993619847	0.5224167693361957
5	0	Popularity	0.8934426229508197	0.794917697456411	0.6321865619949203	0.5877145396464207	0.503432262812451
5	0	kNN (test)	0.8853844377741861	0.8387527727125957	0.6667051489263449	0.5977827954790443	0.521185371315572
4	20	Average Rating	1.0	0.6437143888681544	0.5367120757330871	0.45521730370027735	0.4033935688030944
4	20	iMF (test)	1.0	0.8049236302338232	0.6498268298314477	0.572959900319828	0.5021806094788672
5	1	Normalized kNN (test)	0.9014084507042254	0.8485528824742554	0.6766104825675364	0.6072369562858422	0.5294592827505481
5	1	kNN (full)	0.8791734010621103	0.8229281262719774	0.6569383514199953	0.5787194442041821	0.509428943219326
4	20	Normalized kNN (full)	0.7168552297390902	0.6560577073331783	0.5301085199722928	0.37644996590281243	0.3697553516824123
4	20	Random	1.0	0.34412252175341695	0.30731932579081045	0.24604508919209553	0.22250112423192242
5	0	Normalized kNN (test)	0.8885938582313554	0.8574639148196217	0.6815285153544216	0.6116123434697126	0.5336252242049013
5	0	kNN (full)	0.8724543985222812	0.8247441513922363	0.6581851766335719	0.5798011399598596	0.510525389035947
2	10	Average Rating	1.0	0.7231370781136673	0.5941122142692219	0.5279261201926979	0.4568705283460952
2	10	iMF (test)	1.0	0.8344906355690734	0.6679519741399215	0.5947919811371689	0.518741270929556
5	10	iMF (full)	1.0	0.8165384843297733	0.6513045486030941	0.5783209426259408	0.5056197320597919
5	10	Popularity	1.0	0.7462526914762309	0.5998845532209651	0.5477531453217684	0.47057728637576957
2	10	Normalized kNN (full)	0.7053336411914108	0.6615849591282033	0.5327637958900947	0.37431040121089876	0.36884191270897715
2	10	Random	1.0	0.44946362139340584	0.3912722235049642	0.3529579902980916	0.3010706653291644
5	10	kNN (test)	0.9685292080350958	0.8200824199465672	0.6531286077118448	0.5826148492327525	0.5079264871775218
4	1	Average Rating	0.9200184714846456	0.8381983741283443	0.6712999307319326	0.6099385921005449	0.5290527273118212
4	1	iMF (test)	0.9202955437543293	0.8681640530323824	0.6920341722465942	0.6204562884612224	0.5417461121853314
5	10	Normalized kNN (test)	0.9773262525975526	0.7818665867887054	0.6356499653659663	0.5685589349070943	0.4933726076480658
5	10	kNN (full)	0.9276610482567536	0.809232011323314	0.6472408219810667	0.5684436735995432	0.5001468706093072
4	0	Average Rating	0.8947125375202032	0.8545747231346942	0.6798429923805126	0.6172247867643619	0.5362805999821653
4	1	Normalized kNN (full)	0.7059339644423921	0.6687236664066987	0.539344262295082	0.38058376796905213	0.3751389746161707
4	1	Random	0.9202955437543293	0.6563585192129873	0.5362502886169476	0.5356689092166915	0.44402091854281656
4	0	iMF (test)	0.8947818055876241	0.874286454349307	0.6960055414453937	0.6235207241349646	0.5449236314929032
4	0	Normalized kNN (full)	0.7054259986146386	0.6693398659349413	0.5397829600554145	0.38077900680216326	0.37540078445746916
4	0	Random	0.8947818055876241	0.6866610604967915	0.5497344724082198	0.5493809096222597	0.45682157366947185
4	10	Average Rating	0.9999769106441929	0.7274710609836752	0.5981759408912491	0.5313311320755825	0.4614061559373694
4	20	iMF (full)	1.0	0.8098588326934146	0.64698683906719	0.5712131645275665	0.5013477105827585
4	20	Popularity	1.0	0.7168416276691378	0.5800046178711614	0.5173511169779423	0.4495517788618357
4	10	iMF (test)	1.0	0.837718027330618	0.6728007388593858	0.5998709256879459	0.5239536229412348
4	20	kNN (test)	0.9936504271530824	0.8038507976430715	0.6423227891941815	0.5702965851256406	0.49844025251366236
4	10	Normalized kNN (full)	0.7108289078734703	0.6629771960848945	0.5349111059801431	0.37844799801345314	0.37242227839088365
4	10	Random	1.0	0.44898918596380294	0.3895405218194412	0.35712839306824223	0.3027189783652529
2	10	iMF (full)	1.0	0.8173928996465321	0.6502886169475872	0.5788894909617013	0.5046369396392872
2	10	Popularity	1.0	0.7493445072707959	0.6004386977603325	0.5499392388970117	0.4711976774523279
4	20	Normalized kNN (test)	0.9972061879473562	0.7262539957638771	0.5971138305241284	0.5268575639647206	0.4587005079888322
2	10	kNN (test)	0.9694296929115679	0.8177889358168794	0.6507965827753406	0.5812601370031808	0.5060555628396063
4	20	kNN (full)	0.9634957284691756	0.7972330328553602	0.6378434541676288	0.5608017590007357	0.4927615263578603
2	10	Normalized kNN (test)	0.9791503117063034	0.7810102248998666	0.6339875317478643	0.5690211680399835	0.4925193517745943
2	0	Average Rating	0.8921727083814361	0.8522057815094303	0.6759639806049411	0.6130703468015569	0.5315873599657615
3	2	Average Rating	0.9424613253290234	0.8216192451445617	0.6603324867236204	0.6017507014036274	0.5227142828227184
2	10	kNN (full)	0.9283306395751558	0.8106286708741199	0.6454860309397368	0.5669227544838091	0.498600692921959
4	1	iMF (full)	0.9202955437543293	0.83873147806244	0.6674670976679751	0.6046168924663933	0.5243223154315854
4	1	Popularity	0.9200184714846456	0.7952231034838828	0.6326945278226737	0.5893051824745498	0.5047590541872891
3	2	iMF (test)	0.9427614869545139	0.8646948426284757	0.6915954744862619	0.6197231828014405	0.5432162301279015
2	0	iMF (test)	0.892265065804664	0.871228609551946	0.6913876702839991	0.6197957330911246	0.5401289362805201
4	1	kNN (test)	0.8981759408912491	0.8371556107093014	0.6664049873008543	0.6000541351110645	0.5227161314808143
3	2	Normalized kNN (full)	0.7039021011313784	0.6657648416198031	0.5352112676056338	0.37968064527529377	0.3745578145786426
3	2	Random	0.9427614869545139	0.6250399737968345	0.5146848302932348	0.5158895861012646	0.4266395299091242
2	0	Normalized kNN (full)	0.6997229277303163	0.6679746980355254	0.5376818286769799	0.37652000432396854	0.3717322577098391
2	0	Random	0.892265065804664	0.6838196841255355	0.5488801662433618	0.5479950865428391	0.4544069345701308
4	0	iMF (full)	0.8947818055876241	0.8410162829021244	0.6688986377280074	0.606840057920907	0.526163322433655
4	0	Popularity	0.8947125375202032	0.8005112937234794	0.6357423227891942	0.592557643895523	0.5077421442308089
1	10	Average Rating	0.9999769106441929	0.725095258420057	0.5952205033479566	0.5258573215342224	0.45824247882186087
4	0	kNN (test)	0.8869083352574463	0.8394253349834044	0.6677210805818518	0.6014988901428956	0.5240076970147216
1	10	iMF (test)	0.9999769106441929	0.8330945034213988	0.6711613945970908	0.5942215987419706	0.5210998544940978
4	1	Normalized kNN (test)	0.9032786885245901	0.8509331760230375	0.6784807203879012	0.6097299818924916	0.5323190500536992
1	10	Normalized kNN (full)	0.7072500577233894	0.658588423979748	0.5289078734703301	0.37534313199629316	0.3672845940294425
4	1	kNN (full)	0.8799353498037404	0.8234108581914961	0.6565227430154699	0.5805875513973114	0.5104601873472002
1	10	Random	0.9999769106441929	0.44763126585099056	0.39270376356499653	0.3510825671221611	0.302248375374434
2	2	Average Rating	0.9413068575386747	0.8224552248098379	0.6593165550681136	0.598311923260625	0.5171396760527263
2	2	iMF (test)	0.9415377510967444	0.8632032903813736	0.6866774416993766	0.6156337998484848	0.5360940791588957
4	0	Normalized kNN (test)	0.8900484876471947	0.8601529838538159	0.6834218425305935	0.6138302986819526	0.5364953257891727
4	0	kNN (full)	0.8730778111290696	0.8251757114038096	0.6577003001616255	0.5817128390714873	0.5115527750958001
2	2	Normalized kNN (full)	0.700854306164858	0.6665373191163592	0.5365966289540521	0.3759942020630826	0.37106502174680894
2	2	Random	0.9415377510967444	0.6275118814785137	0.5155391364580929	0.5166381163675325	0.42482026208237633
4	10	iMF (full)	1.0	0.8193290766901619	0.6541907180789657	0.5824869088389423	0.5091217912200755
4	10	Popularity	0.9999769106441929	0.7533485079992313	0.6048718540752712	0.5536503417835049	0.4759860195339119
4	10	kNN (test)	0.9694066035557608	0.8199801739142176	0.6535903948279843	0.5857691927381091	0.5101799338304224
2	1	Average Rating	0.9182867697991226	0.8366617653903008	0.6679750634957284	0.6062980025689462	0.524767118992842
1	2	Average Rating	0.941999538212884	0.8209061995028419	0.6593396444239206	0.5958483211983254	0.5177829808301797
4	10	kNN (full)	0.928215192796121	0.8102305352012649	0.647009928422997	0.5709908390834654	0.5015444080417928
2	1	iMF (test)	0.9184483952897714	0.8670797697420599	0.6885476795197414	0.617690215514845	0.5380761465692421
4	10	Normalized kNN (test)	0.9775109674440084	0.7852855788890811	0.63768182867698	0.5715845637799609	0.4962965475894323
1	2	iMF (test)	0.9422073424151466	0.8596981671825574	0.6881551604710229	0.6136813670284527	0.537583472431276
1	1	Average Rating	0.9198568459939968	0.8351888387253018	0.667490187023782	0.6032574662039976	0.5248827230698625
1	0	Average Rating	0.8944585546063265	0.8508438655356161	0.6762641422304317	0.6111991924237642	0.5326329488100154
2	1	Normalized kNN (full)	0.7003925190487186	0.6672028721471878	0.5371507734934196	0.37628864662450534	0.3714232950576716
1	1	iMF (test)	0.9200184714846456	0.8655316340672251	0.6917801893327176	0.6168892292615785	0.5405834626906385
2	1	Random	0.9184483952897714	0.6525423174695846	0.5329946894481644	0.5334963096840979	0.4407858284712827
1	2	Random	0.9422073424151466	0.6229050979394182	0.5169014084507042	0.5143458209932283	0.42629583725075126
1	2	Normalized kNN (full)	0.7019856845993997	0.6646793583631935	0.533433387208497	0.37746492712650004	0.3699777435936658
1	0	iMF (test)	0.8944816439621335	0.8697409331934354	0.6938582313553452	0.6192229531412855	0.5428165979941656
1	2	kNN (full)	0.8875086585084276	0.8225625512762774	0.6568229046409605	0.5781547407054802	0.5094916015106096
1	2	Popularity	0.941999538212884	0.7830602064482243	0.6264142230431771	0.5799565222384958	0.49803417011265766
1	1	Normalized kNN (full)	0.7015008081274532	0.6657693142024275	0.53417224659432	0.37777151038810075	0.3703845382408706
1	1	Random	0.9200184714846456	0.6501276326502515	0.5322327407065343	0.5295398859618519	0.4405675735786373
1	2	kNN (test)	0.9088894019856846	0.8327678771930855	0.6637497113830524	0.5938360755731892	0.518820901179332
1	0	Normalized kNN (full)	0.700877395520665	0.6662931979366707	0.5346340337104595	0.37797471664201987	0.3706599153705524
1	0	Random	0.8944816439621335	0.6863525312974025	0.5528515354421611	0.5468210474686707	0.4572781048984083
3	2	iMF (full)	0.9427614869545139	0.8324867747303062	0.6640267836527362	0.6019804937040371	0.5237425705001528
3	2	Popularity	0.9424613253290234	0.7868427012458533	0.6276148695451397	0.5854284879905303	0.5029358766305271
3	2	kNN (test)	0.9098822442853844	0.833057941586276	0.6643269452782267	0.5983560440510527	0.5230856753388891
2	0	iMF (full)	0.892265065804664	0.8405167667779703	0.6662202724543985	0.6041387240202037	0.5224038882409249
2	0	Popularity	0.8921727083814361	0.7978879691986194	0.6308704687139229	0.5876934549545748	0.5022665426822693
2	0	kNN (test)	0.8834218425305934	0.8373180693367013	0.6635188178249827	0.5954144099512302	0.5185188345868114
1	2	Normalized kNN (test)	0.9143615793119372	0.8409150508006494	0.6732394366197183	0.6020928726818429	0.5266666538428036
2	0	kNN (full)	0.8705610713461095	0.826169236569525	0.6566381897945047	0.5783664598967974	0.509237318547352
1	0	kNN (full)	0.8733548833987532	0.8261605256353104	0.6592934657123066	0.5804310492372537	0.5116886618138975
1	0	Popularity	0.8944585546063265	0.7944597073207977	0.633271761717848	0.5869373698691457	0.5045588549518844
1	10	iMF (full)	0.9999769106441929	0.8160660506362515	0.6522743015469868	0.5767073414854333	0.5065471550517702
1	10	Popularity	0.9999769106441929	0.74511061837309	0.6001154467790348	0.5457180702040445	0.4704627106948859
1	0	kNN (test)	0.8858462248903255	0.8372063797716701	0.6667975063495729	0.5968706532788958	0.521630399056308
3	2	Normalized kNN (test)	0.9156776725929346	0.8411162257950285	0.6728930962826137	0.6071022999209151	0.5306535298953271
1	10	kNN (test)	0.9675363657353959	0.8167655864478615	0.6518125144308474	0.5794837669748552	0.506628485877619
3	2	kNN (full)	0.8868621565458323	0.8208824401443138	0.654721773262526	0.5784865747152359	0.5111464913841536
1	0	Normalized kNN (test)	0.8888247517894251	0.8575025712188181	0.6824290002308936	0.610022219859382	0.5345583110094706
2	0	Normalized kNN (test)	0.8867697991226045	0.8580915863471591	0.6801200646501963	0.6106614677462767	0.5324148300222484
2	2	iMF (full)	0.9415377510967444	0.8357264693718583	0.6635419071807896	0.5997762640760814	0.5191806941574028
2	2	Popularity	0.9413068575386747	0.7879903131953719	0.6250981297621797	0.5817661128291698	0.49677355190468325
1	10	kNN (full)	0.9290464096051719	0.8099044079128231	0.6468021242207342	0.5674863308651341	0.49982666357255706
2	2	kNN (test)	0.9052412837681828	0.8337505801840226	0.661579311937197	0.5935545410286857	0.5167073163447323
1	10	Normalized kNN (test)	0.9773031632417455	0.7813394660899586	0.6347033017778804	0.5659209640525791	0.4927639603368577
2	2	Normalized kNN (test)	0.9120757330870468	0.8416628123309448	0.6714846455783883	0.603472224021986	0.5250918493823681
2	2	kNN (full)	0.8833756638189795	0.8233712738485541	0.6548372200415609	0.5767224585558537	0.5075788964655882
5	2	Average Rating	0.9407988917109212	0.818839479471658	0.6585776956822905	0.5964687712947802	0.5164445663277356
2	1	iMF (full)	0.9184483952897714	0.8373167292769491	0.6650888940198568	0.601761495834671	0.5207772341919041
2	1	Popularity	0.9182867697991226	0.7921413616759959	0.6278226737474024	0.5844541862063969	0.49931173878579327
2	1	kNN (test)	0.8954975756176403	0.8350873610059547	0.6622719926114062	0.5943046877997946	0.5173918487155943
5	2	iMF (test)	0.9411914107596399	0.8624163575432534	0.6884091433848996	0.6149141806474894	0.5367186738777295
1	1	iMF (full)	0.9200184714846456	0.8364695841307376	0.6667513276379589	0.6003073610151775	0.5227811515485021
1	1	Popularity	0.9198568459939968	0.7885388258663122	0.6294620180096975	0.5825295024912647	0.5006643732804646
2	1	kNN (full)	0.8775340567998152	0.8241792491438014	0.6553682752251212	0.5771564104436163	0.5080655798485764
4	2	Average Rating	0.9420918956361117	0.8236429388063249	0.6622489032555992	0.6020501390125663	0.521264532524735
1	1	kNN (test)	0.8980604941122142	0.8350948529102442	0.6652736088663127	0.595200243390769	0.5201672624442688
5	2	Normalized kNN (full)	0.7033017778803972	0.6653656395283073	0.5331332255830062	0.3789657070541584	0.3709482684942367
5	2	Random	0.9411914107596399	0.618228491721548	0.5132302008773956	0.5140812745566757	0.4234573352224694
4	2	iMF (test)	0.9425536827522512	0.8652874441050663	0.6899561302239667	0.6182393740266415	0.5396128932107016
1	1	kNN (full)	0.880350958208266	0.824583221342459	0.6581620872777649	0.5793233102243853	0.5106321008599672
5	2	kNN (full)	0.8854998845532209	0.8215436977052399	0.6557607942738397	0.5771042105355437	0.5081736944680997
5	2	Popularity	0.9407988917109212	0.7841093564416064	0.6253752020318634	0.5806549469036981	0.49685992005131424
4	2	Normalized kNN (full)	0.7066959131840221	0.6680036310614565	0.5386054029092587	0.3802115957584812	0.37467373986720365
5	2	kNN (test)	0.9070191641653198	0.8348720108653723	0.6637266220272454	0.5940377244421633	0.5182062682776484
4	2	Random	0.9425536827522512	0.6245459238968448	0.5150773493419534	0.516607289357598	0.4259346024855254
1	1	Normalized kNN (test)	0.9021934888016625	0.8491887241219517	0.6774186100207804	0.6057386437817655	0.5302236963385091
5	2	Normalized kNN (test)	0.9137843454167629	0.8409299547427846	0.6726391133687369	0.603542948939547	0.5259086493066114
4	2	Popularity	0.9420918956361117	0.7893588952260766	0.6291156776725929	0.5858325809339776	0.5014385251314368
4	2	kNN (test)	0.9094897252366659	0.8354249638250404	0.6648349111059801	0.5985108029190339	0.5212396581618882
4	2	Normalized kNN (test)	0.9152620641884092	0.8436140970796131	0.6740013853613483	0.6058486811343479	0.528395267271582
4	2	kNN (full)	0.885453705841607	0.8220893063619367	0.6552297390902794	0.5794498457791603	0.5093236490813878
1	0	iMF (full)	0.8944816439621335	0.8394667329942499	0.6687831909489725	0.6028345228549439	0.5248742217556486
5	2	iMF (full)	0.9411914107596399	0.8330698940174724	0.6627337797275457	0.5985424517465715	0.518889447015786
4	2	iMF (full)	0.9425536827522512	0.8359814996705608	0.6653197875779265	0.6020265919768201	0.5220754419119654
1	2	iMF (full)	0.9422073424151466	0.8334760458378687	0.6651350727314708	0.5981545203060166	0.5209065357351017
2	1	Normalized kNN (test)	0.9004386977603325	0.8491657249146692	0.6758023551142923	0.6070509814197618	0.5287460171585235
