fold	target size	recommender system	Coverage@10	nDCG@10	P@10	Recall@10	FScore@10
3	1	Average Rating	0.5195925925925926	0.5546363091167427	0.16787037037037036	0.659885513234453	0.24505443413167996
3	50	Average Rating	1.0	0.14055312929797595	0.06951851851851852	0.2962137536000175	0.10339691982415504
3	5	Average Rating	0.8395185185185184	0.4197720882685586	0.15953703703703703	0.6411161153617215	0.23463039764349822
3	0	Average Rating	0.42903703703703705	0.5702350667750669	0.16912962962962963	0.6622128135061978	0.2465533517968425
4	10	Average Rating	0.9995	0.3637099204815926	0.13425925925925927	0.5617588494576431	0.19913489919769614
3	10	Average Rating	0.9995	0.3503484703134879	0.14200000000000002	0.5773442184009028	0.20899236401398855
4	2	Average Rating	0.6032592592592593	0.5328534357931157	0.1634074074074074	0.6567427891945931	0.24028012495326725
5	1	Average Rating	0.5214814814814814	0.5488364232709882	0.1695	0.664276720991395	0.24671943057614967
4	1	Average Rating	0.5197407407407407	0.5489747785282458	0.16570370370370371	0.6605845842308324	0.24297313516628352
3	500	Average Rating	1.0	0.0034045015271813852	0.0016851851851851852	0.006274041240858851	0.002405807728032817
4	50	Average Rating	1.0	0.11056870740496345	0.05418518518518519	0.22650663462911869	0.07991084154854382
5	2	Average Rating	0.6092592592592593	0.5079293910920634	0.1665925925925926	0.6589343287914864	0.2433329920860027
3	2	Average Rating	0.6078703703703704	0.4363276252761231	0.1647962962962963	0.6550887439810893	0.24168426838051568
4	0	Average Rating	0.42942592592592593	0.573270555392706	0.1675	0.6634666797587614	0.24505293228774994
5	50	Average Rating	1.0	0.1237497050732762	0.061537037037037036	0.24627466025950895	0.08943639988936081
2	2	Average Rating	0.6086296296296296	0.43023388702372806	0.16485185185185186	0.6554403527723568	0.24202483500404645
2	50	Average Rating	1.0	0.10563073830095267	0.05470370370370371	0.2202691840904391	0.0799384538927235
2	500	Average Rating	1.0	0.004849714948411086	0.0028703703703703703	0.010043922947627822	0.0039445553254031105
1	50	Average Rating	1.0	0.10501055690931575	0.052000000000000005	0.21921466826626002	0.07639455987057994
3	1	iMF (test)	0.5195925925925926	0.578725917882209	0.1700185185185185	0.6644711160396216	0.24762951209594994
3	50	iMF (test)	1.0	0.4593943841043606	0.1401111111111111	0.5657862179548548	0.20576371544197683
4	2	iMF (test)	0.6032592592592593	0.5563546988651161	0.1670925925925926	0.6615107790286499	0.24437990992538777
4	10	iMF (test)	0.9995	0.5071265624689155	0.15927777777777777	0.6410577408268371	0.23404117698133442
3	5	iMF (test)	0.8395185185185184	0.5539087826947335	0.1671851851851852	0.6583279378972604	0.2441000410393548
3	10	iMF (test)	0.9995	0.5092114314975352	0.1612037037037037	0.6406012713707502	0.2359984422156002
3	0	iMF (test)	0.42903703703703705	0.5841455764846665	0.17048148148148148	0.6654342019763186	0.24815686344440682
4	1	iMF (test)	0.5197407407407407	0.5731805903716642	0.16794444444444445	0.66338522517617	0.2453980739724478
5	1	iMF (test)	0.5214814814814814	0.5797027845724688	0.17207407407407407	0.6684143292280357	0.24947233667381813
5	2	iMF (test)	0.6092592592592593	0.5768210012754988	0.17155555555555554	0.6674370164893425	0.24887883629900573
3	500	iMF (test)	1.0	0.22248329032215636	0.0752962962962963	0.3151152257250246	0.11166963141357794
3	2	iMF (test)	0.6078703703703704	0.5772876837098667	0.16983333333333334	0.6638419701623268	0.24735385791230066
4	50	iMF (test)	1.0	0.4506252549232262	0.1361111111111111	0.5598506330286922	0.20101292597055126
4	0	iMF (test)	0.42942592592592593	0.5786248440362269	0.1685740740740741	0.6642050128836212	0.24610423497558023
2	2	iMF (test)	0.6086296296296296	0.5749544280460568	0.1701851851851852	0.6646564749203819	0.2479576929554585
5	50	iMF (test)	1.0	0.4498238309158878	0.13844444444444445	0.5567797458091975	0.20267817739096253
2	50	iMF (test)	1.0	0.44762896898982607	0.13787037037037037	0.5579902506380294	0.20265351389655994
2	500	iMF (test)	1.0	0.20746755770898803	0.07085185185185186	0.29860349289093313	0.10492395607257365
1	50	iMF (test)	1.0	0.4562135592607639	0.1398148148148148	0.5691112131251783	0.2056682014533586
3	50	Normalized kNN (full)	1.0	0.29071664309927375	0.08135185185185186	0.3186466898672536	0.11772891870334364
3	50	Random	1.0	0.07545715314389105	0.034018518518518524	0.12990173698353683	0.04842646928905803
4	1	Normalized kNN (full)	0.5197407407407407	0.5305830311737856	0.1647962962962963	0.6565452644919187	0.24144827177389966
5	1	Normalized kNN (full)	0.5214814814814814	0.5344472085597187	0.16874074074074075	0.6616500750893605	0.24543617874968865
4	1	Random	0.5197407407407407	0.484888554009666	0.1627962962962963	0.6519651887449099	0.23900506403970137
5	1	Random	0.5214814814814814	0.4884480545211691	0.16627777777777777	0.6566273684408864	0.2425821767668224
3	10	Normalized kNN (full)	0.9995	0.40371558993529383	0.13035185185185186	0.5339378254763518	0.19183673963067333
4	2	Normalized kNN (full)	0.6032592592592593	0.5115530313743712	0.1628888888888889	0.652025509717778	0.23907058526233124
3	1	Normalized kNN (full)	0.5195925925925926	0.5333459402083048	0.1668888888888889	0.6564391273330714	0.2436744786714951
3	500	Normalized kNN (full)	1.0	0.1668897613835767	0.058722222222222224	0.241672637192687	0.08702745214941586
3	2	Normalized kNN (full)	0.6078703703703704	0.5153372957142148	0.16472222222222221	0.6528045795275758	0.24110890561971915
3	500	Random	1.0	0.00923026283687173	0.004611111111111112	0.015556298070179013	0.006265036635036732
3	10	Random	0.9995	0.2672083166789995	0.11012962962962963	0.45979529152619636	0.16286822368430984
5	2	Normalized kNN (full)	0.6092592592592593	0.5202552000006725	0.16605555555555557	0.656023678132408	0.24213149225930689
4	10	Normalized kNN (full)	0.9995	0.4024640611715238	0.1302037037037037	0.5381063104544291	0.19225794788179673
4	2	Random	0.6032592592592593	0.44635625018026975	0.16088888888888891	0.6486206425613035	0.23668714763359525
3	1	Random	0.5195925925925926	0.4819417082251895	0.1645740740740741	0.6536669307097528	0.2412538953398079
4	10	Random	0.9995	0.26698537263852784	0.10937037037037037	0.4610650181322132	0.16214184022181033
3	2	Random	0.6078703703703704	0.44890914439937696	0.16198148148148148	0.6481677530641992	0.23803503728377484
5	50	Normalized kNN (full)	1.0	0.2890108093260025	0.08257407407407408	0.3243989223619413	0.11934011783829851
3	5	Normalized kNN (full)	0.8395185185185184	0.46744890070209444	0.1554074074074074	0.6291325292028702	0.22879541107655102
3	0	Normalized kNN (full)	0.42903703703703705	0.5591092029514412	0.16824074074074075	0.6604498892049444	0.2454333002576039
5	2	Random	0.6092592592592593	0.4549057185932317	0.16314814814814815	0.6511983654055022	0.2389194259205883
5	50	Random	1.0	0.0766061871970714	0.032796296296296296	0.12582404446393913	0.04668746947517193
4	50	Normalized kNN (full)	1.0	0.29121659443187264	0.08090740740740741	0.32512910255750493	0.11793069842342557
4	50	Random	1.0	0.07397752523059292	0.03301851851851852	0.127480471760838	0.04734222399226031
4	0	Normalized kNN (full)	0.42942592592592593	0.5575156629548891	0.16642592592592592	0.6603873066333891	0.24348060170123315
3	5	Random	0.8395185185185184	0.3691714787052266	0.15025925925925926	0.6174052124359443	0.22253924701604025
3	0	Random	0.42903703703703705	0.531013619614478	0.16625925925925927	0.6563125297212317	0.24311838983288028
2	2	Normalized kNN (full)	0.6086296296296296	0.5191370340666753	0.16511111111111113	0.6535934654597717	0.24171776241913845
4	0	Random	0.42942592592592593	0.5286252957985671	0.16501851851851854	0.6568186860383807	0.24172870273199498
2	50	Normalized kNN (full)	1.0	0.2904090458980316	0.0812962962962963	0.3244834228623705	0.11802390858818947
2	500	Normalized kNN (full)	1.0	0.15549556321921065	0.05653703703703704	0.23608187021923047	0.08380245382983187
2	2	Random	0.6086296296296296	0.4515474257622453	0.1618703703703704	0.6469389688404177	0.237881429040179
2	500	Random	1.0	0.009111716665627986	0.004037037037037037	0.014059764042771485	0.005611601137866316
3	50	iMF (full)	1.0	0.4559179932130626	0.13944444444444445	0.5596682314102489	0.20424651495880056
2	50	Random	1.0	0.07222306160926006	0.03166666666666667	0.12068136250370821	0.045022241284968026
3	50	Popularity	1.0	0.37420670349341806	0.11670370370370371	0.47922872857130905	0.17217777700635195
1	50	Normalized kNN (full)	1.0	0.294348196279199	0.08146296296296297	0.3281845812856393	0.11859124764996849
1	50	Random	1.0	0.0726473525448722	0.0325	0.12498350483205041	0.04614530351939648
4	1	iMF (full)	0.5197407407407407	0.5688181897201665	0.1678888888888889	0.6633275497499418	0.24536860820138287
3	10	iMF (full)	0.9995	0.5017137474195024	0.15911111111111112	0.6350386964992697	0.23311490496838763
4	1	Popularity	0.5197407407407407	0.5367906736752387	0.1645185185185185	0.6570855354486059	0.24140222550232654
3	10	Popularity	0.9995	0.4224378747419698	0.1423148148148148	0.5851806735285485	0.21044359000879723
5	1	iMF (full)	0.5214814814814814	0.5739848408761578	0.17174074074074075	0.6678985464847201	0.24909138168433145
3	500	iMF (full)	1.0	0.23823500716781992	0.07801851851851851	0.32180245246825795	0.11486230646438936
3	1	iMF (full)	0.5195925925925926	0.5726680865976425	0.16953703703703704	0.663614187851402	0.24700259507875047
3	500	Popularity	1.0	0.15505568115045412	0.05683333333333334	0.23342642506160283	0.08388222146246131
5	50	iMF (full)	1.0	0.4467581904482308	0.13837037037037037	0.5527876177360939	0.20211597803615627
5	1	Popularity	0.5214814814814814	0.5448279582317831	0.16853703703703704	0.6620234682432532	0.24538986258564519
3	2	iMF (full)	0.6078703703703704	0.5703663599891904	0.169	0.662623862993241	0.2463764595650917
4	10	iMF (full)	0.9995	0.4977051186173097	0.15668518518518518	0.6327636992925088	0.23048735438102463
4	50	iMF (full)	1.0	0.4473805293522281	0.13564814814814816	0.5524468421656186	0.19961483105602265
4	2	iMF (full)	0.6032592592592593	0.5497348643460985	0.16646296296296295	0.6604463258926377	0.24368081065091032
3	1	Popularity	0.5195925925925926	0.5428898647313931	0.16661111111111113	0.6581140502535151	0.24375860600305457
5	50	Popularity	1.0	0.3644081916052173	0.11488888888888889	0.46683787388962955	0.16849452459599068
5	2	iMF (full)	0.6092592592592593	0.5717283361993981	0.17161111111111113	0.6670017316981995	0.24884092444318925
4	50	Popularity	1.0	0.37032173607517965	0.11648148148148148	0.48209847480189627	0.17218939162751312
4	10	Popularity	0.9995	0.4144784406798284	0.13892592592592592	0.5802269287510893	0.2060493710809972
3	5	iMF (full)	0.8395185185185184	0.545356297872621	0.16622222222222222	0.6566229817991187	0.242869852876875
3	2	Popularity	0.6078703703703704	0.542563128883564	0.16655555555555554	0.6580358609531036	0.24369492829025405
4	2	Popularity	0.6032592592592593	0.4950533970124271	0.16164814814814815	0.6520977608863171	0.23810586103185066
3	0	iMF (full)	0.42903703703703705	0.5781671601684112	0.16998148148148148	0.6646323603167968	0.24756325848177715
5	2	Popularity	0.6092592592592593	0.544374372965846	0.1684074074074074	0.6616993941691791	0.24521456977146347
4	0	iMF (full)	0.42942592592592593	0.5741535386218144	0.16835185185185186	0.6641843309754161	0.2459688739425856
3	5	Popularity	0.8395185185185184	0.4883690711824168	0.1596851851851852	0.6424577967233597	0.23505433337785298
2	50	iMF (full)	1.0	0.4473016492437738	0.1378888888888889	0.5576488342647664	0.20242876864661882
2	2	iMF (full)	0.6086296296296296	0.5698975056787081	0.16985185185185186	0.6641186379534081	0.24756996537082424
2	50	Popularity	1.0	0.37032868990793505	0.11583333333333333	0.47558395807000714	0.17090192113374764
2	500	iMF (full)	1.0	0.2132529962479907	0.07307407407407408	0.302041802825428	0.10750266243511074
3	0	Popularity	0.42903703703703705	0.5518743251206983	0.16781481481481483	0.6604016230958265	0.24520960084452617
2	500	Popularity	1.0	0.13218895119791757	0.047962962962962964	0.19668107269834895	0.07058596515123769
1	50	iMF (full)	1.0	0.45211815136039063	0.13783333333333334	0.5585811481347471	0.2024193232799915
4	0	Popularity	0.42942592592592593	0.5466374252230087	0.16594444444444445	0.6598415011906827	0.24311933132551253
1	50	Popularity	1.0	0.37020781292832666	0.11570370370370371	0.47898585503675856	0.17086467041303122
2	2	Popularity	0.6086296296296296	0.545957216368267	0.16762962962962963	0.6592340755005703	0.24495211662390481
3	50	kNN (test)	1.0	0.4402756893896624	0.13722222222222222	0.5572059662451556	0.2017388195535012
3	10	kNN (test)	0.9995	0.48347160805677536	0.1570740740740741	0.6325195035749094	0.2309171354852958
4	1	kNN (test)	0.5197407407407407	0.565883199162683	0.16742592592592592	0.6628879281981308	0.24490946100883354
3	500	kNN (test)	1.0	0.2187701329175846	0.07272222222222222	0.3032345658304883	0.10761052228347963
3	1	kNN (test)	0.5195925925925926	0.5706391322576412	0.16914814814814813	0.6634410190752302	0.24667119215206249
4	50	kNN (test)	1.0	0.43563819044295593	0.13642592592592592	0.5617057430673319	0.2015198297815789
4	10	kNN (test)	0.9995	0.4778445238580585	0.1554074074074074	0.6327128070448794	0.22924193368403553
5	1	kNN (test)	0.5214814814814814	0.5745894364190759	0.17172222222222225	0.668225132457713	0.24916308430406478
3	2	kNN (test)	0.6078703703703704	0.5696733159317826	0.16905555555555554	0.6632431140995475	0.24655535858666752
5	50	kNN (test)	1.0	0.4374464943735658	0.1373148148148148	0.5557123258764365	0.2012488359413152
4	2	kNN (test)	0.6032592592592593	0.5388530397273947	0.1655925925925926	0.6598928929407498	0.24285397861218927
4	2	kNN (full)	0.6032592592592593	0.5433392947631461	0.1655925925925926	0.6600978847581187	0.24273696445164752
3	5	kNN (test)	0.8395185185185184	0.5403811514746435	0.16562962962962963	0.6564653233207621	0.24240548083391922
3	0	kNN (test)	0.42903703703703705	0.5730404241819342	0.1693888888888889	0.6639241172527729	0.246971178136087
5	2	kNN (test)	0.6092592592592593	0.573686058988646	0.17157407407407407	0.6677127066119539	0.24897481152020376
2	50	kNN (test)	1.0	0.4344839368110142	0.1368888888888889	0.5569912948750755	0.20154070574714136
2	500	kNN (test)	1.0	0.1890439503934867	0.06357407407407407	0.26540026393262073	0.09389591009896053
4	0	kNN (test)	0.42942592592592593	0.5692304480635737	0.16794444444444445	0.664048722650592	0.24554265984855975
2	2	kNN (test)	0.6086296296296296	0.5690673472638869	0.16975925925925928	0.6640963319959168	0.24757326921768297
1	50	kNN (test)	1.0	0.4401194661887739	0.13635185185185186	0.5582618308316633	0.20083023198456978
3	0	kNN (full)	0.42903703703703705	0.5742996788347035	0.1696111111111111	0.6635909300339475	0.24708727684981568
2	50	kNN (full)	1.0	0.42300664556377204	0.1297222222222222	0.521870221851584	0.19020298185959505
3	5	kNN (full)	0.8395185185185184	0.5413101035046547	0.16468518518518518	0.6531086972737594	0.24090357654782696
4	0	kNN (full)	0.42942592592592593	0.5699987990452846	0.16790740740740742	0.6641620001694563	0.2454817528192829
2	100	Average Rating	1.0	0.027465176615053266	0.014370370370370372	0.05053556377148993	0.01996549414420629
2	20	Average Rating	1.0	0.22111098796343231	0.1097037037037037	0.4611523166671178	0.16278792607533865
3	0	Normalized kNN (test)	0.42903703703703705	0.5774176868905944	0.1697037037037037	0.6634515653473855	0.24724293234462774
4	0	Normalized kNN (test)	0.42942592592592593	0.5788137463348704	0.168	0.6646047474192717	0.24562263824329897
3	1000	Average Rating	1.0	0.002165550834836766	0.0010555555555555557	0.004102480238359151	0.0015374772106224923
2	100	iMF (test)	1.0	0.4128488934233333	0.12775925925925927	0.5200138987042765	0.18813455016057587
2	20	iMF (test)	1.0	0.4884018221035253	0.15357407407407409	0.6130519232083913	0.22505568034816661
5	500	Average Rating	1.0	0.002307403027163492	0.0011481481481481481	0.0039247587380141285	0.0015043632092051075
3	1000	iMF (test)	1.0	0.15387551199936805	0.05412962962962963	0.22673914267862075	0.0802057026931392
3	200	Average Rating	1.0	0.01197029438931692	0.005888888888888889	0.022436776950805055	0.008147400418480133
5	200	Average Rating	1.0	0.012192371934727875	0.006814814814814815	0.024881734150231337	0.0093089348502888
5	500	iMF (test)	1.0	0.2194692139512431	0.07435185185185185	0.31259487882111703	0.10993900927846076
3	50	Normalized kNN (test)	1.0	0.15605129759389275	0.07364814814814814	0.31347930972790533	0.10955672309708657
3	200	iMF (test)	1.0	0.3112009671890842	0.10212962962962963	0.4187880288521053	0.15042634633220536
3	10	Normalized kNN (test)	0.9995	0.41416057669319034	0.1509074074074074	0.615277205918398	0.22265610695274854
3	1	Normalized kNN (test)	0.5195925925925926	0.5606338227453822	0.16920370370370372	0.662602510595553	0.24664482547587546
3	500	Normalized kNN (test)	1.0	0.005511123314768097	0.0027962962962962967	0.010713011800725168	0.003905531940160874
4	50	Normalized kNN (test)	1.0	0.1416536339472865	0.06716666666666667	0.2924312105538742	0.10068590691104294
5	200	iMF (test)	1.0	0.3133594033447289	0.10387037037037036	0.4285916898393238	0.15269606495643476
4	1	Normalized kNN (test)	0.5197407407407407	0.5591295368444056	0.1672962962962963	0.6632462199817969	0.24479563897979423
4	2	Normalized kNN (test)	0.6032592592592593	0.5238195400938537	0.16522222222222224	0.6596632599891147	0.2423714695935479
4	10	Normalized kNN (test)	0.9995	0.4108554015717422	0.14864814814814817	0.6165857836217167	0.22054710971957434
3	2	Normalized kNN (test)	0.6078703703703704	0.5459495164679936	0.16855555555555557	0.6617295674516877	0.24594037996292473
3	5	Normalized kNN (test)	0.8395185185185184	0.5061227955878174	0.16442592592592592	0.6529297342360049	0.24081011072653025
5	50	Normalized kNN (test)	1.0	0.15790245413077406	0.07255555555555555	0.3110560229047841	0.10810433609577556
5	1	Normalized kNN (test)	0.5214814814814814	0.5607010182992622	0.17157407407407407	0.6683036430295615	0.24909140775069538
5	2	Normalized kNN (test)	0.6092592592592593	0.5513426169427825	0.17098148148148148	0.6669474247108431	0.24839643134535902
2	500	Normalized kNN (test)	1.0	0.004296225890829102	0.0018333333333333333	0.007235047199641534	0.0025420648094355318
2	2	Normalized kNN (test)	0.6086296296296296	0.5368862109291768	0.16846296296296298	0.6619796065183268	0.24620625604668003
2	50	Normalized kNN (test)	1.0	0.15346939897698852	0.07057407407407408	0.3081425844134958	0.10575994001935454
3	50	kNN (full)	1.0	0.4311586336369071	0.13053703703703703	0.528143553804665	0.19160395686905665
3	10	kNN (full)	0.9995	0.48862787119477313	0.15488888888888888	0.6231404468444156	0.22735404878281232
3	1	kNN (full)	0.5195925925925926	0.5699639683239505	0.1691851851851852	0.6628690017564637	0.24657184497856166
4	50	kNN (full)	1.0	0.4228056700338966	0.12842592592592592	0.5268147750185004	0.18925375355415192
3	500	kNN (full)	1.0	0.22736335835980404	0.07481481481481482	0.3085634978096153	0.11038935096986645
4	1	kNN (full)	0.5197407407407407	0.5638336666469044	0.1672037037037037	0.6629038365224038	0.24462518725085802
3	2	kNN (full)	0.6078703703703704	0.5670387071224817	0.1686666666666667	0.6618251624547742	0.24594236380410284
4	10	kNN (full)	0.9995	0.48012694919229415	0.15314814814814814	0.6207428208596466	0.2253856218796371
2	100	Normalized kNN (full)	1.0	0.2622101843512235	0.07227777777777777	0.28715103975384215	0.10492272939005799
2	20	Normalized kNN (full)	1.0	0.3530799702550631	0.10692592592592592	0.4286862282110639	0.1560268863037739
2	100	Random	1.0	0.03654904156970177	0.016537037037037038	0.05901851871623746	0.02300367395033705
2	20	Random	1.0	0.17675339806556817	0.06953703703703704	0.2770068304200243	0.10085596666437589
5	50	kNN (full)	1.0	0.4260698211167018	0.12985185185185186	0.5222117712330464	0.18980986898950727
1	50	Normalized kNN (test)	1.0	0.13950919875852924	0.06566666666666666	0.28691383773069806	0.09816506596549616
5	1	kNN (full)	0.5214814814814814	0.5690270796381857	0.17087037037037037	0.6663945571029289	0.2480822012143616
5	2	kNN (full)	0.6092592592592593	0.56603301777665	0.17033333333333334	0.6653385539497035	0.24739605827615466
3	1000	Normalized kNN (full)	1.0	0.11051129774153545	0.043555555555555556	0.18191117914084962	0.0649411100798223
2	2	kNN (full)	0.6086296296296296	0.564499519649876	0.16901851851851854	0.6622268077973485	0.24661582664613363
3	1000	Random	1.0	0.0038993466277302056	0.001851851851851852	0.006402755219805028	0.002556807211363983
2	500	kNN (full)	1.0	0.2052591990996714	0.06922222222222223	0.28797786152038457	0.10213836236121301
2	100	iMF (full)	1.0	0.40851528236042317	0.1269074074074074	0.5151283330255407	0.18634108690873685
2	20	iMF (full)	1.0	0.47434101768326375	0.1502962962962963	0.6030521524107988	0.22042165986835963
2	100	Popularity	1.0	0.30951401173061865	0.09755555555555556	0.40251519486314313	0.14426790062522865
2	20	Popularity	1.0	0.39309737948499746	0.12748148148148147	0.5210743014616493	0.18797040091942677
5	500	Normalized kNN (full)	1.0	0.16486401070405515	0.05814814814814815	0.2388947185018856	0.08551143929344149
5	500	Random	1.0	0.009583831025320467	0.0044444444444444444	0.01536856702557625	0.006038511532300194
3	1000	iMF (full)	1.0	0.16885598724163084	0.05698148148148148	0.23374722581107865	0.08380066836888751
3	1000	Popularity	1.0	0.09515328782078136	0.03564814814814815	0.14675062515265894	0.05246785349527822
1	50	kNN (full)	1.0	0.42689278632891736	0.12855555555555556	0.5254966837183377	0.18904802405016338
3	200	Normalized kNN (full)	1.0	0.21418374300574042	0.0661851851851852	0.26294280336621884	0.09652098898429512
3	200	Random	1.0	0.019767656115422	0.008703703703703703	0.03163380686578667	0.012068899437105795
5	200	Normalized kNN (full)	1.0	0.21594674970073693	0.06712962962962964	0.2677823134406511	0.09770259754120683
2	1000	Average Rating	1.0	0.0022192007085439854	0.0010925925925925927	0.004089205276237851	0.001502672058636111
5	200	Random	1.0	0.02163841708942123	0.00974074074074074	0.03631908338075134	0.013686826145379095
5	500	iMF (full)	1.0	0.22874207301202681	0.0762037037037037	0.31431911696755027	0.1118417397663007
5	500	Popularity	1.0	0.14471097896982554	0.052037037037037034	0.21733166274781393	0.07663288794179558
2	20	kNN (full)	1.0	0.45526488354505007	0.14477777777777778	0.5825864146823523	0.21266117069853605
3	200	iMF (full)	1.0	0.31312845080731844	0.10300000000000001	0.4170466368146128	0.1509994188946073
3	200	Popularity	1.0	0.20704959404082793	0.07350000000000001	0.30329458043304086	0.10862008205453727
2	20	kNN (test)	1.0	0.45612695032266487	0.14851851851851852	0.600011767228451	0.21847416427867777
4	5	Average Rating	0.8396111111111111	0.47420885393642676	0.1555	0.6392974165174065	0.2301096688387003
2	1000	iMF (test)	1.0	0.15253865026938704	0.05309259259259259	0.2262177247022551	0.07891162163015653
5	200	iMF (full)	1.0	0.31230562911139126	0.10357407407407408	0.4199011761638333	0.15156650545154793
5	200	Popularity	1.0	0.20225651247101092	0.07205555555555555	0.2998033415740629	0.1061272799908387
2	100	kNN (test)	1.0	0.4031741028497462	0.1272037037037037	0.5197567777562722	0.1873964719295462
4	5	iMF (test)	0.8396111111111111	0.5480655524912759	0.16518518518518518	0.6575268184691174	0.24205306672326507
3	1000	kNN (test)	1.0	0.1560135619985694	0.05251851851851852	0.21849454404572827	0.07757093111108525
2	100	kNN (full)	1.0	0.39010775825449195	0.11981481481481482	0.4825489587557529	0.17567006937027188
4	5	Random	0.8396111111111111	0.3750016776907854	0.14862962962962964	0.6175060865216051	0.22060145921184643
5	500	kNN (test)	1.0	0.21192989384067876	0.06998148148148149	0.2927477270268782	0.1031633754899667
4	5	iMF (full)	0.8396111111111111	0.5424303262494085	0.16424074074074074	0.6550540393668636	0.24080464916213576
3	200	kNN (test)	1.0	0.2871250595982421	0.0972037037037037	0.40338157895427157	0.14368102468164592
4	5	Popularity	0.8396111111111111	0.48521779638659324	0.15764814814814815	0.642570056594724	0.23281779133962716
5	200	kNN (test)	1.0	0.28760799969337897	0.09714814814814815	0.4044636011104684	0.14320944560954044
2	200	Average Rating	1.0	0.012511026591839057	0.0056851851851851855	0.020421627443800956	0.007798938825202379
2	200	iMF (test)	1.0	0.32028296425470704	0.10344444444444445	0.4281718975852811	0.15280293967922434
2	1000	Normalized kNN (full)	1.0	0.11230030449351411	0.043611111111111114	0.1871863595776543	0.0651900711493736
2	1000	Random	1.0	0.004143850361587533	0.0020185185185185184	0.007634950588604392	0.0027856335030606305
2	1000	iMF (full)	1.0	0.16344383395719017	0.05592592592592593	0.2328572054383555	0.08239459790123689
4	5	Normalized kNN (full)	0.8396111111111111	0.4748859597785033	0.1542777777777778	0.6321362076132842	0.22780737023902062
2	1000	Popularity	1.0	0.09404217940217928	0.035555555555555556	0.149218629085167	0.05255417136159949
4	5	kNN (test)	0.8396111111111111	0.5352394426296672	0.16435185185185186	0.6572390061896409	0.24128743846222978
4	500	Average Rating	1.0	0.006399852666055205	0.003740740740740741	0.015366487878267866	0.005366887895513522
2	1	Average Rating	0.5208333333333334	0.5333501493357036	0.16777777777777778	0.6605953859534897	0.24531488977178542
4	5	kNN (full)	0.8396111111111111	0.5349870666278228	0.1632962962962963	0.6542236931061493	0.23967896444034514
4	500	iMF (test)	1.0	0.21167982647263572	0.07068518518518518	0.3029323135734526	0.10554813559540721
2	20	Normalized kNN (test)	1.0	0.27302589806654476	0.1218888888888889	0.516559096778304	0.181713832892232
2	1	iMF (test)	0.5208333333333334	0.5790058992298756	0.17083333333333334	0.6658194018324919	0.24874085288400574
3	100	Average Rating	1.0	0.03668684258919953	0.016185185185185188	0.060211048520247	0.02254084369237643
4	100	Average Rating	1.0	0.0520727115962657	0.02725925925925926	0.10929085548925145	0.03949052494539176
2	1000	kNN (test)	1.0	0.1532753320749501	0.0515925925925926	0.21556275453449938	0.07616570969422301
5	100	Average Rating	1.0	0.04170989997584577	0.020981481481481483	0.07782786415344115	0.029487940865399926
2	10	Average Rating	0.9994444444444445	0.3390644210392608	0.14187037037037037	0.5757561953381922	0.20900078811238004
2	200	Normalized kNN (full)	1.0	0.22280713478922748	0.06635185185185186	0.2677678115330892	0.09692689191375328
5	0	Average Rating	0.4310740740740741	0.5773942801146915	0.17162962962962963	0.667890971271495	0.24914831636585405
2	200	Random	1.0	0.01970146307040146	0.009166666666666667	0.0333690199323234	0.012675424663580933
5	10	Average Rating	0.9993333333333333	0.3594357849702559	0.1385185185185185	0.5668474475672386	0.20366803049216659
3	100	iMF (test)	1.0	0.40834660780622456	0.12631481481481482	0.515837928148963	0.1860660202282651
4	100	iMF (test)	1.0	0.4058670267508636	0.12437037037037038	0.5161813383379482	0.18418363604741286
5	100	iMF (test)	1.0	0.4086919690417575	0.12674074074074074	0.5137880878250913	0.1858025069396038
2	10	iMF (test)	0.9994444444444445	0.5141542456430346	0.16268518518518518	0.6429832407795107	0.23784104959503996
5	0	Random	0.4310740740740741	0.5360233596285187	0.1683148148148148	0.6604733470737443	0.24490713822781787
5	0	iMF (test)	0.4310740740740741	0.5856448208213392	0.17235185185185187	0.66897441274231	0.24980577262547188
2	100	Normalized kNN (test)	1.0	0.05882210407398426	0.029333333333333333	0.12734232694964642	0.04385760994453181
2	200	iMF (full)	1.0	0.3254323870807821	0.10377777777777777	0.4256461754488442	0.15280476911349694
2	200	Popularity	1.0	0.23803306684065323	0.07412962962962963	0.30553762691537034	0.10936396473523502
5	10	iMF (test)	0.9993333333333333	0.5114591328317821	0.16268518518518518	0.6440405448651096	0.23729382690588208
1	100	Average Rating	1.0	0.02806016026152504	0.015370370370370371	0.058545163939929146	0.021614658734095134
3	1000	Normalized kNN (test)	1.0	0.0026748587551766495	0.0012962962962962963	0.0053645290017082835	0.0018123804231096657
5	0	iMF (full)	0.4310740740740741	0.5789663541459216	0.17224074074074075	0.6685162953238742	0.2496088864430205
5	0	Popularity	0.4310740740740741	0.5528902362583454	0.16953703703703704	0.6639319846239917	0.24660636846188622
1	100	iMF (test)	1.0	0.41714266174463055	0.1275925925925926	0.5226436905828533	0.187862274728649
5	500	Normalized kNN (test)	1.0	0.0036870490732593382	0.001925925925925926	0.007511936463605365	0.002686002293836831
4	500	Normalized kNN (full)	1.0	0.15710132338937594	0.056074074074074075	0.23637412247899423	0.08356405304155785
4	500	Random	1.0	0.008926112362146634	0.0038888888888888888	0.015263800179467348	0.005467781244151044
2	1	Normalized kNN (full)	0.5208333333333334	0.5343743253303473	0.1665925925925926	0.6565098715845111	0.24354600051517838
3	200	Normalized kNN (test)	1.0	0.017512270864897823	0.008814814814814815	0.03408013093297462	0.012593492957966858
2	1	Random	0.5208333333333334	0.4902106198837331	0.1648148148148148	0.6530506701388393	0.2414447683745742
5	200	Normalized kNN (test)	1.0	0.013616206066521162	0.006981481481481482	0.029721211065739873	0.010153312321239647
3	1000	kNN (full)	1.0	0.16297891301753378	0.05524074074074074	0.22852003706351082	0.08135221278737308
2	200	kNN (test)	1.0	0.3141183657254308	0.10168518518518518	0.4214026490526788	0.15023967167670918
4	500	iMF (full)	1.0	0.21907849117343042	0.07301851851851852	0.30792739938154506	0.10800205233034847
4	500	Popularity	1.0	0.13509304823723323	0.048481481481481487	0.20246163093792507	0.07153167673813937
2	1	iMF (full)	0.5208333333333334	0.5718605108964812	0.1701851851851852	0.6648402344904372	0.24803167095643416
2	1	Popularity	0.5208333333333334	0.5463858304301502	0.16770370370370372	0.6593409978991593	0.24503941388848965
5	500	kNN (full)	1.0	0.22319896062398414	0.07372222222222223	0.30745613439843444	0.10849651496568692
3	100	Normalized kNN (full)	1.0	0.2635924763720453	0.07288888888888889	0.2867874334463966	0.10570321256321856
4	100	Normalized kNN (full)	1.0	0.25890700238483116	0.07094444444444445	0.2829013432571217	0.10321540957831474
3	100	Random	1.0	0.04074662224366734	0.018000000000000002	0.06809784042581557	0.025362617697308645
4	100	Random	1.0	0.03855887049343451	0.017296296296296296	0.0637242925852236	0.02422336301445431
5	0	kNN (test)	0.4310740740740741	0.5772328799224096	0.17207407407407407	0.6689960827008855	0.24959995055672052
5	100	Normalized kNN (full)	1.0	0.26128680009391225	0.07346296296296297	0.2898345658361596	0.10636504330556563
5	100	Random	1.0	0.03821730873179595	0.017240740740740744	0.06274925165966558	0.024028986951210918
3	200	kNN (full)	1.0	0.29601228676147373	0.0972777777777778	0.3966930010915343	0.14310323207602751
2	10	Normalized kNN (full)	0.9994444444444445	0.4012133079437785	0.1309814814814815	0.5363464132608127	0.19280528788890297
5	200	kNN (full)	1.0	0.29716900054212797	0.09746296296296297	0.4012470776656626	0.1432409337192827
2	10	Random	0.9994444444444445	0.2689276931045147	0.11546296296296296	0.48350218102691106	0.17099085541146175
5	0	Normalized kNN (full)	0.4310740740740741	0.5575333643000008	0.1701111111111111	0.6647034423975171	0.24715869725577333
5	10	Normalized kNN (full)	0.9993333333333333	0.4017777533143975	0.13214814814814815	0.538841720935897	0.1937724935983067
5	10	Random	0.9993333333333333	0.277920260860505	0.11281481481481483	0.46718452662078114	0.16587975753245782
2	1000	kNN (full)	1.0	0.16148652815472303	0.05475925925925926	0.22787859389155407	0.08062535976524765
4	100	iMF (full)	1.0	0.40452777491473313	0.1247962962962963	0.5129524008747225	0.1840132720228783
3	100	iMF (full)	1.0	0.40676269556977196	0.12614814814814815	0.5097927305908264	0.18519950132263382
4	100	Popularity	1.0	0.31137749537052173	0.09646296296296296	0.4062819089650958	0.14316835742910083
3	100	Popularity	1.0	0.312062247760059	0.09487037037037038	0.394150951994784	0.14059404489211186
5	100	iMF (full)	1.0	0.4035115932568727	0.12574074074074074	0.5071052109177409	0.18392477684295674
5	100	Popularity	1.0	0.3037367634121859	0.09505555555555557	0.3935428697328133	0.14009699957399172
4	5	Normalized kNN (test)	0.8396111111111111	0.4995319624874659	0.1618703703703704	0.6528596722141766	0.23828086395425885
5	1000	Average Rating	1.0	0.0016536457453755096	7.037037037037038E-4	0.002894179894179894	0.0010021176777712726
2	10	iMF (full)	0.9994444444444445	0.5017262212142534	0.1605925925925926	0.6377019234243095	0.23512399787022997
2	10	Popularity	0.9994444444444445	0.4229222105908489	0.14285185185185184	0.5857480869608571	0.21106026051376442
5	10	iMF (full)	0.9993333333333333	0.5013502926840787	0.16074074074074074	0.6379625564861879	0.23460220116443414
5	10	Popularity	0.9993333333333333	0.41716236581714566	0.14183333333333334	0.5822213708486984	0.20897975070043667
4	500	kNN (test)	1.0	0.1917902179788573	0.06570370370370371	0.2811327746183819	0.09757371470539834
5	1000	Random	1.0	0.004679389507555125	0.0021111111111111113	0.008278477446329924	0.002957288579585744
2	10	kNN (full)	0.9994444444444445	0.48329586373839667	0.1559814814814815	0.6239029821430895	0.2288931395650128
2	1	kNN (test)	0.5208333333333334	0.5704071850388803	0.16994444444444445	0.6644391404220586	0.24779296441287393
4	1000	Average Rating	1.0	0.0018997901492690526	9.074074074074074E-4	0.003582561153976333	0.0012493062751408781
5	0	kNN (full)	0.4310740740740741	0.5749313866127361	0.17133333333333334	0.6672727236894288	0.24864356535888704
1	100	Normalized kNN (full)	1.0	0.26646941628618925	0.07205555555555555	0.2925508862602133	0.10513600343576361
1	100	Random	1.0	0.03987606345099445	0.01762962962962963	0.06582459848568456	0.02484976630954997
5	1000	iMF (test)	1.0	0.14835598885493717	0.05277777777777778	0.22295549020030767	0.07826675545067185
5	1000	iMF (full)	1.0	0.16567765395860792	0.05587037037037037	0.23283750482338914	0.08223568547518693
5	1000	Popularity	1.0	0.09394612391385448	0.03553703703703704	0.14760245365434574	0.0522151633841417
2	10	kNN (test)	0.9994444444444445	0.4804072798180348	0.15864814814814815	0.6363536727094091	0.23306978578943957
4	1000	iMF (test)	1.0	0.1502189558384955	0.05146296296296297	0.21977159883583192	0.07682719850575694
1	100	iMF (full)	1.0	0.41310609566226164	0.12612962962962965	0.5133797470717419	0.18533139920477296
1	100	Popularity	1.0	0.30881891429414715	0.09827777777777778	0.4098992919115107	0.14556306084676596
4	100	kNN (test)	1.0	0.39604399716350996	0.12316666666666667	0.5117892980454256	0.1822089942848398
5	100	kNN (test)	1.0	0.4014898704320125	0.12511111111111112	0.509623039194415	0.1835168152230634
2	1000	Normalized kNN (test)	1.0	0.002309469446518456	8.148148148148149E-4	0.0033626807268972827	0.001155687107995907
3	100	kNN (test)	1.0	0.4023284460933983	0.12464814814814815	0.5095864610970763	0.18349344808486873
5	10	kNN (test)	0.9993333333333333	0.48372138308467943	0.15933333333333333	0.636995670385353	0.23322621166508187
5	1000	kNN (full)	1.0	0.16143217358298798	0.05507407407407408	0.22920276684116503	0.08096169688316182
1	2	Average Rating	0.6122407407407408	0.456571630499689	0.16444444444444445	0.6589045786594382	0.24154239210175193
5	0	Normalized kNN (test)	0.4310740740740741	0.5851422845931541	0.1722037037037037	0.6694392204151388	0.2498193420261757
5	1000	kNN (test)	1.0	0.15476263858896624	0.05218518518518519	0.21979684787195714	0.07705208606241032
2	200	kNN (full)	1.0	0.3139314602846951	0.09920370370370371	0.40762706417657557	0.14616272361245375
1	100	kNN (test)	1.0	0.40629562801172175	0.12614814814814815	0.5200789277511153	0.18607262951680892
1	2	iMF (test)	0.6122407407407408	0.5771000723205091	0.17025925925925925	0.6691048761651356	0.24805800515188692
1	500	Average Rating	1.0	0.002016478458095792	0.0012407407407407408	0.004310884526298169	0.001623927368479552
5	1000	Normalized kNN (full)	1.0	0.11351638553499302	0.04424074074074074	0.18596063847705716	0.06583200895718508
2	200	Normalized kNN (test)	1.0	0.013887137292299435	0.00688888888888889	0.02901793665193611	0.010047110303280286
4	500	kNN (full)	1.0	0.2065468151119979	0.06987037037037037	0.2966641357152148	0.10356519061445117
1	500	iMF (test)	1.0	0.21844489016314045	0.07266666666666667	0.30998034129531504	0.10824914151296422
2	5	Average Rating	0.8393148148148148	0.41269323086148846	0.1584074074074074	0.6395269554700705	0.23344283796245788
4	1000	Normalized kNN (full)	1.0	0.10953711837436075	0.04203703703703704	0.1802154033853569	0.06321078659607375
4	1000	Random	1.0	0.0041887533909213594	0.001777777777777778	0.006571589224224466	0.002388125810814084
2	5	iMF (test)	0.8393148148148148	0.5530713670048719	0.1677962962962963	0.6593053296579505	0.24497336495634697
4	1000	iMF (full)	1.0	0.16346730070175328	0.05448148148148148	0.23094653810557672	0.08076108817484166
4	1000	Popularity	1.0	0.0911746035415355	0.033944444444444444	0.14434085066040483	0.050253400276762256
2	5	Random	0.8393148148148148	0.36763117250838817	0.15031481481481482	0.6180289311125634	0.22266817420220528
4	100	kNN (full)	1.0	0.3841482889837332	0.11657407407407408	0.48060430801569554	0.17180706607680307
2	5	iMF (full)	0.8393148148148148	0.5437047387574343	0.16687037037037036	0.6573004336832832	0.24384979504905974
2	5	Popularity	0.8393148148148148	0.48916497526745256	0.16033333333333336	0.6429668679146257	0.2357719546534582
2	10	Normalized kNN (test)	0.9994444444444445	0.4132208054576777	0.1542962962962963	0.6253821632589985	0.22754908635513213
4	500	Normalized kNN (test)	1.0	0.004377313685571421	0.0020185185185185184	0.008016340772071029	0.002888776725476807
4	200	Average Rating	1.0	0.01061379985199102	0.005703703703703704	0.02143455841920379	0.007944145856459068
1	2	Normalized kNN (full)	0.6122407407407408	0.5230364316062492	0.16464814814814815	0.6565200027610198	0.24108016345758496
4	200	Random	1.0	0.022415968004128352	0.009722222222222222	0.03801142752185293	0.013702101944114618
1	2	Random	0.6122407407407408	0.46490391422222654	0.1620925925925926	0.6521248855303056	0.2381524837693851
2	1	kNN (full)	0.5208333333333334	0.5676349241363401	0.16948148148148148	0.6635035588240995	0.24722798159016549
1	100	kNN (full)	1.0	0.3922097707330023	0.11805555555555555	0.4845025881788092	0.17366962297143484
4	1000	kNN (test)	1.0	0.14743104719595573	0.050277777777777775	0.21329419757130003	0.07453065507309738
2	1	Normalized kNN (test)	0.5208333333333334	0.5540993579283252	0.16927777777777778	0.6631822363505383	0.24705195665067892
2	5	Normalized kNN (full)	0.8393148148148148	0.4815559680671219	0.15487037037037038	0.6259612279916503	0.22792219315032428
4	200	iMF (test)	1.0	0.3134446582745788	0.10166666666666667	0.4287012047323751	0.15102341788782056
4	100	Normalized kNN (test)	1.0	0.05966359710579473	0.029333333333333333	0.12734293631498186	0.04384360522574546
1	500	Normalized kNN (full)	1.0	0.16645313297692324	0.05775925925925927	0.24455177749395662	0.0856500616647849
4	200	iMF (full)	1.0	0.3166896368898308	0.10385185185185186	0.43092754728618904	0.15327267114023238
1	500	Random	1.0	0.008906950595174313	0.004148148148148148	0.014780834243631904	0.005680074485141878
1	2	iMF (full)	0.6122407407407408	0.5719585387650886	0.16977777777777778	0.6683995446381866	0.2475422940954204
4	200	Popularity	1.0	0.2041670346413623	0.07246296296296297	0.30629986680935073	0.1074266824559454
1	2	Popularity	0.6122407407407408	0.543556134240607	0.1673888888888889	0.662861638893193	0.24470679620277014
5	100	Normalized kNN (test)	1.0	0.06488367966705351	0.03233333333333333	0.1403517137817975	0.04825858438276404
1	100	Normalized kNN (test)	1.0	0.06274715730484991	0.03142592592592593	0.13629070120012649	0.046799559477246955
1	500	iMF (full)	1.0	0.23578681275988056	0.07674074074074075	0.3202336992859946	0.11328183747013253
2	5	kNN (test)	0.8393148148148148	0.5401548959826732	0.16696296296296298	0.6586554776888698	0.24421262967420868
5	10	Normalized kNN (test)	0.9993333333333333	0.40226376648355955	0.15268518518518517	0.6201891037476498	0.22460173760420118
1	500	Popularity	1.0	0.14201240563588388	0.05025925925925927	0.20800007003579524	0.0738527017631322
5	20	Average Rating	1.0	0.23649123382610207	0.11144444444444446	0.45065569593012833	0.16306027509793367
2	5	kNN (full)	0.8393148148148148	0.5381680431961208	0.16553703703703704	0.6545367808160288	0.2422443185619004
3	100	Normalized kNN (test)	1.0	0.059565371553821196	0.029481481481481484	0.12606118706048805	0.04391499948877203
5	1000	Normalized kNN (test)	1.0	0.0017445084491611049	8.333333333333334E-4	0.003488127861252702	0.0011464848917979293
4	200	kNN (full)	1.0	0.29187577570396955	0.09662962962962965	0.40275443805259303	0.14275640952085306
4	20	Average Rating	1.0	0.23606757354212457	0.11037037037037037	0.4581079043809209	0.16325066579962305
5	20	iMF (test)	1.0	0.487022950055776	0.15325925925925926	0.6117639913723538	0.22386803411707495
4	20	Random	1.0	0.15597118555615208	0.06820370370370371	0.27736107591197684	0.0997931471469875
5	100	kNN (full)	1.0	0.3909209295620268	0.11903703703703705	0.4811789477982622	0.17406562887655513
3	20	Random	1.0	0.16427817420462187	0.06914814814814815	0.2741743106421034	0.10066034780637398
3	20	Average Rating	1.0	0.23488065550485665	0.11533333333333334	0.4727667792937134	0.1701845498704346
4	200	kNN (test)	1.0	0.2844518299200055	0.09785185185185184	0.41215934737610777	0.1452577602235205
1	20	Average Rating	1.0	0.2369610984134575	0.11390740740740742	0.47293903179398267	0.16808663776063953
5	10	kNN (full)	0.9993333333333333	0.4860823370077876	0.15666666666666668	0.6250835387746588	0.22898531926675622
1	2	kNN (test)	0.6122407407407408	0.5706718027055816	0.16992592592592592	0.668591502639663	0.24775097039685195
4	20	iMF (test)	1.0	0.48174660454515866	0.15014814814814817	0.6116876494740082	0.22129803921336758
4	1000	kNN (full)	1.0	0.15553849461533611	0.05407407407407407	0.22683644514889192	0.07994972758374846
4	20	iMF (full)	1.0	0.4724740981629244	0.14716666666666667	0.5989780155425785	0.21677573042272524
3	20	iMF (test)	1.0	0.48457922779049023	0.15194444444444444	0.608618618754151	0.2227882970987437
4	20	Popularity	1.0	0.38635771082928716	0.12525925925925926	0.5179366311495556	0.18530319361095052
3	20	iMF (full)	1.0	0.47811393395231644	0.15012962962962964	0.6000570547024698	0.22001732348949601
3	100	kNN (full)	1.0	0.3915184065778095	0.11883333333333335	0.48024351685286715	0.17423125322986485
3	20	Popularity	1.0	0.39382671217265025	0.12785185185185186	0.5229219868505479	0.18866276963921869
2	0	Average Rating	0.43042592592592593	0.5714390676644433	0.1696111111111111	0.6639933816387661	0.24745167136420693
1	20	iMF (test)	1.0	0.48692521334989547	0.153	0.6175065211101537	0.22449928674703132
1	500	kNN (test)	1.0	0.20998675815561985	0.06907407407407408	0.291498705596665	0.10226127075174228
5	5	Average Rating	0.8386481481481481	0.48497163218488504	0.15835185185185185	0.638514498878601	0.23242478501606034
4	200	Normalized kNN (full)	1.0	0.21331873503369095	0.06462962962962963	0.2619835292909177	0.09475917347834287
2	0	iMF (test)	0.43042592592592593	0.5824540870601035	0.17099999999999999	0.6658979591506246	0.2488435192197144
4	20	Normalized kNN (full)	1.0	0.3387314117431472	0.10146296296296296	0.41168011732821463	0.14862232911211687
5	5	Random	0.8386481481481481	0.37354476427984473	0.1505	0.6173069519999469	0.2220012753910539
5	5	iMF (test)	0.8386481481481481	0.5549735186360443	0.16883333333333334	0.6612441220176255	0.24547829948450878
3	20	kNN (full)	1.0	0.4609493997063026	0.14396296296296296	0.581807252218541	0.21146037466583645
2	0	Random	0.43042592592592593	0.5304931638485899	0.1662962962962963	0.6558969050202157	0.243190002095733
4	1000	Normalized kNN (test)	1.0	0.0026257366231163463	0.0010555555555555557	0.0042900112887971015	0.0015024896727109777
4	20	kNN (test)	1.0	0.45376458871805603	0.14557407407407408	0.5969363483482898	0.21502723632058326
3	20	kNN (test)	1.0	0.45902993332575803	0.1471851851851852	0.5958412351170329	0.2165072586455669
5	5	iMF (full)	0.8386481481481481	0.5464838721704371	0.1681851851851852	0.659788481778873	0.2446352179781328
5	5	Popularity	0.8386481481481481	0.48888729019688376	0.1609814814814815	0.6453652782629985	0.23595279162982374
2	0	iMF (full)	0.43042592592592593	0.5769168300909946	0.1705925925925926	0.665406909020274	0.24846065672120185
2	5	Normalized kNN (test)	0.8393148148148148	0.49273363367519407	0.1648888888888889	0.6554516793880605	0.241936236595747
2	0	Popularity	0.43042592592592593	0.552964121271531	0.16842592592592592	0.6606303330496057	0.2459153256842071
3	20	Normalized kNN (full)	1.0	0.33711323746222605	0.10214814814814815	0.4066150235900628	0.14873574929226713
1	1	Average Rating	0.5242592592592593	0.526894084726518	0.1675185185185185	0.6644369721342722	0.245069621487979
4	20	kNN (full)	1.0	0.4520693461241788	0.14174074074074072	0.5781948608681639	0.20882070626984386
5	20	Normalized kNN (full)	1.0	0.3427864494533712	0.10622222222222223	0.4228482453456301	0.1542623034955326
5	20	Random	1.0	0.15383054120962653	0.06887037037037037	0.27022064499110193	0.09961728550903744
1	1	iMF (test)	0.5242592592592593	0.580103757068649	0.17053703703703704	0.6699210492415895	0.24841159096514726
1	20	Random	1.0	0.15960329640783608	0.0679074074074074	0.2691858074325724	0.0986002366906768
5	20	iMF (full)	1.0	0.4795501550909358	0.15203703703703703	0.6054687159403866	0.22199737710289313
5	20	Popularity	1.0	0.3891423490975317	0.12798148148148147	0.5191790014591068	0.18786600257334643
1	1	Random	0.5242592592592593	0.4848622307387333	0.16494444444444445	0.6583673188990617	0.2417417700008011
1	0	Average Rating	0.4339074074074074	0.5766756694575503	0.1696666666666667	0.6683897391798755	0.24752913323428727
1	20	iMF (full)	1.0	0.4768273997239452	0.1492037037037037	0.6022067009225203	0.2189459950140344
1	20	Normalized kNN (full)	1.0	0.3380925447335368	0.10103703703703704	0.4076592718571385	0.14753295941882988
1	20	Popularity	1.0	0.39147324820767754	0.12714814814814815	0.5180757856822447	0.18720407838663478
1	0	iMF (test)	0.4339074074074074	0.5868688182017177	0.17094444444444445	0.6706033611298041	0.24889935680498604
4	200	Normalized kNN (test)	1.0	0.015097775311720693	0.007314814814814815	0.03228006080407573	0.01091885316131233
2	0	kNN (full)	0.43042592592592593	0.5728964905951898	0.17012962962962963	0.6648233660744624	0.24800101184548554
1	1	iMF (full)	0.5242592592592593	0.5742551980205749	0.17027777777777778	0.6695958409344829	0.24821072376548403
2	0	Normalized kNN (full)	0.43042592592592593	0.5589794997654939	0.16833333333333333	0.660051922802732	0.24564292825802556
5	5	kNN (test)	0.8386481481481481	0.542765746207607	0.16775925925925925	0.6599748006360509	0.24437799127444043
1	1	Popularity	0.5242592592592593	0.5443505170985113	0.16755555555555557	0.6632697811624464	0.24492728606563186
5	5	kNN (full)	0.8386481481481481	0.5404803470156904	0.16622222222222222	0.6558389410348635	0.2422242210049231
2	0	kNN (test)	0.43042592592592593	0.5733611116945404	0.17035185185185184	0.6652206747313707	0.2482617052231666
5	5	Normalized kNN (full)	0.8386481481481481	0.4726327792929023	0.15737037037037038	0.6361382127676323	0.23091945775814005
1	10	Average Rating	0.9994259259259258	0.34916144926904014	0.1371666666666667	0.5649742360253771	0.2021973659507327
5	20	kNN (test)	1.0	0.4608458399565628	0.14951851851851852	0.6024195923753697	0.21922647766515777
1	20	kNN (full)	1.0	0.4593088131753404	0.14379629629629628	0.5841143872475051	0.21144222270328433
1	0	Random	0.4339074074074074	0.530196529633644	0.16683333333333333	0.6613951456624912	0.24387876960783683
5	20	kNN (full)	1.0	0.45846754111049837	0.14483333333333334	0.580956805500754	0.21180386851348607
1	10	iMF (test)	0.9994259259259258	0.5137697432154131	0.16246296296296298	0.6472307619518942	0.2376662742965393
1	1000	Average Rating	1.0	8.384406204741109E-4	4.814814814814815E-4	0.0017425879036134036	6.506285926895076E-4
4	20	Normalized kNN (test)	1.0	0.2746646022023564	0.12151851851851853	0.5164702066427784	0.18144444568395632
1	1	Normalized kNN (full)	0.5242592592592593	0.5369018497279339	0.16690740740740742	0.6616508842252347	0.24396381669091377
1	20	kNN (test)	1.0	0.46030661121685407	0.14664814814814814	0.5989977390983056	0.21601420017741876
1	0	iMF (full)	0.4339074074074074	0.5801949694702364	0.17075925925925928	0.6704408833272306	0.24875847107765683
1	0	Popularity	0.4339074074074074	0.5523323927997482	0.16853703703703704	0.6653878133360343	0.24614359585249548
1	1000	iMF (test)	1.0	0.15632203768192612	0.053925925925925926	0.23112154456967288	0.08027481726837779
1	1	kNN (test)	0.5242592592592593	0.5716232314192459	0.17014814814814816	0.6689866378542427	0.24802371561752456
1	1	kNN (full)	0.5242592592592593	0.5699507587873578	0.16955555555555557	0.6677823722366601	0.2472559200204806
1	1000	Random	1.0	0.003955432082151327	0.0017962962962962965	0.006175117193689321	0.0024453012057673407
1	2	Normalized kNN (test)	0.6122407407407408	0.5360988043493434	0.1686111111111111	0.6665955507825919	0.2462773713945224
1	0	kNN (full)	0.4339074074074074	0.575429318282119	0.17014814814814816	0.6686479793661562	0.24795794588960315
1	1000	Popularity	1.0	0.09195953854188141	0.034722222222222224	0.1456492362291674	0.05123638899641386
1	0	Normalized kNN (full)	0.4339074074074074	0.5617428166284979	0.16844444444444445	0.6637858653368239	0.24578543718674128
1	200	Average Rating	1.0	0.008897101084407624	0.005092592592592593	0.018658661158472718	0.0070068274765476835
1	1000	iMF (full)	1.0	0.1715991108121463	0.05753703703703703	0.2421371965910837	0.08497206687121198
1	0	kNN (test)	0.4339074074074074	0.5753915066747919	0.17046296296296296	0.6698647977601805	0.24843344319740182
1	200	Random	1.0	0.021716432571913455	0.010055555555555557	0.036303384480927556	0.014057463928428162
1	500	Normalized kNN (test)	1.0	0.004020968850370998	0.001925925925925926	0.00842296598001677	0.002743817816206256
3	20	Normalized kNN (test)	1.0	0.2724621939884544	0.12146296296296295	0.5090113989796428	0.18042563608460277
1	10	Random	0.9994259259259258	0.2781025982031312	0.1125	0.47114894530674273	0.1661845416852301
1	200	iMF (test)	1.0	0.32405520420418615	0.10544444444444444	0.43874869065792405	0.1558117636291374
1	200	iMF (full)	1.0	0.32505929671095346	0.10533333333333335	0.43287075962692395	0.15504942450789153
1	200	Popularity	1.0	0.21075071454746303	0.07527777777777778	0.31596059773055013	0.11137717662137993
1	2	kNN (full)	0.6122407407407408	0.5675525114542946	0.16912962962962963	0.6667632309735575	0.24670050468195553
1	10	iMF (full)	0.9994259259259258	0.5032635328097905	0.1595185185185185	0.6402393656132966	0.2338058304391716
1	1000	Normalized kNN (full)	1.0	0.11438919063978928	0.04375925925925926	0.18945795730232126	0.06542762621803942
2	0	Normalized kNN (test)	0.43042592592592593	0.5791434980412645	0.1701111111111111	0.6647050025894881	0.24801936558318335
1	10	Popularity	0.9994259259259258	0.42393784027841264	0.14374074074074075	0.5919647018801808	0.2124184058170161
1	1000	kNN (full)	1.0	0.16282769868855426	0.05496296296296296	0.23301614406342833	0.08144183744067203
1	500	kNN (full)	1.0	0.2211387755542233	0.07194444444444445	0.3020966527372524	0.1063250326825609
1	10	Normalized kNN (full)	0.9994259259259258	0.40226288820133504	0.1292037037037037	0.5318133011914123	0.19021048480603342
1	1000	kNN (test)	1.0	0.15412736513544759	0.051500000000000004	0.21879059812917426	0.07623942016836786
1	5	Average Rating	0.8427407407407408	0.4375530066898217	0.15735185185185185	0.6415818406978113	0.2321119332512724
1	200	kNN (test)	1.0	0.2927279281737138	0.10137037037037036	0.4216529938274701	0.14986243291533832
1	200	kNN (full)	1.0	0.3003587407918803	0.09885185185185187	0.40961100424396446	0.14572962301991324
1	5	Random	0.8427407407407408	0.3687630170071428	0.14916666666666667	0.6182344422060657	0.22110236183370616
1	200	Normalized kNN (full)	1.0	0.22121105895475976	0.06590740740740741	0.26984138837511357	0.09659714262637373
1	10	kNN (full)	0.9994259259259258	0.48776467006560364	0.15524074074074076	0.6282110327397648	0.2282352655568807
1	5	iMF (test)	0.8427407407407408	0.5557436172654482	0.16781481481481483	0.6645002710860136	0.2451224634670312
1	20	Normalized kNN (test)	1.0	0.2817756089561388	0.12262962962962964	0.5200474722643147	0.18239559135606145
1	10	kNN (test)	0.9994259259259258	0.4844027005344274	0.15711111111111112	0.6380956469301884	0.23125642391371498
1	5	iMF (full)	0.8427407407407408	0.5433675007305246	0.16635185185185186	0.6612760909858783	0.24324540281252427
1	5	Popularity	0.8427407407407408	0.4904806554837446	0.16114814814814815	0.6488175499880953	0.2368808182845591
5	20	Normalized kNN (test)	1.0	0.2791007005207054	0.12109259259259259	0.5088851755483248	0.17949335216398327
1	1	Normalized kNN (test)	0.5242592592592593	0.5524938862095531	0.16940740740740742	0.667520850756735	0.2470784167185797
5	5	Normalized kNN (test)	0.8386481481481481	0.49387522699993563	0.16596296296296298	0.6570868147256594	0.24238886457277514
1	5	kNN (full)	0.8427407407407408	0.5400675093365687	0.1650925925925926	0.6583555333080097	0.24168618286169316
1	0	Normalized kNN (test)	0.4339074074074074	0.5846914351920744	0.17020370370370372	0.6689243495213448	0.2480120801021653
1	5	Normalized kNN (full)	0.8427407407407408	0.471956127417512	0.1556851851851852	0.6352235835102515	0.22947367167909685
1	10	Normalized kNN (test)	0.9994259259259258	0.3958600955417903	0.14846296296296296	0.6142735138412809	0.2196785325015828
1	5	kNN (test)	0.8427407407407408	0.5398289794647873	0.16612962962962963	0.6613568439542827	0.2432060950488306
1	1000	Normalized kNN (test)	1.0	0.0018281474790254797	7.962962962962962E-4	0.004023532267891101	0.0011800071843230012
1	200	Normalized kNN (test)	1.0	0.013628044474144186	0.006925925925925926	0.0278759174188328	0.009987580884459458
1	5	Normalized kNN (test)	0.8427407407407408	0.4891981905920679	0.16294444444444445	0.6549050371630957	0.2393059798613621
