fold	target size	recommender system	Coverage@10	nDCG@10	P@10	Recall@10	FScore@10
1	50	Average Rating	1.0	0.09470146358233096	0.052259259259259255	0.2121706311944779	0.07615181859715486
4	50	Average Rating	1.0	0.0654748153238687	0.033296296296296296	0.13310255720050843	0.04820763709666591
3	50	Average Rating	1.0	0.11947599899746143	0.05733333333333334	0.22518589549056495	0.08290943030409784
5	50	Average Rating	1.0	0.10389758076788311	0.05212962962962963	0.20250043524591863	0.07505335337329776
2	50	Average Rating	1.0	0.08998373238723889	0.04231481481481481	0.164427565694802	0.0608291687026236
1	50	iMF (test)	1.0	0.40974269316347833	0.13524074074074074	0.5480683945251613	0.19856078947063482
4	50	iMF (test)	1.0	0.3673841472297091	0.1243888888888889	0.516742509422874	0.18381578406217827
3	50	iMF (test)	1.0	0.406456234392552	0.1335	0.542716415080364	0.19612279451358341
5	50	iMF (test)	1.0	0.3881747866701412	0.13068518518518518	0.528749996521612	0.1912691531798811
2	50	iMF (test)	1.0	0.39452241997967114	0.13253703703703704	0.5382200656742432	0.19503674911498275
1	50	Normalized kNN (full)	1.0	0.27431169400451877	0.0798888888888889	0.3213258564387621	0.11620617998246391
1	50	Random	1.0	0.0719672503815582	0.03233333333333333	0.12013385916699426	0.045786557825309694
4	50	Normalized kNN (full)	1.0	0.2518159769921369	0.07890740740740741	0.3144361824154013	0.1148929022741761
4	50	Random	1.0	0.07349501636429982	0.03238888888888889	0.12579287201014866	0.04638364676632765
3	50	Normalized kNN (full)	1.0	0.2693648201635792	0.08046296296296296	0.314970277210581	0.11626843760497255
3	50	Random	1.0	0.07516286861281278	0.032796296296296296	0.12251420249190464	0.046420571349900075
2	50	Normalized kNN (full)	1.0	0.2657398895550042	0.07940740740740741	0.3139039040889175	0.1150342417480194
2	50	Random	1.0	0.07547939374028673	0.033740740740740745	0.12810127715600422	0.048174362881504
5	50	Normalized kNN (full)	1.0	0.2658611794506588	0.08053703703703705	0.3187175766878192	0.11660747857368751
5	50	Random	1.0	0.072632162401427	0.03375925925925926	0.1267532233450686	0.0479156259486003
1	50	iMF (full)	1.0	0.41143047024535884	0.13335185185185186	0.5410486624384921	0.19589211931473563
1	50	Popularity	1.0	0.3015699876919362	0.10140740740740742	0.4178007099769844	0.1495312323273478
4	50	iMF (full)	1.0	0.36786892164352875	0.12298148148148148	0.5085420483678004	0.18154183652361436
4	50	Popularity	1.0	0.2628477209844196	0.09527777777777778	0.398080900186821	0.14108597725289376
3	50	iMF (full)	1.0	0.4079499602753517	0.13198148148148148	0.535257729741298	0.19392935546793322
3	50	Popularity	1.0	0.3016775879679621	0.10216666666666667	0.42125732512856134	0.15097241508225737
2	50	iMF (full)	1.0	0.39188086573203706	0.13055555555555556	0.5304546798056321	0.19182876525464743
2	50	Popularity	1.0	0.2872182169043682	0.09616666666666668	0.3924766008917528	0.1417124930836572
5	50	iMF (full)	1.0	0.39006617119321096	0.13007407407407406	0.5239358784820783	0.1902841079945948
5	50	Popularity	1.0	0.2931269640507244	0.09912962962962964	0.40744718573409533	0.14575991913878575
1	50	kNN (test)	1.0	0.39252158598589393	0.1287962962962963	0.5315198955595485	0.19019063102347702
4	50	kNN (test)	1.0	0.33047217880619306	0.11544444444444445	0.485058175676194	0.17130449219288849
3	50	kNN (test)	1.0	0.3921085908064479	0.1287037037037037	0.5279046372221236	0.18981648178735006
2	50	kNN (test)	1.0	0.3763783280097864	0.12562962962962962	0.5155059255362624	0.185342528514448
5	50	kNN (test)	1.0	0.37031904182160014	0.12275925925925925	0.5053947022689669	0.1805915504808564
1	2	Average Rating	0.6084074074074074	0.5650408085414362	0.1686851851851852	0.6663857442036584	0.24633291040953845
1	500	Average Rating	1.0	0.007553891927264	0.004370370370370371	0.015789326880867798	0.006007612573321509
1	2	iMF (test)	0.6084074074074074	0.5697111600074451	0.16916666666666666	0.66730653845965	0.246816359893109
5	2	Average Rating	0.606037037037037	0.5268107832360467	0.16872222222222222	0.662535573483009	0.24577380812748856
1	500	iMF (test)	1.0	0.212676827576775	0.07164814814814816	0.3045709421805453	0.1063677742530595
1	20	Average Rating	1.0	0.26639103062083036	0.1109814814814815	0.45847139702166473	0.16352090343096812
5	2	iMF (test)	0.606037037037037	0.5626836965050158	0.17092592592592593	0.66617655095338	0.24801818509554252
4	2	Average Rating	0.6077037037037036	0.5543934705955706	0.16483333333333333	0.6587569393962432	0.241833148707317
1	20	iMF (test)	1.0	0.5073133032273134	0.15405555555555556	0.6191068566203094	0.22571245176678298
4	500	Average Rating	1.0	0.009265400256109342	0.004296296296296297	0.017172480572505436	0.006045151898897924
1	50	Normalized kNN (test)	1.0	0.15114106233700322	0.07135185185185186	0.30758022596486356	0.10630365672714412
4	2	iMF (test)	0.6077037037037036	0.5726755152296004	0.16770370370370372	0.6620130760492265	0.24497558805425074
5	500	Average Rating	1.0	0.007864768900001196	0.004	0.014691804764189263	0.005469680964143577
4	500	iMF (test)	1.0	0.21012429090656567	0.07001851851851852	0.29931175118064396	0.10437925956703709
4	50	Normalized kNN (test)	1.0	0.12101720068977294	0.05720370370370371	0.24021391893366556	0.08447723600228045
3	50	Normalized kNN (test)	1.0	0.1392316705051614	0.06475925925925925	0.27223434540224517	0.09590564078472097
1	2	Normalized kNN (full)	0.6084074074074074	0.5202271701100392	0.16466666666666668	0.6576368226018894	0.24130613427683922
4	1	Average Rating	0.5197037037037037	0.5633971347158155	0.16640740740740742	0.6616639814282853	0.24375245707202145
5	50	Normalized kNN (test)	1.0	0.13383406850572335	0.06537037037037037	0.27655174998349924	0.09668047130223166
2	50	Normalized kNN (test)	1.0	0.13675011024660558	0.0652962962962963	0.27705815918865	0.09659005311209236
1	2	Random	0.6084074074074074	0.4484764001905664	0.16277777777777777	0.653634699060259	0.23893369889698576
5	500	iMF (test)	1.0	0.20151938216282878	0.06938888888888889	0.29093072886300453	0.10256748392196838
1	50	kNN (full)	1.0	0.3901956089794335	0.12451851851851851	0.5098851031802755	0.18318417272896118
1	500	Normalized kNN (full)	1.0	0.16147189111820398	0.05648148148148148	0.24002844437559326	0.0840023305061685
3	2	Average Rating	0.6058333333333333	0.5001445605073895	0.16568518518518519	0.6563008113807828	0.24258698611881452
1	500	Random	1.0	0.008620942642762766	0.00412962962962963	0.014445613149245168	0.005608667421052244
4	1	iMF (test)	0.5197037037037037	0.5735736802519763	0.1681851851851852	0.6631460642070255	0.24561460809997718
1	2	iMF (full)	0.6084074074074074	0.5634340453247803	0.16875925925925928	0.6669935096366655	0.24642641060852502
1	2	Popularity	0.6084074074074074	0.5042386963568334	0.1634074074074074	0.6559314190238364	0.24016557576388364
4	50	kNN (full)	1.0	0.3365948295193732	0.11348148148148149	0.471505388019008	0.16770514727271363
5	2	Normalized kNN (full)	0.606037037037037	0.5147712992605897	0.1660925925925926	0.6565409534768892	0.24220734761360294
3	50	kNN (full)	1.0	0.39095217399711657	0.12531481481481482	0.5099597380343986	0.18409063168555811
5	2	Random	0.606037037037037	0.44567960512588706	0.16383333333333333	0.6526207984605615	0.23967791912084485
3	2	iMF (test)	0.6058333333333333	0.5709995637659949	0.16944444444444445	0.663665087376159	0.24695020682296512
1	500	iMF (full)	1.0	0.2235549858766021	0.07422222222222223	0.31124945877406424	0.10970471174805284
1	500	Popularity	1.0	0.12083247512476739	0.045814814814814815	0.19198395083056177	0.0676216940182512
5	50	kNN (full)	1.0	0.37165294526963616	0.12057407407407408	0.48944303784055254	0.17650677730318265
2	50	kNN (full)	1.0	0.3729447245951411	0.12203703703703704	0.49486499726561517	0.17925138046662176
1	20	Normalized kNN (full)	1.0	0.345915614033512	0.10200000000000001	0.41353936705463445	0.1489746193306638
1	20	Random	1.0	0.1596062543601212	0.06962962962962962	0.2798547169618535	0.10135401565138559
5	2	iMF (full)	0.606037037037037	0.5592703785181824	0.1705925925925926	0.6654953907243368	0.24765616742477933
5	2	Popularity	0.606037037037037	0.5102859976395152	0.16657407407407407	0.6590666465926923	0.24326169443201634
4	20	Average Rating	1.0	0.2308971602667992	0.09785185185185184	0.40794309875514945	0.1445114890393209
4	2	Normalized kNN (full)	0.6077037037037036	0.5103965498497758	0.16277777777777777	0.6522670558178767	0.23891659050494632
1	20	iMF (full)	1.0	0.5028919395175143	0.153	0.6132104435124158	0.22403703766549807
4	2	Random	0.6077037037037036	0.44661079799405157	0.16016666666666665	0.6466905622439933	0.23589837541121134
1	20	Popularity	1.0	0.42970571760990517	0.13146296296296295	0.5431383727788169	0.1943332077262274
4	500	Normalized kNN (full)	1.0	0.1587052082486317	0.055796296296296295	0.23418279921179785	0.08307648584453677
4	500	Random	1.0	0.0070166263912736365	0.0034814814814814817	0.01239866711156847	0.004825858135776599
1	2	kNN (test)	0.6084074074074074	0.5607066474260488	0.1681851851851852	0.665862309602356	0.2458376217292059
4	20	iMF (test)	1.0	0.44538638798607855	0.14550000000000002	0.5926904373091013	0.2142658716117849
1	500	kNN (test)	1.0	0.20447017191130604	0.06774074074074074	0.28527502691771295	0.10022156081157174
4	2	iMF (full)	0.6077037037037036	0.5688049722836791	0.1674074074074074	0.66193998563566	0.24472808961511397
5	500	Normalized kNN (full)	1.0	0.15822885631904954	0.057296296296296303	0.23541016100444234	0.08451779786342929
5	500	Random	1.0	0.00861134633795076	0.003944444444444445	0.01374110218775555	0.005245144532637678
4	2	Popularity	0.6077037037037036	0.5368448185997741	0.16446296296296298	0.6567447065244437	0.24130769929505522
4	500	iMF (full)	1.0	0.22099288956015387	0.07257407407407408	0.30813604271905254	0.10774572952445621
5	1	Average Rating	0.5216296296296297	0.5715623174420827	0.17085185185185187	0.6662780163252067	0.2481992318198913
4	500	Popularity	1.0	0.12701752506652667	0.04724074074074074	0.2003598614424691	0.0701413096620095
4	1	Random	0.5197037037037037	0.4872794537205766	0.16292592592592595	0.6532151380489384	0.2392775672812509
4	1	Normalized kNN (full)	0.5197037037037037	0.5315468717306492	0.16498148148148148	0.6562374429410417	0.24157852136837918
5	2	kNN (test)	0.606037037037037	0.5517703763419202	0.16964814814814816	0.6646892212579956	0.24680701848045533
5	500	iMF (full)	1.0	0.21678313779111186	0.07257407407407408	0.2995680508799441	0.10659787736671637
5	500	Popularity	1.0	0.125377144306141	0.047370370370370375	0.19772930636347133	0.06982358708888856
3	2	Normalized kNN (full)	0.6058333333333333	0.5142107652221505	0.1647962962962963	0.6526601120176111	0.24114200165810593
4	20	Random	1.0	0.16401500831804508	0.07027777777777777	0.28833668065823526	0.10294494142369097
3	2	Random	0.6058333333333333	0.45700341187665844	0.16196296296296298	0.6464210314187502	0.23784442595061153
1	20	kNN (test)	1.0	0.5037042434787546	0.15137037037037038	0.6123140191951312	0.22237397786474797
5	1	iMF (test)	0.5216296296296297	0.5818041743747898	0.17201851851851852	0.6684149731874163	0.2494277025795354
4	1	iMF (full)	0.5197037037037037	0.56819907665354	0.16775925925925925	0.6628464711254789	0.24520059812544068
4	1	Popularity	0.5197037037037037	0.5371297731753155	0.1645185185185185	0.6569298917096289	0.24139020166922429
4	20	iMF (full)	1.0	0.440128625343781	0.14324074074074075	0.5872617449693108	0.21140198459633366
4	20	Popularity	1.0	0.3021852110397336	0.10518518518518519	0.43800728851016724	0.15550330342414975
4	1	kNN (full)	0.5197037037037037	0.5639728823329324	0.16722222222222222	0.6627839438122333	0.24466253412502123
3	2	iMF (full)	0.6058333333333333	0.5636747341567934	0.1687962962962963	0.662278483351224	0.24612219924430528
3	2	Popularity	0.6058333333333333	0.5252866702297628	0.16475925925925927	0.6548969761774719	0.24158254729729303
4	2	kNN (test)	0.6077037037037036	0.5651850846934835	0.16733333333333333	0.6625817647114117	0.24478829868079988
4	20	Normalized kNN (full)	1.0	0.3129810096674734	0.09948148148148149	0.4040663472602437	0.14577115480514338
4	0	Average Rating	0.42942592592592593	0.573270555392706	0.1675	0.6634666797587614	0.24505293228774994
4	500	kNN (test)	1.0	0.2115324264676971	0.0692037037037037	0.29549547703484913	0.10276534999729209
5	500	kNN (test)	1.0	0.20175009000474178	0.06753703703703703	0.283711424032398	0.09963186052583943
4	0	iMF (test)	0.42942592592592593	0.5797803931566375	0.16848148148148148	0.6643443687317189	0.24601143553112398
4	20	kNN (full)	1.0	0.4032955718747457	0.13492592592592592	0.5547511033563771	0.19923527583676445
1	100	Average Rating	1.0	0.017715651911409218	0.010388888888888888	0.03599962380333633	0.014059141667109646
4	200	Average Rating	1.0	0.014802609233561479	0.006111111111111111	0.02302147298109464	0.008462998921486596
4	1	kNN (test)	0.5197037037037037	0.5658979313699555	0.1674074074074074	0.6626989083702222	0.2448761146713936
4	200	Random	1.0	0.020139254775377962	0.008888888888888889	0.0337996412461268	0.012422135459300274
4	20	kNN (test)	1.0	0.39406249593917697	0.1363888888888889	0.5632860930351379	0.20175544235823303
1	100	iMF (test)	1.0	0.33995617620715785	0.11390740740740742	0.4684092082414708	0.16763499262954543
4	200	iMF (test)	1.0	0.2871924837339363	0.09609259259259259	0.4074525756521828	0.14288213987117424
3	2	kNN (test)	0.6058333333333333	0.5608012673329974	0.16812962962962963	0.6615597606869386	0.24545092702963592
4	200	iMF (full)	1.0	0.29423504193179867	0.0966851851851852	0.4056379683411645	0.1431461578472205
4	200	Popularity	1.0	0.20188646839505647	0.07457407407407407	0.3153243312580649	0.11064494136315438
5	1	Normalized kNN (full)	0.5216296296296297	0.5344341253374876	0.16872222222222222	0.6621294408881707	0.2454865162068135
5	1	Random	0.5216296296296297	0.48317023950873145	0.16616666666666668	0.6567975229497124	0.24248854059606628
1	100	Random	1.0	0.038348307096544056	0.01751851851851852	0.06632788891251812	0.0247756526228122
5	1	iMF (full)	0.5216296296296297	0.5761552633602187	0.17205555555555557	0.668179000417135	0.24940592450856924
5	1	Popularity	0.5216296296296297	0.5497639084684994	0.16911111111111113	0.6632219611084127	0.24609779773965018
1	1	Average Rating	0.522074074074074	0.5759216943954214	0.1696111111111111	0.6682786280687645	0.24745770466285869
1	100	iMF (full)	1.0	0.34106761114349615	0.11325925925925927	0.46377709176483584	0.16663122950309076
1	100	Popularity	1.0	0.22919110699567738	0.08296296296296296	0.34879145438646614	0.1229778490158666
4	0	Random	0.42942592592592593	0.5331565686540779	0.16507407407407407	0.6572855926579496	0.24186100289191068
1	20	kNN (full)	1.0	0.48904200672731035	0.1472962962962963	0.5915940381808144	0.21584362569522253
4	200	Normalized kNN (full)	1.0	0.2055215246533099	0.06477777777777778	0.2639793848126797	0.09515927770662883
1	0	Average Rating	0.4339074074074074	0.5766756694575503	0.1696666666666667	0.6683897391798755	0.24752913323428727
5	0	Average Rating	0.4310740740740741	0.5773942801146915	0.17162962962962963	0.667890971271495	0.24914831636585405
1	2	Normalized kNN (test)	0.6084074074074074	0.5698682556133771	0.16874074074074075	0.6665470745329587	0.2463281567832588
4	200	kNN (test)	1.0	0.26688316918817967	0.09025925925925926	0.382921135569749	0.1340595701001705
4	0	Normalized kNN (full)	0.42942592592592593	0.5572457908672512	0.16653703703703704	0.6599755214777313	0.24356388322237707
4	100	Average Rating	1.0	0.02533558395896297	0.013407407407407408	0.05063932971988389	0.01897219749159338
4	0	iMF (full)	0.42942592592592593	0.5742358654583358	0.1685185185185185	0.6646881927998076	0.2461255157245212
1	1	iMF (test)	0.522074074074074	0.578306679676777	0.1705925925925926	0.6696390844197545	0.24846652741288952
1	500	Normalized kNN (test)	1.0	0.005139900436492054	0.002277777777777778	0.009588635514702583	0.0032200956461772884
4	0	Popularity	0.42942592592592593	0.5466374252230087	0.16594444444444445	0.6598415011906827	0.24311933132551253
1	0	iMF (test)	0.4339074074074074	0.5863188271770982	0.1710925925925926	0.6706436823049834	0.24905571413151245
5	0	iMF (test)	0.4310740740740741	0.5843949302688726	0.17251851851851852	0.6691660168408343	0.24999512679710467
3	100	Average Rating	1.0	0.044177488526515395	0.025500000000000002	0.0990244313262001	0.03631991030521758
1	100	Normalized kNN (full)	1.0	0.23571555512506182	0.07014814814814815	0.2836501642311778	0.10227703427871429
4	200	kNN (full)	1.0	0.2746134816354447	0.09205555555555556	0.3842082437178171	0.1359918910167757
4	100	iMF (test)	1.0	0.3364582343842238	0.11205555555555556	0.46680416729636626	0.16579899137075121
5	100	Average Rating	1.0	0.018675576687550655	0.010907407407407409	0.03819352971862876	0.014817534854819701
1	2	kNN (full)	0.6084074074074074	0.5577279778204444	0.16777777777777778	0.6640745097206836	0.24517049014360087
4	0	kNN (full)	0.42942592592592593	0.5699868427576562	0.16796296296296295	0.6643736403810966	0.24556706631962907
5	1	kNN (test)	0.5216296296296297	0.5754987319079691	0.17185185185185184	0.6686126317896568	0.24933171728500425
3	100	iMF (test)	1.0	0.3352582035839764	0.11453703703703703	0.46533598945982535	0.1682699039491994
1	100	kNN (test)	1.0	0.31959511345673364	0.10572222222222222	0.4422528663874806	0.156397722763294
5	2	Normalized kNN (test)	0.606037037037037	0.53784953890337	0.16955555555555557	0.6643547134850437	0.2467342750674095
2	100	Average Rating	1.0	0.042021732966396365	0.01988888888888889	0.07631362819615467	0.028338729490645916
1	20	Normalized kNN (test)	1.0	0.3158935055462113	0.12668518518518518	0.5341295718215838	0.188053435367322
1	500	kNN (full)	1.0	0.21467868850563682	0.07185185185185185	0.300486584455228	0.10621451798344649
5	100	iMF (test)	1.0	0.3239442930523636	0.111	0.45403242065509536	0.1628168397423555
1	100	kNN (full)	1.0	0.32389269808172605	0.10437037037037038	0.4307416420728258	0.15372256074488122
1	10	Average Rating	0.9998703703703704	0.3810783467770828	0.1509074074074074	0.6178838239665619	0.22258283668127293
2	100	iMF (test)	1.0	0.34442292059960594	0.11579629629629631	0.4742075172487233	0.1704320216483723
4	0	kNN (test)	0.42942592592592593	0.5692304480635737	0.16794444444444445	0.664048722650592	0.24554265984855975
4	500	Normalized kNN (test)	1.0	0.00789494098863181	0.003314814814814815	0.013625675033728758	0.004833889668311303
4	2	Normalized kNN (test)	0.6077037037037036	0.5560335814153257	0.16648148148148148	0.6618249492853069	0.24381790957563637
5	2	kNN (full)	0.606037037037037	0.5526503518757581	0.16903703703703704	0.6631953802267913	0.2459244056361125
1	10	iMF (test)	0.9998703703703704	0.5425947873669592	0.16311111111111112	0.6491908074914805	0.2383342393377454
1	1000	Average Rating	1.0	8.384406204741109E-4	4.814814814814815E-4	0.0017425879036134036	6.506285926895076E-4
1	1000	iMF (test)	1.0	0.1570155372305325	0.053648148148148146	0.23179195961952992	0.08017853848164828
1	1	Normalized kNN (full)	0.522074074074074	0.5380041557826932	0.16670370370370372	0.6614678683565463	0.24370377258567108
5	500	Normalized kNN (test)	1.0	0.005805827676907075	0.0026666666666666666	0.010444170895839799	0.003757077789917936
1	1	Random	0.522074074074074	0.4884731986283403	0.1653888888888889	0.6593704428301439	0.24233837976122388
1	0	Normalized kNN (full)	0.4339074074074074	0.5622044339440878	0.16883333333333334	0.6651156190788584	0.2462422234966994
4	1	Normalized kNN (test)	0.5197037037037037	0.5625790700807352	0.16674074074074074	0.662285199940002	0.24413143331094375
4	500	kNN (full)	1.0	0.21552656456797128	0.07233333333333333	0.3041872593691865	0.10702553458074322
1	0	Random	0.4339074074074074	0.5340877439788281	0.16724074074074075	0.6636704898169526	0.24455115185818962
4	20	Normalized kNN (test)	1.0	0.28405220743736515	0.11107407407407409	0.4678260137754882	0.1649074370536237
4	2	kNN (full)	0.6077037037037036	0.5609169853867608	0.16677777777777777	0.6616885587446261	0.24409297433706617
5	0	Normalized kNN (full)	0.4310740740740741	0.5588918743431518	0.1700185185185185	0.6641771656906849	0.24693497458084246
5	0	Random	0.4310740740740741	0.5319207613950839	0.16842592592592592	0.6604058545700581	0.24508299354262203
4	100	Normalized kNN (full)	1.0	0.2310409602694648	0.07016666666666667	0.2817026677090408	0.10225103141945197
4	100	Random	1.0	0.04042457574794064	0.01785185185185185	0.06584699240228868	0.025094336164433236
1	1	iMF (full)	0.522074074074074	0.5714488201337357	0.17012962962962963	0.6692204851040546	0.24802860917462408
1	1	Popularity	0.522074074074074	0.5207580825228942	0.16624074074074074	0.6613736541630745	0.24351487106398476
3	1	Average Rating	0.5177777777777778	0.5064338529158848	0.16690740740740742	0.6586245067183669	0.2441023469136787
3	100	Normalized kNN (full)	1.0	0.2330147434327321	0.07146296296296296	0.2841939812935725	0.10391231948503857
3	100	Random	1.0	0.03790784778113673	0.01775925925925926	0.06648784549860219	0.02501452982905612
1	0	iMF (full)	0.4339074074074074	0.5789419911770843	0.1707962962962963	0.6701994753921481	0.24874242224122575
1	0	Popularity	0.4339074074074074	0.5523323927997482	0.16853703703703704	0.6653878133360343	0.24614359585249548
5	0	iMF (full)	0.4310740740740741	0.5789391238161753	0.1724074074074074	0.6690977246969703	0.24987798733852679
1	1000	Random	1.0	0.0036536829343660026	0.0017962962962962965	0.006029206845074059	0.0024126412958190434
5	500	kNN (full)	1.0	0.21160863518745857	0.07192592592592593	0.29826227609889194	0.10568320689944025
5	100	Normalized kNN (full)	1.0	0.22624475734918462	0.07116666666666667	0.2826225150607469	0.1032818790144981
4	100	iMF (full)	1.0	0.33952439894785974	0.11096296296296297	0.4614116207481208	0.16383887518395446
5	0	Popularity	0.4310740740740741	0.5528902362583454	0.16953703703703704	0.6639319846239917	0.24660636846188622
5	100	Random	1.0	0.040542225104692006	0.017703703703703704	0.06786382748876155	0.02500958316584279
4	1000	Average Rating	1.0	0.0018997901492690526	9.074074074074074E-4	0.003582561153976333	0.0012493062751408781
4	100	Popularity	1.0	0.2497740075446126	0.08738888888888889	0.3668642507412455	0.12950464216218036
3	0	Average Rating	0.42903703703703705	0.5702350667750669	0.16912962962962963	0.6622128135061978	0.2465533517968425
2	100	Random	1.0	0.038813860918439524	0.016814814814814817	0.06308088792172378	0.023683895497936803
3	1	iMF (test)	0.5177777777777778	0.5718739289064144	0.16983333333333334	0.6646278143229281	0.24745082037803215
1	200	Average Rating	1.0	0.012324155134070688	0.006666666666666667	0.02368387374098976	0.009026332708698143
3	100	iMF (full)	1.0	0.34246267087336013	0.11375925925925927	0.46109913689389	0.1669813061844922
3	1	Random	0.5177777777777778	0.48655332621728115	0.16440740740740742	0.6522682232954055	0.24095549557878662
3	2	Normalized kNN (test)	0.6058333333333333	0.5376128191256467	0.16735185185185186	0.6597939547296113	0.24455006217675043
3	100	Popularity	1.0	0.24634584785326727	0.08588888888888889	0.35409991815606096	0.12694555591122958
2	100	Normalized kNN (full)	1.0	0.23581513311324973	0.07112962962962964	0.28276216620670763	0.10336012076884435
1	1000	iMF (full)	1.0	0.17287211573028732	0.0575	0.2411947620937003	0.0848747364894563
1	1000	Popularity	1.0	0.09195953854188141	0.034722222222222224	0.1456492362291674	0.05123638899641386
5	100	iMF (full)	1.0	0.3246583333939543	0.11125925925925927	0.45146934139382455	0.16278445134889968
5	100	Popularity	1.0	0.23648410363090408	0.08248148148148149	0.34291443126504784	0.12145377541625231
4	1000	iMF (test)	1.0	0.14986702886343833	0.0517037037037037	0.22072174464647637	0.07703572436102148
3	0	iMF (test)	0.42903703703703705	0.5838664704440489	0.17037037037037037	0.664914386426642	0.24800032778275416
2	100	iMF (full)	1.0	0.34864364404293313	0.11535185185185184	0.4698251245850796	0.16955514922015527
2	100	Popularity	1.0	0.2575468713769688	0.08970370370370372	0.3678660383818875	0.13236878009792186
1	200	iMF (test)	1.0	0.2928610003651793	0.0990925925925926	0.411155637530642	0.14630885889812043
5	1000	Average Rating	1.0	0.0016536457453755096	7.037037037037038E-4	0.002894179894179894	0.0010021176777712726
1	10	Normalized kNN (full)	0.9998703703703704	0.40840192724613217	0.1288888888888889	0.5356273645434582	0.19006624285334994
3	1	iMF (full)	0.5177777777777778	0.5676663427556354	0.1688888888888889	0.662690981925857	0.2463167397835177
1	10	Random	0.9998703703703704	0.26743320258262837	0.11120370370370371	0.4639924443445628	0.1641435489444277
1	1000	kNN (full)	1.0	0.16282769868855426	0.05496296296296296	0.23301614406342833	0.08144183744067203
1	1000	Normalized kNN (full)	1.0	0.11447554325332668	0.0437962962962963	0.18973573508009903	0.06549216044924032
3	1	Popularity	0.5177777777777778	0.5289180227028458	0.16562962962962963	0.656509924443198	0.2426605043610602
1	1	kNN (test)	0.522074074074074	0.5704475796563983	0.1700185185185185	0.6688372938854544	0.2478800191803125
4	200	Normalized kNN (test)	1.0	0.027470480833296708	0.01251851851851852	0.054139914295205295	0.018504885902470916
1	0	kNN (test)	0.4339074074074074	0.5753915066747919	0.17046296296296296	0.6698647977601805	0.24843344319740182
3	0	Random	0.42903703703703705	0.5334263147614171	0.16661111111111113	0.6573509675571548	0.24361045779407794
3	2	kNN (full)	0.6058333333333333	0.5582603603986203	0.1681851851851852	0.6612294586863651	0.2454253660594051
5	1000	iMF (test)	1.0	0.15174649519638034	0.053500000000000006	0.22684817396672033	0.07938595267615707
2	100	kNN (full)	1.0	0.32645458294563506	0.10725925925925926	0.4367777328703373	0.15760217521360753
1	10	iMF (full)	0.9998703703703704	0.5380467557508826	0.16127777777777777	0.6409811148432321	0.23566683790413348
1	5	Average Rating	0.8435740740740741	0.542428396841645	0.1647962962962963	0.6578917729918509	0.24137204734065584
5	0	kNN (test)	0.4310740740740741	0.5772328799224096	0.17207407407407407	0.6689960827008855	0.24959995055672052
4	100	kNN (test)	1.0	0.3153591950709836	0.10766666666666666	0.45044616374400664	0.15947931018127182
1	10	Popularity	0.9998703703703704	0.47236975661045866	0.14957407407407408	0.6104496279971338	0.22049320725264385
4	1000	Random	1.0	0.00411193255688649	0.0019074074074074076	0.006511237898139929	0.0025909530132972895
1	1000	kNN (test)	1.0	0.15412736513544759	0.051500000000000004	0.21879059812917426	0.07623942016836786
3	100	kNN (test)	1.0	0.31685935512132724	0.10737037037037038	0.44394681437300976	0.1585202335924626
3	0	iMF (full)	0.42903703703703705	0.5776644563041721	0.16992592592592592	0.6643545748739529	0.24748907729890396
3	0	Popularity	0.42903703703703705	0.5518743251206983	0.16781481481481483	0.6604016230958265	0.24520960084452617
1	5	iMF (test)	0.8435740740740741	0.5663458030890137	0.16824074074074075	0.6650362265668363	0.245548735870384
4	1000	iMF (full)	1.0	0.1651074781383349	0.05561111111111111	0.23597870356044753	0.08249391817514243
4	1000	Popularity	1.0	0.0911746035415355	0.033944444444444444	0.14434085066040483	0.050253400276762256
5	100	kNN (test)	1.0	0.30323083057207567	0.10198148148148149	0.4233517866045571	0.1501135041873088
4	10	Average Rating	0.9997037037037036	0.4144622854760639	0.14162962962962963	0.5823736263431306	0.20911408381171412
2	2	Average Rating	0.6072962962962963	0.45982632239913823	0.16496296296296298	0.655616317676198	0.24214318922552813
2	100	kNN (test)	1.0	0.32451337282345066	0.11009259259259259	0.4527455215775549	0.16243115582020737
3	1	kNN (test)	0.5177777777777778	0.5625848177821684	0.16848148148148148	0.6621148820059488	0.24586829024872772
5	1	Normalized kNN (test)	0.5216296296296297	0.5702972815276357	0.17125925925925928	0.6680279082399379	0.24879984223720497
1	100	Normalized kNN (test)	1.0	0.05327506889312658	0.026814814814814816	0.11294699215298105	0.03938442210153933
3	500	Average Rating	1.0	0.011434004799672388	0.005740740740740741	0.022119175313758975	0.007983543915710134
3	1	Normalized kNN (full)	0.5177777777777778	0.5329707701374833	0.1665	0.6562573804898796	0.24328259977585365
4	10	iMF (test)	0.9997037037037036	0.5313331756333709	0.15988888888888889	0.6414537464209656	0.23473963719863006
2	2	iMF (test)	0.6072962962962963	0.5689498551392025	0.16977777777777778	0.6641601447583797	0.24748776700096928
1	10	kNN (test)	0.9998703703703704	0.5350079741471743	0.16112962962962962	0.6457171780743742	0.2362641656696199
4	1000	Normalized kNN (full)	1.0	0.10959064889775295	0.04205555555555556	0.18040058857054211	0.06324445662974379
4	0	Normalized kNN (test)	0.42942592592592593	0.5788152991657083	0.168	0.6646047474192717	0.24562263824329897
3	0	Normalized kNN (full)	0.42903703703703705	0.5588129541494467	0.16842592592592592	0.6607668229369108	0.24562178367301085
1	200	Random	1.0	0.02289009660637277	0.01014814814814815	0.038648192664621515	0.014097297172316395
3	500	iMF (test)	1.0	0.20764541552095125	0.07157407407407407	0.2955716063590197	0.1055297585185982
1	200	Normalized kNN (full)	1.0	0.20610938879890417	0.06483333333333334	0.2657456991139908	0.09515349497135223
5	200	Average Rating	1.0	0.014386534841844907	0.008074074074074074	0.028953264252535547	0.010999550433077598
5	200	Random	1.0	0.02012073429525504	0.00901851851851852	0.031505785488749175	0.01220813248807968
3	0	kNN (test)	0.42903703703703705	0.5730404241819342	0.1693888888888889	0.6639241172527729	0.246971178136087
5	1	kNN (full)	0.5216296296296297	0.5688408606227927	0.17070370370370372	0.6664084092487255	0.24793970438434326
4	1000	kNN (test)	1.0	0.14743104719595573	0.050277777777777775	0.21329419757130003	0.07453065507309738
3	1	kNN (full)	0.5177777777777778	0.5636036917737922	0.1688148148148148	0.6623616397768795	0.24616813668390047
1	200	iMF (full)	1.0	0.2909666351378411	0.0974074074074074	0.4011633562818104	0.14338227286891522
5	1000	Normalized kNN (full)	1.0	0.11351912736008886	0.04424074074074074	0.18596989773631642	0.0658337726256154
1	200	Popularity	1.0	0.1777697572116001	0.06822222222222223	0.2875035257478156	0.1010575785994843
5	10	Average Rating	0.9995185185185185	0.3176792049909641	0.14374074074074075	0.5967819991814456	0.21280159006461838
5	1000	Random	1.0	0.003387746207426802	0.0018888888888888892	0.006217300086735467	0.0025414215377467853
5	200	iMF (test)	1.0	0.287720944040331	0.09792592592592594	0.40502334659145633	0.1439461253098176
4	1000	kNN (full)	1.0	0.15553849461533611	0.05407407407407407	0.22683644514889192	0.07994972758374846
5	200	iMF (full)	1.0	0.28726215699457525	0.09644444444444446	0.3948608531232801	0.14134922522212792
5	200	Popularity	1.0	0.1907402651006382	0.07477777777777778	0.31266288059222297	0.11025389908353624
3	0	kNN (full)	0.42903703703703705	0.5743703449604306	0.1696851851851852	0.6639366090462933	0.24720990268077486
1	200	kNN (full)	1.0	0.27341557600396577	0.09131481481481482	0.3780912037204927	0.13451821062237954
2	20	Average Rating	1.0	0.2465242337661484	0.10803703703703703	0.4547724229409436	0.16034846999929672
5	10	iMF (test)	0.9995185185185185	0.5340037483363544	0.1633148148148148	0.6452181997741573	0.2380095356277548
2	500	Average Rating	1.0	0.007667530529607824	0.0037407407407407407	0.013236392265106263	0.005145249255420576
5	1000	iMF (full)	1.0	0.1686729126321172	0.05698148148148148	0.2360177025372684	0.08388698499480245
5	1000	Popularity	1.0	0.09394612391385448	0.03553703703703704	0.14760245365434574	0.0522151633841417
1	5	Normalized kNN (full)	0.8435740740740741	0.4769143403662213	0.1559814814814815	0.634552364102417	0.2296944313472576
4	5	Average Rating	0.842037037037037	0.5257672973235474	0.1595925925925926	0.6471798963261447	0.23506906552216436
5	5	Average Rating	0.8372962962962962	0.5028607460530916	0.16464814814814815	0.6543157710148405	0.24078687286785835
1	5	Random	0.8435740740740741	0.3671089130636321	0.1507777777777778	0.6222148762651549	0.22329179577563663
2	20	iMF (test)	1.0	0.4951131895676733	0.15151851851851852	0.6080748416478622	0.22234824464937986
5	0	kNN (full)	0.4310740740740741	0.5748265791775845	0.17142592592592593	0.6674905367405751	0.24877144329068654
1	200	kNN (test)	1.0	0.26153625154700166	0.08927777777777778	0.3717075053739912	0.1318772354842264
3	1000	Average Rating	1.0	0.002165550834836766	0.0010555555555555557	0.004102480238359151	0.0015374772106224923
2	500	iMF (test)	1.0	0.21568693725471427	0.07216666666666667	0.3047573718671268	0.1070594765286508
1	5	iMF (full)	0.8435740740740741	0.5576978657879956	0.16675925925925925	0.66233258979519	0.2437914626223168
5	5	iMF (test)	0.8372962962962962	0.5494266944455507	0.16827777777777778	0.6601633172872797	0.2448245233415927
4	5	iMF (test)	0.842037037037037	0.5543090649444321	0.16555555555555557	0.6580331227165255	0.24244349045041413
2	20	Random	1.0	0.16031516599225323	0.06942592592592593	0.27519888678709126	0.10097848626820645
4	10	Normalized kNN (full)	0.9997037037037036	0.4097085204898865	0.1287962962962963	0.5338561492621929	0.19030507358131155
1	5	Popularity	0.8435740740740741	0.49598771195818037	0.16022222222222224	0.6474910831251671	0.23584281903654314
3	10	Average Rating	0.9995185185185185	0.41817812960640655	0.1458148148148148	0.5988803037833179	0.21562252612400926
4	10	Random	0.9997037037037036	0.26147367065245225	0.11316666666666667	0.4758856905904387	0.16803135069894573
2	2	Normalized kNN (full)	0.6072962962962963	0.5151588449591747	0.16468518518518518	0.6530939631494476	0.24125140668434938
2	2	Random	0.6072962962962963	0.4459319030901877	0.16225925925925927	0.6473218182821993	0.2382539716497213
1	1000	Normalized kNN (test)	1.0	0.0018281474790254797	7.962962962962962E-4	0.004023532267891101	0.0011800071843230012
3	1000	iMF (test)	1.0	0.1559199413825515	0.054018518518518514	0.22719940793845297	0.07998382273952086
5	200	kNN (test)	1.0	0.26075261941294026	0.08868518518518519	0.37135613197952816	0.13084535789164492
3	500	Normalized kNN (full)	1.0	0.15345943315531102	0.056129629629629633	0.2303133164667028	0.08311706622705453
3	500	Random	1.0	0.008136347260679754	0.0036851851851851854	0.013112062741653845	0.005171372905843201
3	1000	Random	1.0	0.003329579756058492	0.0017222222222222224	0.004871329926640829	0.002182283265778806
2	20	iMF (full)	1.0	0.4901267623157477	0.14901851851851852	0.5998320097887272	0.2187032803505738
2	200	Average Rating	1.0	0.014490416562442513	0.00662962962962963	0.02328865414234072	0.009042675129037336
4	10	iMF (full)	0.9997037037037036	0.5262011634695989	0.1580740740740741	0.6343243100288659	0.23206837343898756
2	20	Popularity	1.0	0.4133187140750651	0.12261111111111112	0.5092367770321533	0.1814955058877749
3	10	iMF (test)	0.9995185185185185	0.53399632891855	0.1618703703703704	0.6428713813721719	0.2368660029147206
4	10	Popularity	0.9997037037037036	0.45165303889000463	0.13992592592592593	0.5872365965467093	0.2079847615210582
5	1000	kNN (test)	1.0	0.15476263858896624	0.05218518518518519	0.21979684787195714	0.07705208606241032
2	2	iMF (full)	0.6072962962962963	0.5626152341618196	0.16916666666666666	0.6631886661566605	0.24682978586076837
1	5	kNN (test)	0.8435740740740741	0.555686221931153	0.1665925925925926	0.662100710694018	0.24372939870040325
1	1	Normalized kNN (test)	0.522074074074074	0.5828193552642021	0.17005555555555557	0.668663687344016	0.24782755629264147
2	2	Popularity	0.6072962962962963	0.5261877192104618	0.1660740740740741	0.6566361683763644	0.24318912695259096
1	5	kNN (full)	0.8435740740740741	0.5474631077905827	0.165	0.6572877971266038	0.2414939494707152
3	500	iMF (full)	1.0	0.21669868042058393	0.07355555555555555	0.2986906817201977	0.10779616689893695
3	500	Popularity	1.0	0.1196008129311934	0.04375925925925926	0.1797394675452247	0.06444705054791162
2	200	iMF (test)	1.0	0.2851274319414055	0.09566666666666668	0.39836504367368125	0.14145640414536906
1	0	Normalized kNN (test)	0.4339074074074074	0.5846914351920744	0.17020370370370372	0.6689243495213448	0.2480120801021653
5	200	Normalized kNN (full)	1.0	0.20107054655498946	0.06594444444444444	0.2641315154399804	0.09609874334501786
3	1000	iMF (full)	1.0	0.17193558191570008	0.057777777777777775	0.23653318789104294	0.08486050462186973
3	1000	Popularity	1.0	0.09515328782078136	0.03564814814814815	0.14675062515265894	0.05246785349527822
5	0	Normalized kNN (test)	0.4310740740740741	0.5851422845931541	0.1722037037037037	0.6694392204151388	0.2498193420261757
3	1	Normalized kNN (test)	0.5177777777777778	0.5438169165079446	0.16835185185185186	0.6613219483409382	0.24572456072100862
4	100	Normalized kNN (test)	1.0	0.06642472040213168	0.031259259259259264	0.13424147973645092	0.04635307255127708
3	10	Random	0.9995185185185185	0.2705419874608816	0.11164814814814815	0.4676121816146277	0.16514973697520918
5	10	Normalized kNN (full)	0.9995185185185185	0.4095968580959419	0.13068518518518518	0.5334937041350699	0.1917512779844701
5	10	Random	0.9995185185185185	0.2671511084397402	0.11185185185185186	0.4662579857813313	0.16495405103618746
2	20	kNN (full)	1.0	0.478810995518124	0.14416666666666667	0.5793042488765539	0.21155188425325833
3	100	Normalized kNN (test)	1.0	0.0674607371433688	0.03214814814814815	0.13343314877477058	0.04697638547108796
1	1	kNN (full)	0.522074074074074	0.5667567738013057	0.16927777777777778	0.6669984817444363	0.2469001162016135
5	100	Normalized kNN (test)	1.0	0.04797366094464325	0.025018518518518516	0.10188857878934891	0.036515328409481226
2	20	Normalized kNN (full)	1.0	0.3477744526269343	0.10357407407407408	0.415337588266037	0.1511333021694313
2	20	kNN (test)	1.0	0.493290593612152	0.14757407407407408	0.5930088728265401	0.21651760380898533
5	200	kNN (full)	1.0	0.27397081898180214	0.09255555555555556	0.38313793026474496	0.13601744635667304
1	0	kNN (full)	0.4339074074074074	0.5754437626113473	0.17016666666666666	0.6690011539693308	0.24800790863564434
3	10	iMF (full)	0.9995185185185185	0.5225923758744533	0.1590925925925926	0.6337038281149273	0.2329861577484821
4	10	kNN (test)	0.9997037037037036	0.5219003706029444	0.1569814814814815	0.6354047741013071	0.23109657767770836
3	10	Popularity	0.9995185185185185	0.4394389314063715	0.13862962962962963	0.5722782972628172	0.20528916166620445
2	500	Normalized kNN (full)	1.0	0.16856726245041434	0.0585	0.24314819172589053	0.08657750793193666
2	500	Random	1.0	0.007979223789498426	0.0037222222222222227	0.011885313088276225	0.0050186767116295996
5	10	iMF (full)	0.9995185185185185	0.5292167320336507	0.16103703703703703	0.6377234613399582	0.23480853960383735
5	10	Popularity	0.9995185185185185	0.4540620271280683	0.1456851851851852	0.5958557575536987	0.21462440998522264
2	2	kNN (test)	0.6072962962962963	0.5574901709914458	0.16833333333333333	0.6614605529537221	0.245882611477211
5	5	Random	0.8372962962962962	0.36961494270407913	0.1522962962962963	0.6210834434734224	0.22436851502263225
5	5	Normalized kNN (full)	0.8372962962962962	0.46989504473779437	0.15694444444444444	0.6332869598643298	0.23019524540380443
4	5	Normalized kNN (full)	0.842037037037037	0.46963527220699514	0.1544814814814815	0.6327293549059053	0.2281726194996347
3	500	kNN (test)	1.0	0.20038629193294089	0.06737037037037037	0.2775998729684345	0.09939797658828563
4	100	kNN (full)	1.0	0.31769648442052206	0.10505555555555557	0.43544056927445074	0.15500811945983756
3	5	Average Rating	0.8362962962962963	0.4725459452854765	0.16068518518518518	0.644413343152948	0.2361361674103798
4	5	Random	0.842037037037037	0.37568032624387	0.1478888888888889	0.6151213692165556	0.21963968540648185
2	100	Normalized kNN (test)	1.0	0.04370590931614656	0.021592592592592594	0.08966715518548676	0.03172008935986607
2	200	Random	1.0	0.018384604774300147	0.008592592592592594	0.032083962401158045	0.01205749682644483
3	1000	Normalized kNN (full)	1.0	0.11052356704217516	0.04357407407407408	0.18192207238703698	0.06495482750094714
1	10	Normalized kNN (test)	0.9998703703703704	0.40091726020595353	0.15196296296296297	0.6242886210771722	0.22459923582586924
5	5	Popularity	0.8372962962962962	0.4762756418344392	0.15709259259259262	0.6380722645340945	0.23130705327239015
2	1000	Average Rating	1.0	0.0022192007085439854	0.0010925925925925927	0.004089205276237851	0.001502672058636111
3	1000	kNN (test)	1.0	0.1560135619985694	0.05251851851851852	0.21849454404572827	0.07757093111108525
3	100	kNN (full)	1.0	0.3230209144759978	0.10674074074074073	0.4330522025718519	0.15672275010860973
5	10	kNN (full)	0.9995185185185185	0.515767566772096	0.15685185185185185	0.6247018602559765	0.22901692212884397
1	200	Normalized kNN (test)	1.0	0.01892056404990012	0.009425925925925926	0.038901061211041296	0.013635397022296684
2	500	iMF (full)	1.0	0.2256077347354742	0.07442592592592594	0.30912083981254684	0.1098015273806073
2	500	Popularity	1.0	0.13559211706825258	0.05066666666666667	0.20948369861674135	0.07477648605987074
3	10	Normalized kNN (full)	0.9995185185185185	0.40844673540286625	0.13044444444444445	0.5317573460747105	0.1917649727265856
5	5	iMF (full)	0.8372962962962962	0.5444074506428329	0.16746296296296298	0.6582988993828292	0.24365875610347756
3	1000	kNN (full)	1.0	0.16297891301753378	0.05524074074074074	0.22852003706351082	0.08135221278737308
5	100	kNN (full)	1.0	0.31121155632853126	0.1035	0.4235122172104053	0.15168571483674848
5	20	Average Rating	1.0	0.21991962197834755	0.09912962962962964	0.4084041761553293	0.14549552468925542
3	5	iMF (test)	0.8362962962962963	0.5499973468162763	0.16657407407407407	0.6571489154254146	0.2433349574113682
2	200	iMF (full)	1.0	0.2880876619915359	0.09524074074074075	0.3928634219695445	0.14035858858643205
2	200	Popularity	1.0	0.19584869975535935	0.07083333333333333	0.2939636776080924	0.10470526601695676
4	5	iMF (full)	0.842037037037037	0.5508082850277386	0.16501851851851854	0.6561053937300805	0.2416362197907768
4	1000	Normalized kNN (test)	1.0	0.0026257366231163463	0.0010555555555555557	0.0042900112887971015	0.0015024896727109777
4	5	Popularity	0.842037037037037	0.5060401393519162	0.15992592592592594	0.647415122332349	0.2356365670199688
2	1000	iMF (test)	1.0	0.1515861204299475	0.05264814814814815	0.2244928408168251	0.07821680406087729
5	1000	kNN (full)	1.0	0.16143217358298798	0.05507407407407408	0.22920276684116503	0.08096169688316182
5	5	kNN (full)	0.8372962962962962	0.5355033829853065	0.16498148148148148	0.6534034229556672	0.24072448607587305
3	0	Normalized kNN (test)	0.42903703703703705	0.577421166571326	0.1697037037037037	0.6634515653473855	0.24724293234462774
2	1000	Random	1.0	0.0039840710919769404	0.0018333333333333333	0.006774741899377006	0.002491590094852442
2	200	Normalized kNN (full)	1.0	0.20736835048640487	0.06566666666666666	0.26691407008249246	0.0962588838988116
3	10	kNN (test)	0.9995185185185185	0.5252512906709369	0.15805555555555556	0.634168417326267	0.2319734135257816
5	20	iMF (test)	1.0	0.5104571223110793	0.1554074074074074	0.6167967567316865	0.22669159378643283
2	500	kNN (full)	1.0	0.22867516154516238	0.0745925925925926	0.30800605685571125	0.10987055147407251
1	10	kNN (full)	0.9998703703703704	0.5215439066272408	0.15714814814814815	0.6290268268642895	0.2301506656188003
4	5	kNN (full)	0.842037037037037	0.5404314853826048	0.1634074074074074	0.6542751951967595	0.2398385947441287
5	10	kNN (test)	0.9995185185185185	0.5248171640455381	0.15925925925925927	0.6343139901891371	0.23268092160330642
3	500	kNN (full)	1.0	0.2119144431687712	0.07181481481481482	0.29543410188069835	0.10566712299820294
3	10	kNN (full)	0.9995185185185185	0.5143022174268872	0.15514814814814817	0.6217296094479832	0.22735572585123798
1	5	Normalized kNN (test)	0.8435740740740741	0.5330696676648193	0.16483333333333333	0.6583155636798983	0.2415130772255827
2	1000	iMF (full)	1.0	0.16374461186933398	0.05572222222222223	0.23203485449364106	0.08208642972921819
2	1000	Popularity	1.0	0.09404217940217928	0.035555555555555556	0.149218629085167	0.05255417136159949
4	5	kNN (test)	0.842037037037037	0.5464801764358821	0.16466666666666668	0.657348465346168	0.24154524050519693
5	5	kNN (test)	0.8372962962962962	0.5386452868408366	0.16585185185185186	0.6557180873779566	0.24196700841301727
2	1	Average Rating	0.5192222222222223	0.530154382328644	0.16794444444444445	0.660880902229503	0.2455109239116142
2	500	kNN (test)	1.0	0.22337710788754483	0.07155555555555557	0.29639399159117774	0.105645845138414
2	200	kNN (test)	1.0	0.2691440316115413	0.0890925925925926	0.37011040501617226	0.1316741584140251
3	200	Average Rating	1.0	0.01737118268440797	0.008648148148148148	0.031571136510558505	0.011859377977237826
2	200	kNN (full)	1.0	0.2791809225347567	0.09177777777777778	0.3766698501860013	0.13501251219197902
2	1000	Normalized kNN (full)	1.0	0.11234770827832738	0.04364814814814815	0.18729438426901235	0.06524501620431865
2	1	iMF (test)	0.5192222222222223	0.571714964519219	0.17014814814814816	0.6645000935687391	0.24792698901706908
3	5	Random	0.8362962962962963	0.36901706837844017	0.1504814814814815	0.6178804703336421	0.22293201514805344
5	200	Normalized kNN (test)	1.0	0.02141625086023048	0.010851851851851852	0.04392518001515367	0.015720881685469333
3	200	iMF (test)	1.0	0.2889794851119057	0.09831481481481481	0.40082651192211893	0.14452933727982265
2	5	Average Rating	0.839574074074074	0.44396431583431833	0.15974074074074074	0.6429128950699976	0.23524619767862295
2	1000	kNN (test)	1.0	0.1532753320749501	0.0515925925925926	0.21556275453449938	0.07616570969422301
3	5	iMF (full)	0.8362962962962963	0.540266141493243	0.16561111111111113	0.6550101794386061	0.24216660031787915
5	20	Random	1.0	0.16651514089388586	0.07005555555555555	0.2838333382250321	0.10199153018110975
3	5	Popularity	0.8362962962962963	0.4736232730810467	0.15538888888888888	0.6331804033659116	0.2296898761993635
3	1000	Normalized kNN (test)	1.0	0.0026748587551766495	0.0012962962962962963	0.0053645290017082835	0.0018123804231096657
3	5	Normalized kNN (full)	0.8362962962962963	0.4698851743023914	0.15614814814814815	0.6311869645369981	0.22976975507054873
2	1000	kNN (full)	1.0	0.16148652815472303	0.05475925925925926	0.22787859389155407	0.08062535976524765
5	1000	Normalized kNN (test)	1.0	0.0017445084491611049	8.333333333333334E-4	0.003488127861252702	0.0011464848917979293
3	500	Normalized kNN (test)	1.0	0.006974645376818726	0.003425925925925926	0.012998107525879371	0.0047175967217192956
2	0	Average Rating	0.43042592592592593	0.5714390676644433	0.1696111111111111	0.6639933816387661	0.24745167136420693
2	5	iMF (test)	0.839574074074074	0.5488650861846586	0.16724074074074075	0.6577488527880678	0.2442680140486582
5	20	iMF (full)	1.0	0.5084940437611175	0.1542037037037037	0.6111040168443191	0.2248063932093333
5	20	Popularity	1.0	0.4357139584497979	0.1360740740740741	0.5538283860263271	0.2000808348182864
5	20	Normalized kNN (full)	1.0	0.3506741627907159	0.10488888888888888	0.4162150774978267	0.15232385286898148
3	5	kNN (full)	0.8362962962962963	0.5337673506981474	0.16383333333333333	0.6513770611115677	0.2397736367778287
2	0	iMF (test)	0.43042592592592593	0.5826052546468805	0.17125925925925928	0.6664970005413325	0.2492047113768358
2	200	Normalized kNN (test)	1.0	0.02458664348545057	0.011685185185185186	0.04912058356129316	0.017181342919528764
2	500	Normalized kNN (test)	1.0	0.005486309192736173	0.0023703703703703703	0.009787194052710557	0.003351665431579727
4	5	Normalized kNN (test)	0.842037037037037	0.49686636273396256	0.16177777777777777	0.6531299406987622	0.23816570095208953
5	20	kNN (test)	1.0	0.5114144977808966	0.15388888888888888	0.6137116606770854	0.22471910821443764
2	0	Random	0.43042592592592593	0.5319491360663225	0.16666666666666666	0.6578567870306421	0.2437422665421219
2	20	Normalized kNN (test)	1.0	0.28292440806437075	0.11811111111111113	0.495589774733689	0.17538881806790466
5	20	kNN (full)	1.0	0.4943788241216913	0.14916666666666667	0.5934371964218683	0.2175902399830012
2	2	Normalized kNN (test)	0.6072962962962963	0.4910895524855568	0.16620370370370371	0.6583536055489935	0.24362236352771682
2	10	Average Rating	0.9997222222222222	0.43177450810525103	0.15314814814814814	0.6176226760297786	0.22540963698993247
2	10	Random	0.9997222222222222	0.26536115655533987	0.1127962962962963	0.47250330709970967	0.16720181728068628
3	5	kNN (test)	0.8362962962962963	0.5379005307198408	0.16431481481481483	0.6529380387243527	0.24064274481338913
2	2	kNN (full)	0.6072962962962963	0.5575458806893976	0.16798148148148148	0.6609406715587439	0.2454634427589072
2	0	iMF (full)	0.43042592592592593	0.5773605387270887	0.17053703703703704	0.6653673974243899	0.24838937263330557
2	0	Popularity	0.43042592592592593	0.552964121271531	0.16842592592592592	0.6606303330496057	0.2459153256842071
3	10	Normalized kNN (test)	0.9995185185185185	0.43171275075098653	0.15238888888888888	0.6208096149679294	0.22485253715984496
2	1	Normalized kNN (full)	0.5192222222222223	0.5330655023366452	0.16672222222222224	0.6569630102118341	0.2436635502333269
2	1	Random	0.5192222222222223	0.4789679047041035	0.16466666666666668	0.6531464774954503	0.2413873336516608
4	10	Normalized kNN (test)	0.9997037037037036	0.4456082943623895	0.14903703703703705	0.6166310878843427	0.2208587194788446
3	200	Random	1.0	0.020035061109045727	0.009074074074074075	0.033984238155297074	0.012587886168523745
5	5	Normalized kNN (test)	0.8372962962962962	0.5038119247812336	0.16544444444444445	0.6558052155272631	0.2416495274183745
2	10	iMF (test)	0.9997222222222222	0.5362447945779182	0.16266666666666665	0.6438161726029397	0.23793088931431114
2	1000	Normalized kNN (test)	1.0	0.002309469446518456	8.148148148148149E-4	0.0033626807268972827	0.001155687107995907
3	200	Normalized kNN (full)	1.0	0.20403507810189467	0.06624074074074074	0.2640368265888968	0.0968018189561428
2	10	iMF (full)	0.9997222222222222	0.5304728267727263	0.16090740740740742	0.6375722839387561	0.23542278417545193
2	10	Popularity	0.9997222222222222	0.4566415222764114	0.14644444444444446	0.5988554336662907	0.21638588602727676
2	10	kNN (full)	0.9997222222222222	0.5153899074802731	0.1567777777777778	0.6267622304957998	0.22997603544098327
3	20	Average Rating	1.0	0.27973288979360683	0.09142592592592592	0.36328912413386705	0.13282167127217862
4	10	kNN (full)	0.9997037037037036	0.5092260910185383	0.1534074074074074	0.6212417752649478	0.22565588468774722
2	0	kNN (full)	0.43042592592592593	0.5726371292150507	0.17007407407407407	0.664537651788748	0.24792086396141608
3	20	Random	1.0	0.16353622125334424	0.07112962962962964	0.28677849670457983	0.10352336696837856
2	1	iMF (full)	0.5192222222222223	0.5655038020165782	0.1695925925925926	0.6638747985293871	0.24737828789686503
3	200	iMF (full)	1.0	0.29832488918135613	0.09916666666666667	0.4038680779514732	0.1456479857961129
3	200	Popularity	1.0	0.19163573603397704	0.07403703703703704	0.3075177462008201	0.10959367544871725
2	10	Normalized kNN (full)	0.9997222222222222	0.41341635169644053	0.13114814814814815	0.5346519146201406	0.19277137306208833
2	0	kNN (test)	0.43042592592592593	0.5733611116945404	0.17035185185185184	0.6652206747313707	0.2482617052231666
2	1	Popularity	0.5192222222222223	0.5278088962745071	0.16648148148148148	0.6573742636144597	0.24369224445390245
2	0	Normalized kNN (full)	0.43042592592592593	0.5589705134638131	0.16825925925925928	0.6596945451875041	0.24552701866570598
3	20	iMF (test)	1.0	0.4912320401482358	0.15235185185185185	0.6089192656049742	0.22318679868766114
5	10	Normalized kNN (test)	0.9995185185185185	0.36686392927912637	0.14862962962962964	0.6100645440510287	0.21934545747215978
2	5	Random	0.839574074074074	0.37526127022996764	0.15031481481481482	0.6177177478756833	0.22261716502745268
2	5	Normalized kNN (full)	0.839574074074074	0.47471610425758115	0.1556851851851852	0.6302610232307907	0.22935328706282
3	20	iMF (full)	1.0	0.4799937414922093	0.1502037037037037	0.6031349357094882	0.2203246164829824
3	200	kNN (test)	1.0	0.26790514908590957	0.09162962962962963	0.3804366925872574	0.1353890461047447
3	20	Popularity	1.0	0.36430497010786816	0.12014814814814816	0.5008787941143583	0.17803004408747297
2	5	Popularity	0.839574074074074	0.48879974889097877	0.15966666666666668	0.641649056631132	0.2349551240654557
5	20	Normalized kNN (test)	1.0	0.28959563575160613	0.1220925925925926	0.5110741765503447	0.18061206062579377
3	200	kNN (full)	1.0	0.27934158718111257	0.0942037037037037	0.38384888097941583	0.13841410752975783
2	10	kNN (test)	0.9997222222222222	0.5261203289295213	0.16018518518518518	0.6399748357388382	0.23495854707975253
2	1	kNN (test)	0.5192222222222223	0.5603491811815524	0.16905555555555554	0.6628275292468679	0.24674226819007727
2	1	kNN (full)	0.5192222222222223	0.5623875265289475	0.16885185185185186	0.6626306751332504	0.24652972305155366
2	5	iMF (full)	0.839574074074074	0.5456575201508673	0.16653703703703704	0.6566056237931931	0.2434751974791643
2	5	kNN (full)	0.839574074074074	0.5344997437330674	0.16431481481481483	0.6528499216112689	0.24083095220727474
3	5	Normalized kNN (test)	0.8362962962962963	0.4862377745173862	0.16240740740740742	0.6489869395345608	0.23837125407316917
2	5	kNN (test)	0.839574074074074	0.5372592402335602	0.1652037037037037	0.6548818155902625	0.24196957254729679
3	20	kNN (test)	1.0	0.4625457666350489	0.1472037037037037	0.5955305914854601	0.21648152625209635
2	0	Normalized kNN (test)	0.43042592592592593	0.5791434980412645	0.1701111111111111	0.6647050025894881	0.24801936558318335
3	20	kNN (full)	1.0	0.4622436049076263	0.14446296296296296	0.5804452460428281	0.21185677144625945
2	10	Normalized kNN (test)	0.9997222222222222	0.4347123720964442	0.15196296296296297	0.6194323101699301	0.22430492141201197
3	20	Normalized kNN (full)	1.0	0.3315141083068445	0.10161111111111112	0.4061884689353375	0.14818000438676085
3	20	Normalized kNN (test)	1.0	0.30376357380407704	0.11955555555555555	0.499853172606768	0.1773735457715631
2	1	Normalized kNN (test)	0.5192222222222223	0.5420050206001772	0.16874074074074075	0.6623609042280366	0.2464483752460353
3	200	Normalized kNN (test)	1.0	0.0239868387580837	0.011611111111111112	0.046350138420170404	0.016611524391915555
2	5	Normalized kNN (test)	0.839574074074074	0.46791332390984053	0.16233333333333333	0.6502779152927476	0.23870792399192406
