fold	target size	recommender system	Coverage@10	nDCG@10	P@10	Recall@10	FScore@10
2	50	Average Rating	1.0	0.10563073830095267	0.05470370370370371	0.2202691840904391	0.0799384538927235
2	50	iMF (test)	1.0	0.45400983550101026	0.1390925925925926	0.5644036347723322	0.20458594887393794
2	50	Normalized kNN (full)	0.17394444444444446	0.2560273376677964	0.06520370370370371	0.25666932238087237	0.09390643111991022
2	50	Random	1.0	0.07355384874254067	0.03333333333333333	0.12883074922294396	0.04759145131255564
2	50	iMF (full)	1.0	0.44689798783509743	0.13762962962962963	0.5548189701497271	0.20187168178078746
2	50	Popularity	1.0	0.37032868990793505	0.11583333333333333	0.47558395807000714	0.17090192113374764
2	50	kNN (test)	1.0	0.4344839368110142	0.1368888888888889	0.5569912948750755	0.20154070574714136
2	50	Normalized kNN (test)	1.0	0.18753417050547552	0.08346296296296296	0.36636351244129034	0.12555035381992702
2	50	kNN (full)	0.9999814814814814	0.42300664556377204	0.1297222222222222	0.521870221851584	0.19020298185959505
2	100	Average Rating	1.0	0.027465176615053266	0.014370370370370372	0.05053556377148993	0.01996549414420629
2	100	iMF (test)	1.0	0.4151121429098528	0.1277962962962963	0.5216309029422409	0.18827426587617524
2	100	Normalized kNN (full)	0.2247037037037037	0.2472941263496969	0.06462962962962963	0.25626432907985075	0.09350241926398414
2	100	Random	1.0	0.03858229957232626	0.017074074074074075	0.06450584923399431	0.024077589284015856
2	100	iMF (full)	1.0	0.40735312998884293	0.12668518518518518	0.5138206652222589	0.18600875460942556
2	100	Popularity	1.0	0.30951401173061865	0.09755555555555556	0.40251519486314313	0.14426790062522865
2	100	kNN (test)	1.0	0.4031741028497462	0.1272037037037037	0.5197567777562722	0.1873964719295462
2	100	Normalized kNN (test)	1.0	0.10164226134642533	0.04751851851851852	0.2133728581076305	0.07197801820995589
2	100	kNN (full)	1.0	0.39010775825449195	0.11981481481481482	0.4825489587557529	0.17567006937027188
2	20	Average Rating	1.0	0.22111098796343231	0.1097037037037037	0.4611523166671178	0.16278792607533865
2	20	iMF (test)	1.0	0.48411995616577136	0.153	0.6123827404907078	0.22437998838788875
2	20	Normalized kNN (full)	0.1635925925925926	0.2586129333737541	0.06587037037037037	0.25710611117626847	0.0943678607230877
2	20	Random	1.0	0.1593088501086532	0.07035185185185186	0.2818941092225276	0.1024223006373775
2	20	iMF (full)	1.0	0.4752351061007895	0.15016666666666667	0.6022161547475766	0.22021347651623888
2	20	Popularity	1.0	0.39309737948499746	0.12748148148148147	0.5210743014616493	0.18797040091942677
2	20	kNN (test)	1.0	0.45612695032266487	0.14851851851851852	0.600011767228451	0.21847416427867777
2	20	Normalized kNN (test)	0.9999444444444444	0.2973489383020437	0.12768518518518518	0.539623087898501	0.1903988971657338
2	20	kNN (full)	0.9672037037037037	0.4545821630132369	0.14444444444444443	0.5805648097440806	0.2121050601424255
2	500	Average Rating	1.0	0.004849714948411086	0.0028703703703703703	0.010043922947627822	0.0039445553254031105
2	500	iMF (test)	1.0	0.2040760483831467	0.07005555555555555	0.2955016995023511	0.10387879294449792
2	500	Normalized kNN (full)	0.8151851851851852	0.15494216108784536	0.05620370370370371	0.23473464799700827	0.08329867725661085
2	500	Random	1.0	0.007996224483544303	0.003703703703703704	0.012910722226238031	0.005103825189008798
2	500	iMF (full)	1.0	0.21521807183787153	0.07322222222222223	0.30327319912133605	0.10772842557584791
2	500	Popularity	1.0	0.13218895119791757	0.047962962962962964	0.19668107269834895	0.07058596515123769
2	500	kNN (test)	1.0	0.1890439503934867	0.06357407407407407	0.26540026393262073	0.09389591009896053
2	500	Normalized kNN (test)	1.0	0.008157179614662557	0.003703703703703704	0.015723092637961043	0.005353200867578175
2	500	kNN (full)	1.0	0.2052591990996714	0.06922222222222223	0.28797786152038457	0.10213836236121301
2	1000	Average Rating	1.0	0.0022192007085439854	0.0010925925925925927	0.004089205276237851	0.001502672058636111
2	1000	iMF (test)	1.0	0.15044529328133854	0.052037037037037034	0.2217743575168992	0.07728728495883014
2	1000	Normalized kNN (full)	0.9848333333333334	0.11228772238223295	0.04359259259259259	0.18716578344596707	0.06517057797198568
2	1000	Random	1.0	0.004873665196188573	0.0022222222222222222	0.007972917123644086	0.0030193473461669015
2	1000	iMF (full)	1.0	0.16264419230759142	0.05535185185185186	0.23035926668827061	0.08148404363532631
2	1000	Popularity	1.0	0.09404217940217928	0.035555555555555556	0.149218629085167	0.05255417136159949
2	1000	kNN (test)	1.0	0.1532753320749501	0.0515925925925926	0.21556275453449938	0.07616570969422301
2	1000	Normalized kNN (test)	1.0	0.003503100104296431	0.0015	0.00615124217788173	0.0021009069465837043
2	1000	kNN (full)	1.0	0.16148652815472303	0.05475925925925926	0.22787859389155407	0.08062535976524765
2	200	Average Rating	1.0	0.012511026591839057	0.0056851851851851855	0.020421627443800956	0.007798938825202379
2	200	iMF (test)	1.0	0.3207010291524724	0.10359259259259258	0.4276608879851463	0.15287781851247903
2	200	Normalized kNN (full)	0.36285185185185187	0.21700606253605306	0.06322222222222224	0.25450449049199036	0.09226175984334946
2	200	Random	1.0	0.02072110636173415	0.009685185185185186	0.03428832014054788	0.013362524265331938
2	200	iMF (full)	1.0	0.32472619489443616	0.10412962962962964	0.4277265495980363	0.15330641878981752
2	200	Popularity	1.0	0.23803306684065323	0.07412962962962963	0.30553762691537034	0.10936396473523502
2	200	kNN (test)	1.0	0.3141183657254308	0.10168518518518518	0.4214026490526788	0.15023967167670918
2	200	Normalized kNN (test)	1.0	0.027571351071744587	0.013500000000000002	0.05772485293480406	0.020110888167321754
2	200	kNN (full)	1.0	0.3139314602846951	0.09920370370370371	0.40762706417657557	0.14616272361245375
2	2	Average Rating	0.6086296296296296	0.43023388702372806	0.16485185185185186	0.6554403527723568	0.24202483500404645
2	2	iMF (test)	0.6086296296296296	0.5765511030826361	0.17016666666666666	0.6642911971019925	0.24788510303410943
2	2	Normalized kNN (full)	0.13653703703703704	0.27213301857617933	0.06622222222222222	0.2572866011984198	0.09459545962424443
2	2	Random	0.6086296296296296	0.4405007814443693	0.1617037037037037	0.6462249677798841	0.23767322953639464
2	2	iMF (full)	0.6086296296296296	0.5692168029264847	0.16974074074074075	0.6639985368610848	0.24744547465376088
2	2	Popularity	0.6086296296296296	0.545957216368267	0.16762962962962963	0.6592340755005703	0.24495211662390481
2	2	kNN (test)	0.556074074074074	0.5686001286407739	0.1695185185185185	0.6632043566872748	0.24720964056238762
2	2	Normalized kNN (test)	0.48138888888888887	0.5456882431487639	0.16674074074074074	0.6528832450199828	0.24334235241783964
2	2	kNN (full)	0.43398148148148147	0.5429888937667469	0.15927777777777777	0.6196560339210191	0.23176738146100112
2	10	Average Rating	0.9994444444444445	0.3390644210392608	0.14187037037037037	0.5757561953381922	0.20900078811238004
2	10	iMF (test)	0.9994444444444445	0.5104858280682881	0.16192592592592592	0.6417634084781567	0.2368716588233242
2	10	Normalized kNN (full)	0.1597777777777778	0.26048075691316663	0.06605555555555555	0.25720172296626853	0.0944865660581471
2	10	Random	0.9994444444444445	0.27114063158272667	0.11444444444444445	0.47283492945820477	0.16886198358087232
2	10	iMF (full)	0.9994444444444445	0.49956807160635586	0.16003703703703703	0.6358000128375622	0.23431154642419857
2	10	Popularity	0.9994444444444445	0.4229222105908489	0.14285185185185184	0.5857480869608571	0.21106026051376442
2	10	kNN (test)	0.9894259259259258	0.48035374929464264	0.15862962962962962	0.636168487524224	0.23303611575576952
2	10	Normalized kNN (test)	0.9421481481481482	0.4177714409830448	0.15416666666666667	0.6239510777426418	0.2272947589357696
2	10	kNN (full)	0.8215925925925927	0.4775903091288092	0.1532777777777778	0.6078425764993505	0.22443594280389448
2	5	Average Rating	0.8393148148148148	0.41269323086148846	0.1584074074074074	0.6395269554700705	0.23344283796245788
2	5	iMF (test)	0.8393148148148148	0.553824248387502	0.16798148148148148	0.659944072010159	0.24523143174161102
2	5	Normalized kNN (full)	0.14109259259259258	0.270402069903192	0.06616666666666667	0.25725818041652676	0.09455859895405043
2	5	Random	0.8393148148148148	0.37058792882613095	0.1504814814814815	0.6177128091552813	0.2228311701947103
2	5	iMF (full)	0.8393148148148148	0.5421387733899438	0.16653703703703704	0.6566506836524945	0.24343532438454607
2	5	Popularity	0.8393148148148148	0.48916497526745256	0.16033333333333336	0.6429668679146257	0.2357719546534582
2	5	kNN (test)	0.7944814814814815	0.5398509899723153	0.16677777777777777	0.6578931320098574	0.2439253305535762
2	5	Normalized kNN (test)	0.7088333333333333	0.4966946684220705	0.16355555555555557	0.6475632877356694	0.23965853068342038
2	5	kNN (full)	0.5999814814814814	0.5226778270594438	0.15777777777777777	0.6173885591816961	0.23008117760769478
2	1	Average Rating	0.5208333333333334	0.5333501493357036	0.16777777777777778	0.6605953859534897	0.24531488977178542
2	1	iMF (test)	0.5208333333333334	0.5777616239283524	0.1706851851851852	0.6654035129236362	0.24850956530901877
2	1	Normalized kNN (full)	0.13635185185185186	0.2721562229098698	0.06622222222222222	0.2572866011984198	0.09459545962424443
2	1	Random	0.5208333333333334	0.4821728699985324	0.16496296296296298	0.6531648872608111	0.24152063669642512
2	1	iMF (full)	0.5208333333333334	0.5721242321056347	0.17012962962962963	0.6646395606812808	0.24793129763229932
2	1	Popularity	0.5208333333333334	0.5463858304301502	0.16770370370370372	0.6593409978991593	0.24503941388848965
2	1	kNN (test)	0.508962962962963	0.5699147339370833	0.1697037037037037	0.6635471651134166	0.24742933575757864
2	1	Normalized kNN (test)	0.46785185185185185	0.553227545933123	0.16714814814814816	0.653337709902751	0.24372118962398956
2	1	kNN (full)	0.4202962962962963	0.5441451276171017	0.15938888888888889	0.6198393773265848	0.231889490275711
2	0	Average Rating	0.43042592592592593	0.5714390676644433	0.1696111111111111	0.6639933816387661	0.24745167136420693
2	0	iMF (test)	0.43042592592592593	0.5827109821056412	0.1710925925925926	0.666306886075835	0.24904624253968657
2	0	Normalized kNN (full)	0.13614814814814816	0.27221661546145637	0.06622222222222222	0.2572866011984198	0.09459545962424443
2	0	Random	0.43042592592592593	0.5325587439282751	0.16666666666666666	0.657128959310937	0.24365570510914378
2	0	iMF (full)	0.43042592592592593	0.5769087067157507	0.17062962962962963	0.6650499493509031	0.2484140316151911
2	0	Popularity	0.43042592592592593	0.552964121271531	0.16842592592592592	0.6606303330496057	0.2459153256842071
2	0	kNN (test)	0.42894444444444446	0.5728326558690403	0.1701111111111111	0.6643286994227288	0.24789807656787133
2	0	Normalized kNN (test)	0.4198518518518518	0.5722679521878633	0.16785185185185184	0.6547049660139684	0.24453932248951926
2	0	kNN (full)	0.38922222222222225	0.546695914247037	0.15962962962962962	0.6203099782277411	0.2321663934672655
1	50	Average Rating	1.0	0.10501055690931575	0.052000000000000005	0.21921466826626002	0.07639455987057994
1	50	iMF (test)	1.0	0.45455256390439286	0.13872222222222222	0.5640405754252389	0.20390956612907438
1	50	Normalized kNN (full)	0.17266666666666666	0.25822394711054997	0.06388888888888888	0.2563524637417242	0.09248531270630461
1	50	Random	1.0	0.07687091465183882	0.034333333333333334	0.13215307334237505	0.04900243387847275
1	50	iMF (full)	1.0	0.44959831078603024	0.13714814814814816	0.556750483535777	0.20138218525847543
1	50	Popularity	1.0	0.37020781292832666	0.11570370370370371	0.47898585503675856	0.17086467041303122
1	50	kNN (test)	1.0	0.4401194661887739	0.13635185185185186	0.5582618308316633	0.20083023198456978
1	50	Normalized kNN (test)	1.0	0.1756278688126474	0.07959259259259259	0.3512086253004007	0.11985170883903386
1	50	kNN (full)	1.0	0.42689278632891736	0.12855555555555556	0.5254966837183377	0.18904802405016338
1	100	Average Rating	1.0	0.02806016026152504	0.015370370370370371	0.058545163939929146	0.021614658734095134
1	100	iMF (test)	1.0	0.4156747401816971	0.12674074074074074	0.5199049049137977	0.18671945707897208
1	100	Normalized kNN (full)	0.21966666666666668	0.24839005608797388	0.06344444444444444	0.25589871692748845	0.09214698076196319
1	100	Random	1.0	0.038045315660040296	0.016981481481481483	0.06231184305653186	0.02364989905757356
1	100	iMF (full)	1.0	0.41103460279655607	0.126	0.5121280431401617	0.18509237787368937
1	100	Popularity	1.0	0.30881891429414715	0.09827777777777778	0.4098992919115107	0.14556306084676596
1	100	kNN (test)	1.0	0.40629562801172175	0.12614814814814815	0.5200789277511153	0.18607262951680892
1	100	Normalized kNN (test)	1.0	0.10177325123166868	0.047703703703703706	0.21338229717844695	0.07215141033414701
1	100	kNN (full)	1.0	0.3922097707330023	0.11805555555555555	0.4845025881788092	0.17366962297143484
1	20	Average Rating	1.0	0.2369610984134575	0.11390740740740742	0.47293903179398267	0.16808663776063953
1	20	iMF (test)	1.0	0.48918321445756385	0.15359259259259259	0.6188354977353206	0.22525224145072395
1	20	Normalized kNN (full)	0.16224074074074074	0.2609156943679925	0.06433333333333334	0.2565405919424219	0.09273489095762308
1	20	Random	1.0	0.1657279598124522	0.0697962962962963	0.27556606127480937	0.10109940404777429
1	20	iMF (full)	1.0	0.47880412555776125	0.14951851851851852	0.6044687981781312	0.21949845672293172
1	20	Popularity	1.0	0.39147324820767754	0.12714814814814815	0.5180757856822447	0.18720407838663478
1	20	kNN (test)	1.0	0.46030661121685407	0.14664814814814814	0.5989977390983056	0.21601420017741876
1	20	Normalized kNN (test)	0.9998888888888888	0.2983392684408175	0.12612962962962965	0.5359323899956201	0.18796320257155583
1	20	kNN (full)	0.9740555555555555	0.45885183529954937	0.14357407407407408	0.5827717946549126	0.21107216066655562
1	500	Average Rating	1.0	0.002016478458095792	0.0012407407407407408	0.004310884526298169	0.001623927368479552
1	500	iMF (test)	1.0	0.22115904890507573	0.07350000000000001	0.3132909134502922	0.10945240010327197
1	500	Normalized kNN (full)	0.7416851851851851	0.1653720005561814	0.05714814814814815	0.24183632062572197	0.0847396482212991
1	500	Random	1.0	0.008271176735160462	0.003981481481481482	0.01422483943427957	0.005476628068543012
1	500	iMF (full)	1.0	0.23524318128188818	0.07672222222222222	0.3205918215845972	0.11321353058767754
1	500	Popularity	1.0	0.14201240563588388	0.05025925925925927	0.20800007003579524	0.0738527017631322
1	500	kNN (test)	1.0	0.20998675815561985	0.06907407407407408	0.291498705596665	0.10226127075174228
1	500	Normalized kNN (test)	1.0	0.007276322986584389	0.0035370370370370373	0.015064973745866175	0.005185246864138495
1	500	kNN (full)	1.0	0.2211387755542233	0.07194444444444445	0.3020966527372524	0.1063250326825609
1	1000	Average Rating	1.0	8.384406204741109E-4	4.814814814814815E-4	0.0017425879036134036	6.506285926895076E-4
1	1000	iMF (test)	1.0	0.15712109838532387	0.05444444444444444	0.23317830104592616	0.0810228151033789
1	1000	Normalized kNN (full)	0.9772962962962962	0.11438919063978928	0.04375925925925926	0.18945795730232126	0.06542762621803942
1	1000	Random	1.0	0.00407476923875375	0.001925925925925926	0.006106550913001436	0.002658277987313225
1	1000	iMF (full)	1.0	0.16915142155421656	0.05683333333333334	0.23877679802158291	0.08389008561557204
1	1000	Popularity	1.0	0.09195953854188141	0.034722222222222224	0.1456492362291674	0.05123638899641386
1	1000	kNN (test)	1.0	0.15412736513544759	0.051500000000000004	0.21879059812917426	0.07623942016836786
1	1000	Normalized kNN (test)	1.0	0.002989183437032092	0.001388888888888889	0.0061358459750724455	0.0020190751102472956
1	1000	kNN (full)	1.0	0.16282769868855426	0.05496296296296296	0.23301614406342833	0.08144183744067203
1	200	Average Rating	1.0	0.008897101084407624	0.005092592592592593	0.018658661158472718	0.0070068274765476835
1	200	iMF (test)	1.0	0.32220841025183933	0.10518518518518519	0.43593429051496196	0.15522358139716355
1	200	Normalized kNN (full)	0.3884444444444444	0.2144908055472197	0.06225925925925926	0.25457162059145694	0.09113599665319644
1	200	Random	1.0	0.020601981399198967	0.009425925925925926	0.03274361240271246	0.013067017434952819
1	200	iMF (full)	1.0	0.3259615471116159	0.10546296296296297	0.4339987060350336	0.15536408549867883
1	200	Popularity	1.0	0.21075071454746303	0.07527777777777778	0.31596059773055013	0.11137717662137993
1	200	kNN (test)	1.0	0.2927279281737138	0.10137037037037036	0.4216529938274701	0.14986243291533832
1	200	Normalized kNN (test)	1.0	0.030733143417607457	0.014740740740740742	0.06556029943295844	0.022188825302573545
1	200	kNN (full)	1.0	0.3003587407918803	0.09885185185185187	0.40961100424396446	0.14572962301991324
1	2	Average Rating	0.6122407407407408	0.456571630499689	0.16444444444444445	0.6589045786594382	0.24154239210175193
1	2	iMF (test)	0.6122407407407408	0.5790331223720568	0.17003703703703704	0.6689053876392582	0.24781960450137158
1	2	Normalized kNN (full)	0.13503703703703704	0.2719084722555775	0.06490740740740741	0.25680059944971784	0.09305523337824415
1	2	Random	0.6122407407407408	0.44654969425687097	0.16224074074074074	0.651081284505562	0.23816557291371732
1	2	iMF (full)	0.6122407407407408	0.571511410764441	0.1696666666666667	0.6683101711381851	0.24742227555957835
1	2	Popularity	0.6122407407407408	0.543556134240607	0.1673888888888889	0.662861638893193	0.24470679620277014
1	2	kNN (test)	0.5745185185185185	0.5697796602853378	0.16957407407407407	0.6665791569606507	0.2471822859948342
1	2	Normalized kNN (test)	0.49198148148148146	0.5468497501506541	0.16696296296296298	0.6574263846821728	0.24354047447462465
1	2	kNN (full)	0.43325925925925923	0.5447971608578807	0.15914814814814815	0.6227039075809008	0.2314250556329857
1	10	Average Rating	0.9994259259259258	0.34916144926904014	0.1371666666666667	0.5649742360253771	0.2021973659507327
1	10	iMF (test)	0.9994259259259258	0.5139746051535291	0.16203703703703703	0.6471917546458328	0.23721590212690827
1	10	Normalized kNN (full)	0.1584814814814815	0.26247609433278957	0.06455555555555556	0.25663770982395095	0.09285668940028632
1	10	Random	0.9994259259259258	0.2746086105120917	0.11579629629629631	0.4869677400548743	0.1716564123297414
1	10	iMF (full)	0.9994259259259258	0.5025420021198518	0.15944444444444444	0.6394279734543954	0.23376011359541254
1	10	Popularity	0.9994259259259258	0.42393784027841264	0.14374074074074075	0.5919647018801808	0.2124184058170161
1	10	kNN (test)	0.9864629629629629	0.48426830297972095	0.15705555555555556	0.6376635481647562	0.23116059381788487
1	10	Normalized kNN (test)	0.9316851851851853	0.4062316741924674	0.1504074074074074	0.6194905741215702	0.22250689987433045
1	10	kNN (full)	0.8114444444444445	0.48095334803487866	0.1519814814814815	0.6091956006409993	0.2228936503819322
1	5	Average Rating	0.8427407407407408	0.4375530066898217	0.15735185185185185	0.6415818406978113	0.2321119332512724
1	5	iMF (test)	0.8427407407407408	0.5536246102861049	0.16774074074074075	0.663967039502782	0.24485404014343595
1	5	Normalized kNN (full)	0.1405	0.2698053628746926	0.06474074074074075	0.25670860425917713	0.09295617153631955
1	5	Random	0.8427407407407408	0.3792356759047363	0.1501111111111111	0.619391804842147	0.22213364956858747
1	5	iMF (full)	0.8427407407407408	0.5460005116199472	0.16662962962962966	0.6620988788296706	0.24365481835476704
1	5	Popularity	0.8427407407407408	0.4904806554837446	0.16114814814814815	0.6488175499880953	0.2368808182845591
1	5	kNN (test)	0.8027777777777778	0.5392089088262101	0.1658703703703704	0.6595914118555174	0.242771720781123
1	5	Normalized kNN (test)	0.7036296296296296	0.4973445914535763	0.16233333333333333	0.6491326291748836	0.23809415713285656
1	5	kNN (full)	0.5924444444444444	0.5235108884670395	0.1569814814814815	0.6188898513562165	0.22890430089904065
1	1	Average Rating	0.5242592592592593	0.526894084726518	0.1675185185185185	0.6644369721342722	0.245069621487979
1	1	iMF (test)	0.5242592592592593	0.580083494638189	0.17070370370370372	0.6704294337449015	0.24867640362201393
1	1	Normalized kNN (full)	0.135	0.2719672508155426	0.06490740740740741	0.25680059944971784	0.09305523337824415
1	1	Random	0.5242592592592593	0.4841191797488236	0.1652037037037037	0.6577033134829512	0.24194818939130242
1	1	iMF (full)	0.5242592592592593	0.5745358572614017	0.17005555555555557	0.6691798322518075	0.24792909162300175
1	1	Popularity	0.5242592592592593	0.5443505170985113	0.16755555555555557	0.6632697811624464	0.24492728606563186
1	1	kNN (test)	0.5128333333333334	0.5706193667860395	0.16977777777777778	0.6669537160435431	0.24743553803811896
1	1	Normalized kNN (test)	0.4762962962962963	0.5540078550267538	0.1675	0.658357177499817	0.24412986210497942
1	1	kNN (full)	0.4177592592592593	0.5457717244575601	0.15933333333333333	0.6231440578761236	0.2316505847335148
1	0	Average Rating	0.4339074074074074	0.5766756694575503	0.1696666666666667	0.6683897391798755	0.24752913323428727
1	0	iMF (test)	0.4339074074074074	0.5865346185564245	0.1711111111111111	0.6707443599323971	0.2490638350478777
1	0	Normalized kNN (full)	0.1348703703703704	0.27197671606808793	0.06490740740740741	0.25680059944971784	0.09305523337824415
1	0	Random	0.4339074074074074	0.5354904843566157	0.16707407407407407	0.6625656240108824	0.2442342309656072
1	0	iMF (full)	0.4339074074074074	0.5800474118587394	0.17087037037037037	0.6704649681170158	0.24888685187737367
1	0	Popularity	0.4339074074074074	0.5523323927997482	0.16853703703703704	0.6653878133360343	0.24614359585249548
1	0	kNN (test)	0.4323888888888889	0.5741635859345398	0.17007407407407407	0.6677855796531846	0.24781881059154115
1	0	Normalized kNN (test)	0.4237777777777778	0.5775313758629055	0.168	0.659306162157135	0.2447173033768144
1	0	kNN (full)	0.3924074074074074	0.5480443031581256	0.15964814814814815	0.6236428887777322	0.23202377456525297
5	50	Average Rating	1.0	0.1237497050732762	0.061537037037037036	0.24627466025950895	0.08943639988936081
5	50	iMF (test)	1.0	0.4512199596550613	0.13946296296296296	0.5605202726719599	0.2042336960692548
5	50	Normalized kNN (full)	0.17762962962962964	0.25480116181586115	0.06559259259259259	0.25530877038074523	0.09415123262705646
5	50	Random	1.0	0.06877640704611765	0.031370370370370375	0.11791862085986483	0.044390834347444896
5	50	iMF (full)	1.0	0.44747108756702986	0.1385925925925926	0.5565123993255797	0.20257949965709762
5	50	Popularity	1.0	0.3644081916052173	0.11488888888888889	0.46683787388962955	0.16849452459599068
5	50	kNN (test)	1.0	0.4374464943735658	0.1373148148148148	0.5557123258764365	0.2012488359413152
5	50	Normalized kNN (test)	1.0	0.18899505251128468	0.08305555555555555	0.36464171338751455	0.12468266758963277
5	50	kNN (full)	0.9999814814814814	0.4260698211167018	0.12985185185185186	0.5222117712330464	0.18980986898950727
5	100	Average Rating	1.0	0.04170989997584577	0.020981481481481483	0.07782786415344115	0.029487940865399926
5	100	iMF (test)	1.0	0.4111377291754732	0.12783333333333335	0.5182657890859573	0.18741122139907135
5	100	Normalized kNN (full)	0.23159259259259257	0.2445977339884679	0.06498148148148149	0.254997999110704	0.09377669900389143
5	100	Random	1.0	0.04083873706646015	0.01751851851851852	0.06760875252390958	0.024725436891663073
5	100	iMF (full)	1.0	0.4049402834423129	0.12635185185185185	0.5079835592255897	0.18466669755186343
5	100	Popularity	1.0	0.3037367634121859	0.09505555555555557	0.3935428697328133	0.14009699957399172
5	100	kNN (test)	1.0	0.4014898704320125	0.12511111111111112	0.509623039194415	0.1835168152230634
5	100	Normalized kNN (test)	1.0	0.1044601769832481	0.04874074074074074	0.21865147740699922	0.07373394463204111
5	100	kNN (full)	1.0	0.3909209295620268	0.11903703703703705	0.4811789477982622	0.17406562887655513
5	20	Average Rating	1.0	0.23649123382610207	0.11144444444444446	0.45065569593012833	0.16306027509793367
5	20	iMF (test)	1.0	0.4865953157359095	0.1537962962962963	0.613281704156784	0.22462391589621702
5	20	Normalized kNN (full)	0.16557407407407407	0.2579997189939653	0.06603703703703705	0.25550962916367104	0.09440562210975603
5	20	Random	1.0	0.15453071114620706	0.06912962962962964	0.27450456982005805	0.10025550199420627
5	20	iMF (full)	1.0	0.47815994524699024	0.1514074074074074	0.6039102437188167	0.22109894002859468
5	20	Popularity	1.0	0.3891423490975317	0.12798148148148147	0.5191790014591068	0.18786600257334643
5	20	kNN (test)	1.0	0.4608458399565628	0.14951851851851852	0.6024195923753697	0.21922647766515777
5	20	Normalized kNN (test)	0.9998518518518518	0.2983685602935763	0.12616666666666668	0.5307827092748947	0.18729426694363416
5	20	kNN (full)	0.9711851851851852	0.4580712949393671	0.14464814814814816	0.5797685338958157	0.2114931607027783
5	500	Average Rating	1.0	0.002307403027163492	0.0011481481481481481	0.0039247587380141285	0.0015043632092051075
5	500	iMF (test)	1.0	0.21993375638263102	0.07468518518518519	0.31178594355366424	0.11031045966501511
5	500	Normalized kNN (full)	0.7643333333333333	0.1641441885183025	0.05768518518518519	0.23732800435183815	0.08484518854204581
5	500	Random	1.0	0.007822322976921878	0.003740740740740741	0.01266154585988794	0.00501195987480723
5	500	iMF (full)	1.0	0.22912466878482307	0.07574074074074075	0.31129598607797204	0.11107696084047905
5	500	Popularity	1.0	0.14471097896982554	0.052037037037037034	0.21733166274781393	0.07663288794179558
5	500	kNN (test)	1.0	0.21192989384067876	0.06998148148148149	0.2927477270268782	0.1031633754899667
5	500	Normalized kNN (test)	1.0	0.006839313141444292	0.003388888888888889	0.013874289237835534	0.004887460484450508
5	500	kNN (full)	1.0	0.22319896062398414	0.07372222222222223	0.30745613439843444	0.10849651496568692
5	1000	Average Rating	1.0	0.0016536457453755096	7.037037037037038E-4	0.002894179894179894	0.0010021176777712726
5	1000	iMF (test)	1.0	0.14815612197207195	0.05275925925925926	0.2215011149858006	0.0779003501689311
5	1000	Normalized kNN (full)	0.9797777777777779	0.1134982301116909	0.044222222222222225	0.18592360144002013	0.06580731759916038
5	1000	Random	1.0	0.003818753360482525	0.0020185185185185184	0.006484902028822535	0.002633482705628204
5	1000	iMF (full)	1.0	0.16925175313234186	0.05703703703703704	0.2375301748057093	0.08396251207625102
5	1000	Popularity	1.0	0.09394612391385448	0.03553703703703704	0.14760245365434574	0.0522151633841417
5	1000	kNN (test)	1.0	0.15476263858896624	0.05218518518518519	0.21979684787195714	0.07705208606241032
5	1000	Normalized kNN (test)	1.0	0.0027395409626866777	0.0012037037037037038	0.005499224275126894	0.001727766740451639
5	1000	kNN (full)	1.0	0.16143217358298798	0.05507407407407408	0.22920276684116503	0.08096169688316182
5	200	Average Rating	1.0	0.012192371934727875	0.006814814814814815	0.024881734150231337	0.0093089348502888
5	200	iMF (test)	1.0	0.3131424354751668	0.10383333333333335	0.42809292422683737	0.15272014412960455
5	200	Normalized kNN (full)	0.42966666666666664	0.20944128430520756	0.0635925925925926	0.25332808197253076	0.09242019513936858
5	200	Random	1.0	0.01747685936855174	0.008925925925925926	0.029095777970265673	0.011955716252919952
5	200	iMF (full)	1.0	0.3153918694498917	0.10368518518518519	0.4233744064061796	0.15194668406152526
5	200	Popularity	1.0	0.20225651247101092	0.07205555555555555	0.2998033415740629	0.1061272799908387
5	200	kNN (test)	1.0	0.28760799969337897	0.09714814814814815	0.4044636011104684	0.14320944560954044
5	200	Normalized kNN (test)	1.0	0.027500845087776525	0.013537037037037038	0.05923171755876271	0.020183895866573445
5	200	kNN (full)	1.0	0.29716900054212797	0.09746296296296297	0.4012470776656626	0.1432409337192827
5	2	Average Rating	0.6092592592592593	0.5079293910920634	0.1665925925925926	0.6589343287914864	0.2433329920860027
5	2	iMF (test)	0.6092592592592593	0.5749998888935101	0.17151851851851851	0.6673076182082269	0.24876415608857294
5	2	Normalized kNN (full)	0.13772222222222222	0.2702350034465371	0.06640740740740741	0.25568724715829105	0.0946312081876396
5	2	Random	0.6092592592592593	0.4694904569831288	0.1634814814814815	0.6501300210044495	0.23910066205484937
5	2	iMF (full)	0.6092592592592593	0.5717566448578615	0.17148148148148148	0.6670983706559496	0.24871120123977414
5	2	Popularity	0.6092592592592593	0.544374372965846	0.1684074074074074	0.6616993941691791	0.24521456977146347
5	2	kNN (test)	0.5661296296296296	0.5726568556037315	0.1711666666666667	0.6652775214267687	0.24831333256705815
5	2	Normalized kNN (test)	0.4899814814814815	0.5527185378481536	0.1688148148148148	0.6571470806890939	0.24500857881999022
5	2	kNN (full)	0.4362407407407407	0.5440162600634985	0.16033333333333336	0.6214526779943831	0.23210317466051564
5	10	Average Rating	0.9993333333333333	0.3594357849702559	0.1385185185185185	0.5668474475672386	0.20366803049216659
5	10	iMF (test)	0.9993333333333333	0.5116842679745712	0.16305555555555556	0.6446078329108573	0.2376494445233706
5	10	Normalized kNN (full)	0.16135185185185186	0.2599252133521742	0.06625925925925927	0.25562777778977275	0.09454856648030605
5	10	Random	0.9993333333333333	0.26487537662586264	0.115	0.4772890633926528	0.16954193105516532
5	10	iMF (full)	0.9993333333333333	0.500310846388467	0.16044444444444445	0.6355365457443275	0.23410619442317965
5	10	Popularity	0.9993333333333333	0.41716236581714566	0.14183333333333334	0.5822213708486984	0.20897975070043667
5	10	kNN (test)	0.9885555555555555	0.48368856099453433	0.15931481481481483	0.6369030777927603	0.23319534746755102
5	10	Normalized kNN (test)	0.9459444444444445	0.4090017716137643	0.1533888888888889	0.6227297893994466	0.22569596670862485
5	10	kNN (full)	0.8251666666666666	0.4800650940942809	0.15368518518518517	0.6081867133778334	0.22408489597907807
5	5	Average Rating	0.8386481481481481	0.48497163218488504	0.15835185185185185	0.638514498878601	0.23242478501606034
5	5	iMF (test)	0.8386481481481481	0.5554543993879287	0.16931481481481483	0.6627166868302247	0.24608416323423019
5	5	Normalized kNN (full)	0.14229629629629628	0.2684234722061567	0.06638888888888889	0.2556808614622502	0.09462171151147626
5	5	Random	0.8386481481481481	0.3826953988264545	0.15053703703703702	0.6181635522054282	0.22197279712245324
5	5	iMF (full)	0.8386481481481481	0.5465601447252589	0.1682962962962963	0.6601733382018012	0.2447880508102463
5	5	Popularity	0.8386481481481481	0.48888729019688376	0.1609814814814815	0.6453652782629985	0.23595279162982374
5	5	kNN (test)	0.7996851851851852	0.5420514294314415	0.16742592592592592	0.6579871463150633	0.24383345556323804
5	5	Normalized kNN (test)	0.7111111111111111	0.4925405867928999	0.1645	0.6498261944862759	0.24006775331665844
5	5	kNN (full)	0.6038888888888889	0.5249198405863997	0.1583888888888889	0.6180552108761334	0.22987697937581875
5	1	Average Rating	0.5214814814814814	0.5488364232709882	0.1695	0.664276720991395	0.24671943057614967
5	1	iMF (test)	0.5214814814814814	0.5801646151499237	0.1721111111111111	0.6688575971263113	0.24960450371485957
5	1	Normalized kNN (full)	0.1371851851851852	0.2702786388647629	0.06640740740740741	0.25568724715829105	0.0946312081876396
5	1	Random	0.5214814814814814	0.48728553957332	0.16646296296296295	0.6568518830676497	0.24280754503922966
5	1	iMF (full)	0.5214814814814814	0.5739867651254928	0.1716851851851852	0.6675835765508777	0.2489779534331983
5	1	Popularity	0.5214814814814814	0.5448279582317831	0.16853703703703704	0.6620234682432532	0.24538986258564519
5	1	kNN (test)	0.5106481481481482	0.5734657631166954	0.1713148148148148	0.6657899472725279	0.24850160535091917
5	1	Normalized kNN (test)	0.4750185185185185	0.557386221883579	0.16905555555555554	0.6576176180735201	0.24527430206653567
5	1	kNN (full)	0.42164814814814816	0.545181659590362	0.16042592592592594	0.6217009944926996	0.2322254906161649
5	0	Average Rating	0.4310740740740741	0.5773942801146915	0.17162962962962963	0.667890971271495	0.24914831636585405
5	0	iMF (test)	0.4310740740740741	0.584902809303594	0.1726111111111111	0.6695450136912364	0.2501096540270538
5	0	Normalized kNN (full)	0.13696296296296298	0.27037252806012185	0.06640740740740741	0.25568724715829105	0.0946312081876396
5	0	Random	0.4310740740740741	0.5364556932370046	0.1687962962962963	0.6616098242573897	0.24544495648023484
5	0	iMF (full)	0.4310740740740741	0.5781933381455118	0.17251851851851852	0.6692116282830961	0.2500016349652188
5	0	Popularity	0.4310740740740741	0.5528902362583454	0.16953703703703704	0.6639319846239917	0.24660636846188622
5	0	kNN (test)	0.4292592592592593	0.575964203724108	0.17166666666666666	0.6665608975157004	0.2489384716035749
5	0	Normalized kNN (test)	0.4200185185185185	0.5778181957922586	0.1696851851851852	0.6588408644773222	0.24602257750692194
5	0	kNN (full)	0.3887777777777778	0.5482410443626933	0.1605925925925926	0.6219715706243868	0.2324254658629238
4	50	Average Rating	1.0	0.11056870740496345	0.05418518518518519	0.22650663462911869	0.07991084154854382
4	50	iMF (test)	1.0	0.4474443146980727	0.13612962962962963	0.5593130333168937	0.20085933892138882
4	50	Normalized kNN (full)	0.16942592592592592	0.25475866992848745	0.06403703703703705	0.2532865653973508	0.09258694950973284
4	50	Random	1.0	0.06777322737871752	0.030500000000000003	0.1153146150608664	0.04372453733400744
4	50	iMF (full)	1.0	0.4478454104165276	0.13616666666666669	0.5544415715536227	0.20039606041054744
4	50	Popularity	1.0	0.37032173607517965	0.11648148148148148	0.48209847480189627	0.17218939162751312
4	50	kNN (test)	1.0	0.43563819044295593	0.13642592592592592	0.5617057430673319	0.2015198297815789
4	50	Normalized kNN (test)	1.0	0.18071302854308302	0.08237037037037037	0.3652598030916213	0.12437404620936088
4	50	kNN (full)	0.9999629629629629	0.4228056700338966	0.12842592592592592	0.5268147750185004	0.18925375355415192
4	100	Average Rating	1.0	0.0520727115962657	0.02725925925925926	0.10929085548925145	0.03949052494539176
4	100	iMF (test)	1.0	0.40618617142028673	0.12474074074074075	0.5178470044010637	0.1846776467428578
4	100	Normalized kNN (full)	0.21481481481481482	0.24411397344639144	0.06368518518518519	0.253094087498477	0.09237777340923721
4	100	Random	1.0	0.03709512853223893	0.017037037037037038	0.06581719873781777	0.024106281934667736
4	100	iMF (full)	1.0	0.400223125250454	0.1237962962962963	0.5083671866628763	0.18240930576832814
4	100	Popularity	1.0	0.31137749537052173	0.09646296296296296	0.4062819089650958	0.14316835742910083
4	100	kNN (test)	1.0	0.39604399716350996	0.12316666666666667	0.5117892980454256	0.1822089942848398
4	100	Normalized kNN (test)	1.0	0.10114959466644677	0.04742592592592593	0.21577761333558296	0.07210553421523934
4	100	kNN (full)	1.0	0.3841482889837332	0.11657407407407408	0.48060430801569554	0.17180706607680307
4	20	Average Rating	1.0	0.23606757354212457	0.11037037037037037	0.4581079043809209	0.16325066579962305
4	20	iMF (test)	1.0	0.4804757847933403	0.14914814814814814	0.6077649839181269	0.21973842583370942
4	20	Normalized kNN (full)	0.16168518518518518	0.2574289399420878	0.06446296296296297	0.25359591141067533	0.0928735705475146
4	20	Random	1.0	0.1567262321329298	0.06753703703703703	0.2769399255698385	0.09881419526267878
4	20	iMF (full)	1.0	0.4724417742676994	0.14733333333333334	0.5991527186686704	0.21696334063278183
4	20	Popularity	1.0	0.38635771082928716	0.12525925925925926	0.5179366311495556	0.18530319361095052
4	20	kNN (test)	1.0	0.45376458871805603	0.14557407407407408	0.5969363483482898	0.21502723632058326
4	20	Normalized kNN (test)	0.9999629629629629	0.2960797932316297	0.12579629629629632	0.535081818427041	0.18806657618700398
4	20	kNN (full)	0.9718333333333332	0.45173205019333584	0.1415925925925926	0.5772226386459416	0.2085697843522553
4	500	Average Rating	1.0	0.006399852666055205	0.003740740740740741	0.015366487878267866	0.005366887895513522
4	500	iMF (test)	1.0	0.21036290941612762	0.07061111111111111	0.30308604049215515	0.10544131495295778
4	500	Normalized kNN (full)	0.7726296296296296	0.1562621396984139	0.05561111111111111	0.234260065239937	0.08284279487585526
4	500	Random	1.0	0.008076849549274536	0.003851851851851852	0.013542222535086166	0.0052768161624118445
4	500	iMF (full)	1.0	0.22213868122581604	0.07374074074074073	0.3124258071597803	0.10924657396454578
4	500	Popularity	1.0	0.13509304823723323	0.048481481481481487	0.20246163093792507	0.07153167673813937
4	500	kNN (test)	1.0	0.1917902179788573	0.06570370370370371	0.2811327746183819	0.09757371470539834
4	500	Normalized kNN (test)	1.0	0.008300488919199841	0.004	0.01694494637085724	0.005888742387982728
4	500	kNN (full)	1.0	0.2065468151119979	0.06987037037037037	0.2966641357152148	0.10356519061445117
4	1000	Average Rating	1.0	0.0018997901492690526	9.074074074074074E-4	0.003582561153976333	0.0012493062751408781
4	1000	iMF (test)	1.0	0.14857478995517195	0.05157407407407407	0.22056068478155214	0.07688688284553148
4	1000	Normalized kNN (full)	0.9823518518518518	0.10953711837436075	0.04203703703703704	0.1802154033853569	0.06321078659607375
4	1000	Random	1.0	0.003585514339486138	0.0017592592592592592	0.006842379171497546	0.0024212282821405077
4	1000	iMF (full)	1.0	0.16553350409816642	0.055092592592592596	0.2337700558568073	0.08173602873144895
4	1000	Popularity	1.0	0.0911746035415355	0.033944444444444444	0.14434085066040483	0.050253400276762256
4	1000	kNN (test)	1.0	0.14743104719595573	0.050277777777777775	0.21329419757130003	0.07453065507309738
4	1000	Normalized kNN (test)	1.0	0.00336960994912464	0.0013703703703703705	0.005974351849889603	0.001997039598232122
4	1000	kNN (full)	1.0	0.15553849461533611	0.05407407407407407	0.22683644514889192	0.07994972758374846
4	200	Average Rating	1.0	0.01061379985199102	0.005703703703703704	0.02143455841920379	0.007944145856459068
4	200	iMF (test)	1.0	0.31337089252242567	0.10148148148148148	0.42821812664436687	0.15073124310454336
4	200	Normalized kNN (full)	0.41224074074074074	0.20880716402769486	0.062	0.2514101032313805	0.09086581097219226
4	200	Random	1.0	0.020110588990201156	0.009240740740740742	0.03476912079038864	0.012833644170161765
4	200	iMF (full)	1.0	0.31598219273240896	0.10353703703703704	0.4304640839262419	0.15287972630735414
4	200	Popularity	1.0	0.2041670346413623	0.07246296296296297	0.30629986680935073	0.1074266824559454
4	200	kNN (test)	1.0	0.2844518299200055	0.09785185185185184	0.41215934737610777	0.1452577602235205
4	200	Normalized kNN (test)	1.0	0.03136593502166308	0.014703703703703705	0.06809413224216566	0.022390339923188545
4	200	kNN (full)	1.0	0.29187577570396955	0.09662962962962965	0.40275443805259303	0.14275640952085306
4	2	Average Rating	0.6032592592592593	0.5328534357931157	0.1634074074074074	0.6567427891945931	0.24028012495326725
4	2	iMF (test)	0.6032592592592593	0.5551968750945727	0.16703703703703704	0.6612349822374209	0.24422042369892233
4	2	Normalized kNN (full)	0.13885185185185187	0.26847791448326985	0.06494444444444444	0.2537913244533425	0.093138129107979
4	2	Random	0.6032592592592593	0.4420065293335262	0.16037037037037036	0.6476951292504842	0.2361066578099286
4	2	iMF (full)	0.6032592592592593	0.549584563167017	0.16655555555555554	0.6606472534515899	0.2437703068864334
4	2	Popularity	0.6032592592592593	0.4950533970124271	0.16164814814814815	0.6520977608863171	0.23810586103185066
4	2	kNN (test)	0.5965185185185184	0.5379764959306274	0.16518518518518518	0.6578496830642067	0.24221034601022334
4	2	Normalized kNN (test)	0.5627592592592593	0.5185432734347032	0.16294444444444445	0.6477656402210958	0.23871225099215676
4	2	kNN (full)	0.5051851851851852	0.5225862252011075	0.15596296296296297	0.617207673117907	0.22787937325225205
4	10	Average Rating	0.9995	0.3637099204815926	0.13425925925925927	0.5617588494576431	0.19913489919769614
4	10	iMF (test)	0.9995	0.5034076333435374	0.1582962962962963	0.6370760495175128	0.23260634623343834
4	10	Normalized kNN (full)	0.15746296296296297	0.25959327226697454	0.0647962962962963	0.2537210525457795	0.09304680150527825
4	10	Random	0.9995	0.2731372009067311	0.11312962962962962	0.4791333019249193	0.16820538630538598
4	10	iMF (full)	0.9995	0.49344965930683254	0.15664814814814815	0.6329789896397289	0.23042721931797663
4	10	Popularity	0.9995	0.4144784406798284	0.13892592592592592	0.5802269287510893	0.2060493710809972
4	10	kNN (test)	0.9896851851851852	0.4778103431734697	0.15538888888888888	0.6326202144522869	0.22921106948650471
4	10	Normalized kNN (test)	0.9480555555555555	0.417344545336158	0.14974074074074076	0.6159440574249647	0.22176956544173052
4	10	kNN (full)	0.8253148148148148	0.47372768744156424	0.14998148148148147	0.6029681295016219	0.2202079107019259
4	5	Average Rating	0.8396111111111111	0.47420885393642676	0.1555	0.6392974165174065	0.2301096688387003
4	5	iMF (test)	0.8396111111111111	0.5494205864175356	0.16518518518518518	0.6566346741093351	0.24188716107620356
4	5	Normalized kNN (full)	0.13942592592592593	0.2683357035499815	0.06494444444444444	0.2537913244533425	0.093138129107979
4	5	Random	0.8396111111111111	0.38102363867866257	0.1484074074074074	0.6185392993814185	0.22061292739108412
4	5	iMF (full)	0.8396111111111111	0.5414192229926779	0.16425925925925927	0.6548139469325063	0.2407245049613346
4	5	Popularity	0.8396111111111111	0.48521779638659324	0.15764814814814815	0.642570056594724	0.23281779133962716
4	5	kNN (test)	0.804074074074074	0.5346502645170202	0.16403703703703704	0.6556803642143323	0.24078544046023176
4	5	Normalized kNN (test)	0.7154074074074074	0.4999061665446247	0.16035185185185186	0.6435287444832185	0.23571475881864473
4	5	kNN (full)	0.6006666666666667	0.518615351548349	0.15514814814814817	0.6153279700020928	0.2268731490253966
4	1	Average Rating	0.5197407407407407	0.5489747785282458	0.16570370370370371	0.6605845842308324	0.24297313516628352
4	1	iMF (test)	0.5197407407407407	0.5734740037725807	0.16803703703703704	0.6634254447151642	0.24550376607234212
4	1	Normalized kNN (full)	0.1345740740740741	0.2698687679037009	0.06496296296296296	0.25380367013235483	0.0931529439227938
4	1	Random	0.5197407407407407	0.48689847205839737	0.16312962962962962	0.6525727055138069	0.23944141501610317
4	1	iMF (full)	0.5197407407407407	0.5698841588544951	0.16774074074074075	0.6630203146808584	0.24518644465112638
4	1	Popularity	0.5197407407407407	0.5367906736752387	0.1645185185185185	0.6570855354486059	0.24140222550232654
4	1	kNN (test)	0.5127222222222222	0.5648757585236889	0.16698148148148148	0.6607598417783778	0.24421676224669034
4	1	Normalized kNN (test)	0.47798148148148145	0.5543865688349279	0.1647777777777778	0.6508728545844377	0.24083344954123317
4	1	kNN (full)	0.4228703703703704	0.5393202996529649	0.1570185185185185	0.6187564232361016	0.22904917550190168
4	0	Average Rating	0.42942592592592593	0.573270555392706	0.1675	0.6634666797587614	0.24505293228774994
4	0	iMF (test)	0.42942592592592593	0.5795772470691993	0.1686111111111111	0.6643802366703646	0.24612463055031317
4	0	Normalized kNN (full)	0.13431481481481483	0.2699525806390827	0.06496296296296296	0.25380367013235483	0.0931529439227938
4	0	Random	0.42942592592592593	0.5341241313882414	0.16505555555555557	0.6569520284226156	0.24186983658695238
4	0	iMF (full)	0.42942592592592593	0.5751372667411603	0.16844444444444445	0.6642815375451132	0.2460009211222721
4	0	Popularity	0.42942592592592593	0.5466374252230087	0.16594444444444445	0.6598415011906827	0.24311933132551253
4	0	kNN (test)	0.4275740740740741	0.5680543432043681	0.1675	0.6619206362308389	0.24484996108641655
4	0	Normalized kNN (test)	0.41801851851851857	0.5709790701632471	0.16540740740740742	0.6520379800967855	0.24158002112991564
4	0	kNN (full)	0.3874074074074074	0.5419481380945499	0.15731481481481482	0.61930962723375	0.22941378559367895
3	2	Average Rating	0.6078703703703704	0.4363276252761231	0.1647962962962963	0.6550887439810893	0.24168426838051568
3	2	iMF (test)	0.6078703703703704	0.5762263043155963	0.16957407407407407	0.6640270995244858	0.24709944229029535
3	2	Normalized kNN (full)	0.13462962962962963	0.27117460322520015	0.0662962962962963	0.2538159681868047	0.09452366077415555
3	2	Random	0.6078703703703704	0.4426418162858056	0.16212962962962962	0.6479752666614008	0.23821352776293422
3	2	iMF (full)	0.6078703703703704	0.5701838794736201	0.16911111111111113	0.6625106662105997	0.24645456350576872
3	2	Popularity	0.6078703703703704	0.542563128883564	0.16655555555555554	0.6580358609531036	0.24369492829025405
3	2	kNN (test)	0.5674074074074074	0.5688160744231051	0.1686666666666667	0.6615729200960201	0.245954731544864
3	2	Normalized kNN (test)	0.4882592592592592	0.5455087313641342	0.1659074074074074	0.650646370346378	0.24195911027668007
3	2	kNN (full)	0.43427777777777776	0.54481637429373	0.15844444444444444	0.6189290719197947	0.2304183424942198
3	10	Average Rating	0.9995	0.3503484703134879	0.14200000000000002	0.5773442184009028	0.20899236401398855
3	10	iMF (test)	0.9995	0.5104133425215238	0.16135185185185186	0.6405906120273702	0.23607510862832012
3	10	Normalized kNN (full)	0.15761111111111112	0.2610775545868491	0.06601851851851852	0.25366520359764416	0.09433510483460501
3	10	Random	0.9995	0.28050789189776015	0.11314814814814815	0.47241394648970897	0.167243934881546
3	10	iMF (full)	0.9995	0.5026343299237467	0.15933333333333333	0.634545668672222	0.23330894487630868
3	10	Popularity	0.9995	0.4224378747419698	0.1423148148148148	0.5851806735285485	0.21044359000879723
3	10	kNN (test)	0.9907407407407407	0.4834180775333832	0.15705555555555556	0.6323343183897242	0.23088346545162575
3	10	Normalized kNN (test)	0.9417222222222222	0.41599435536685475	0.15079629629629632	0.6154667134821561	0.22268671814694643
3	10	kNN (full)	0.8212777777777777	0.48205213198091895	0.1517037037037037	0.6048437096310118	0.22215220351479056
3	5	Average Rating	0.8395185185185184	0.4197720882685586	0.15953703703703703	0.6411161153617215	0.23463039764349822
3	5	iMF (test)	0.8395185185185184	0.551502158641154	0.1670925925925926	0.658131786289071	0.24394371338742757
3	5	Normalized kNN (full)	0.13890740740740742	0.26946131598044104	0.06620370370370371	0.2537683649171017	0.09446188338830411
3	5	Random	0.8395185185185184	0.3803529799506416	0.14981481481481482	0.6158100878151818	0.22179225998179497
3	5	iMF (full)	0.8395185185185184	0.5454046418384861	0.16631481481481483	0.6564022065080819	0.2429634024072136
3	5	Popularity	0.8395185185185184	0.4883690711824168	0.1596851851851852	0.6424577967233597	0.23505433337785298
3	5	kNN (test)	0.8039074074074075	0.5398493485370404	0.16535185185185186	0.6551103850491572	0.24196272605783106
3	5	Normalized kNN (test)	0.7138333333333333	0.5009717565492552	0.1618703703703704	0.6430908605679853	0.23713536860552498
3	5	kNN (full)	0.6012407407407407	0.5256318991124513	0.15651851851851853	0.6156554344871632	0.22818550016734085
3	1	Average Rating	0.5195925925925926	0.5546363091167427	0.16787037037037036	0.659885513234453	0.24505443413167996
3	1	iMF (test)	0.5195925925925926	0.5800516520579309	0.16992592592592592	0.6646536968862139	0.24757564259853182
3	1	Normalized kNN (full)	0.1345185185185185	0.2711828265885516	0.0662962962962963	0.2538159681868047	0.09452366077415555
3	1	Random	0.5195925925925926	0.4842343434292518	0.16448148148148148	0.6534830451957111	0.24123125100099385
3	1	iMF (full)	0.5195925925925926	0.5734837486283287	0.16946296296296295	0.6634645516080158	0.24693156805445546
3	1	Popularity	0.5195925925925926	0.5428898647313931	0.16661111111111113	0.6581140502535151	0.24375860600305457
3	1	kNN (test)	0.5140740740740741	0.5697352215968977	0.16875925925925928	0.6617708250717029	0.24607056511025896
3	1	Normalized kNN (test)	0.47557407407407404	0.5536772681641172	0.16624074074074074	0.6511366582611829	0.24232364760139974
3	1	kNN (full)	0.4207592592592592	0.5457817026455539	0.1585925925925926	0.619101071127422	0.23057091844869634
3	0	Average Rating	0.42903703703703705	0.5702350667750669	0.16912962962962963	0.6622128135061978	0.2465533517968425
3	0	iMF (test)	0.42903703703703705	0.5827127121586532	0.17024074074074075	0.6649765143979203	0.24791490488256665
3	0	Normalized kNN (full)	0.13433333333333333	0.2711961519361779	0.0662962962962963	0.2538159681868047	0.09452366077415555
3	0	Random	0.42903703703703705	0.5318559397291839	0.1666851851851852	0.6573071240320624	0.2436434044327304
3	0	iMF (full)	0.42903703703703705	0.5790558991498211	0.16998148148148148	0.6643372384633416	0.24751272985281714
3	0	Popularity	0.42903703703703705	0.5518743251206983	0.16781481481481483	0.6604016230958265	0.24520960084452617
3	0	kNN (test)	0.4271111111111111	0.5718976524396645	0.16898148148148148	0.6621921948541838	0.24634206106579346
3	0	Normalized kNN (test)	0.4176296296296296	0.568888248995817	0.16675925925925925	0.6521265973344553	0.2429471392214514
3	0	kNN (full)	0.38701851851851854	0.5471876300723018	0.15868518518518518	0.619306538499556	0.23068992716329328
3	500	Average Rating	1.0	0.0034045015271813852	0.0016851851851851852	0.006274041240858851	0.002405807728032817
3	500	iMF (test)	1.0	0.219767163340038	0.07379629629629629	0.3086176591534548	0.10924962399606891
3	500	Normalized kNN (full)	0.721	0.16576380029406865	0.05809259259259259	0.23869644073119642	0.08607051784208608
3	500	Random	1.0	0.00873282476981751	0.0037592592592592595	0.013820687951105746	0.00520789040888106
3	500	iMF (full)	1.0	0.23825125611850279	0.07774074074074075	0.3219956570585401	0.11463298340497717
3	500	Popularity	1.0	0.15505568115045412	0.05683333333333334	0.23342642506160283	0.08388222146246131
3	500	kNN (test)	1.0	0.2187701329175846	0.07272222222222222	0.3032345658304883	0.10761052228347963
3	500	Normalized kNN (test)	1.0	0.00834757535132456	0.003851851851851852	0.015526215403891762	0.00556936685300035
3	500	kNN (full)	1.0	0.22736335835980404	0.07481481481481482	0.3085634978096153	0.11038935096986645
3	1000	Average Rating	1.0	0.002165550834836766	0.0010555555555555557	0.004102480238359151	0.0015374772106224923
3	1000	iMF (test)	1.0	0.1521520189378247	0.05353703703703704	0.22337888625850935	0.07907498320598565
3	1000	Normalized kNN (full)	0.9807592592592593	0.11051129774153545	0.043555555555555556	0.18191117914084962	0.0649411100798223
3	1000	Random	1.0	0.0047085253278931136	0.002203703703703704	0.007515851092567668	0.003015695095261034
3	1000	iMF (full)	1.0	0.17071671715341213	0.05772222222222222	0.23640289325039998	0.08493369663826865
3	1000	Popularity	1.0	0.09515328782078136	0.03564814814814815	0.14675062515265894	0.05246785349527822
3	1000	kNN (test)	1.0	0.1560135619985694	0.05251851851851852	0.21849454404572827	0.07757093111108525
3	1000	Normalized kNN (test)	1.0	0.003493627131878784	0.0015925925925925925	0.006237477521143286	0.0022693670073545783
3	1000	kNN (full)	1.0	0.16297891301753378	0.05524074074074074	0.22852003706351082	0.08135221278737308
3	200	Average Rating	1.0	0.01197029438931692	0.005888888888888889	0.022436776950805055	0.008147400418480133
3	200	iMF (test)	1.0	0.3101465469401541	0.10168518518518518	0.41801379749643	0.14986839105106192
3	200	Normalized kNN (full)	0.41729629629629633	0.20923998131700142	0.06344444444444444	0.2516767766974144	0.09238783053818517
3	200	Random	1.0	0.017587542743583318	0.008611111111111111	0.02955079274574592	0.011737383427221276
3	200	iMF (full)	1.0	0.31552671934663046	0.10290740740740742	0.4201167026432629	0.15128008612750263
3	200	Popularity	1.0	0.20704959404082793	0.07350000000000001	0.30329458043304086	0.10862008205453727
3	200	kNN (test)	1.0	0.2871250595982421	0.0972037037037037	0.40338157895427157	0.14368102468164592
3	200	Normalized kNN (test)	1.0	0.03340770872355499	0.016092592592592592	0.06872684349792355	0.023879690441945416
3	200	kNN (full)	1.0	0.29601228676147373	0.0972777777777778	0.3966930010915343	0.14310323207602751
3	20	Average Rating	1.0	0.23488065550485665	0.11533333333333334	0.4727667792937134	0.1701845498704346
3	20	iMF (test)	1.0	0.4858656601499877	0.15222222222222223	0.6092824591889554	0.22324040755333774
3	20	Normalized kNN (full)	0.16075925925925927	0.25938836051469827	0.06577777777777778	0.25355493531443035	0.09418970207717517
3	20	Random	1.0	0.15971486721316366	0.06820370370370371	0.2775908091899696	0.09974504337286887
3	20	iMF (full)	1.0	0.4780352509190521	0.15009259259259258	0.5991770845169011	0.21984987100703116
3	20	Popularity	1.0	0.39382671217265025	0.12785185185185186	0.5229219868505479	0.18866276963921869
3	20	kNN (test)	1.0	0.45902993332575803	0.1471851851851852	0.5958412351170329	0.2165072586455669
3	20	Normalized kNN (test)	0.9998333333333334	0.2901434484550778	0.12457407407407409	0.5259278571825745	0.18562012624964022
3	20	kNN (full)	0.9675925925925926	0.4602460827453889	0.1436666666666667	0.5795850299963188	0.2109484174872126
3	100	Average Rating	1.0	0.03668684258919953	0.016185185185185188	0.060211048520247	0.02254084369237643
3	100	iMF (test)	1.0	0.4094514898332637	0.12646296296296297	0.5138954974893106	0.1859992485088273
3	100	Normalized kNN (full)	0.2225185185185185	0.24696451957998744	0.06468518518518519	0.2529229820541674	0.09345218825117774
3	100	Random	1.0	0.03780190455669057	0.017425925925925928	0.0632928126677332	0.024296594147201114
3	100	iMF (full)	1.0	0.4067629452472663	0.12625925925925927	0.5099012228179457	0.18528009814880006
3	100	Popularity	1.0	0.312062247760059	0.09487037037037038	0.394150951994784	0.14059404489211186
3	100	kNN (test)	1.0	0.4023284460933983	0.12464814814814815	0.5095864610970763	0.18349344808486873
3	100	Normalized kNN (test)	1.0	0.0993414326744062	0.04644444444444445	0.2066928688043355	0.070238819124635
3	100	kNN (full)	1.0	0.3915184065778095	0.11883333333333335	0.48024351685286715	0.17423125322986485
3	50	Average Rating	1.0	0.14055312929797595	0.06951851851851852	0.2962137536000175	0.10339691982415504
3	50	iMF (test)	1.0	0.4569203658350241	0.13953703703703704	0.561859587317296	0.20484054516294284
3	50	Random	1.0	0.0743500633734059	0.03324074074074074	0.12652102889137543	0.04705553128022004
3	50	iMF (full)	1.0	0.45618110062768014	0.1398888888888889	0.5609460426704669	0.20487199213576407
3	50	Popularity	1.0	0.37420670349341806	0.11670370370370371	0.47922872857130905	0.17217777700635195
3	50	Normalized kNN (full)	0.16944444444444445	0.25740602975435267	0.0652962962962963	0.25331908276936377	0.09389072810713579
3	50	kNN (test)	1.0	0.4402756893896624	0.13722222222222222	0.5572059662451556	0.2017388195535012
3	50	kNN (full)	1.0	0.4311586336369071	0.13053703703703703	0.528143553804665	0.19160395686905665
3	50	Normalized kNN (test)	1.0	0.18510454758570244	0.08318518518518518	0.36328544897097803	0.12497181496790578
