fold	target size	recommender system	Coverage@10	nDCG@10	P@10	Recall@10	FScore@10
3	50	Average Rating	1.0	0.10567633620379747	0.04940740740740741	0.19671413937042234	0.07162314503558913
3	50	iMF (test)	1.0	0.4282641224447334	0.13514814814814816	0.546556203059076	0.19849056888686412
3	50	Normalized kNN (full)	1.0	0.2811119922197545	0.08046296296296296	0.3179796514019822	0.11658914724774631
3	50	Random	1.0	0.07112132983501986	0.03201851851851852	0.12233911872933369	0.045627421017665745
3	50	iMF (full)	1.0	0.42548353770790703	0.13383333333333333	0.5393185558177882	0.19632362450007493
3	50	Popularity	1.0	0.3249945252114754	0.10596296296296297	0.43733224592065173	0.156561273489418
3	50	kNN (test)	1.0	0.41301555828232167	0.1310740740740741	0.5321376770103979	0.19276059711835766
3	50	Normalized kNN (test)	1.0	0.14836390134375202	0.06733333333333334	0.28535612435172086	0.10014959156804545
3	50	kNN (full)	1.0	0.4084482739851384	0.12627777777777777	0.5102906852023262	0.18519804089123457
3	100	Average Rating	1.0	0.045357738019865895	0.02201851851851852	0.0853392356601567	0.031363178209380296
3	100	iMF (test)	1.0	0.36777040109233394	0.11842592592592592	0.484378553484208	0.17447987211092764
3	100	Normalized kNN (full)	1.0	0.24582820743207123	0.07177777777777779	0.28094582915281724	0.10405297556569318
3	100	Random	1.0	0.03856102144802034	0.01712962962962963	0.06420654994219929	0.024114273187255154
3	100	iMF (full)	1.0	0.3678595826250214	0.1165925925925926	0.4744920295888608	0.17131173961908844
3	100	Popularity	1.0	0.2667912425857565	0.08794444444444445	0.36446312990213825	0.13008258531191175
3	100	kNN (test)	1.0	0.3536238556773319	0.11285185185185184	0.4651133635746652	0.16648384003231137
3	100	Normalized kNN (test)	1.0	0.06521100574238661	0.03116666666666667	0.13297461082106787	0.04612468248901298
3	100	kNN (full)	1.0	0.3547132512005406	0.11127777777777777	0.4531004295960987	0.1635518196361086
3	20	Average Rating	1.0	0.2357110068127051	0.10262962962962964	0.42286439501777523	0.15137425371566418
3	20	iMF (test)	1.0	0.4952312386460525	0.15259259259259259	0.6099303606939119	0.22371598839546014
3	20	Normalized kNN (full)	1.0	0.33908700355532706	0.10211111111111111	0.408464263256529	0.14884977762020724
3	20	Random	1.0	0.16269845261539925	0.06981481481481482	0.2769426774436298	0.10148412114829473
3	20	iMF (full)	1.0	0.4888094927718422	0.15122222222222223	0.6040862779571137	0.221466596395794
3	20	Popularity	1.0	0.4043364072766957	0.131	0.5350976086446972	0.19320824208117662
3	20	kNN (test)	1.0	0.4812104376783508	0.14929629629629632	0.6008080749658418	0.21920770616241236
3	20	Normalized kNN (test)	1.0	0.2931693414062182	0.12118518518518519	0.5074979650238057	0.1800427395602435
3	20	kNN (full)	1.0	0.4730055634551682	0.14485185185185187	0.5810011929158279	0.21222568470988074
3	500	Average Rating	1.0	0.006641639070462878	0.003425925925925926	0.013236514207873681	0.004780531293034863
3	500	iMF (test)	1.0	0.20951210170903778	0.07157407407407407	0.29808788983223244	0.10574619550028337
3	500	Normalized kNN (full)	1.0	0.15914518093183697	0.0570925925925926	0.23468990012361474	0.08452414491543814
3	500	Random	1.0	0.008534999321344492	0.004111111111111111	0.013281540214756237	0.005559707288022178
3	500	iMF (full)	1.0	0.22455292711869612	0.07444444444444444	0.3051043787194425	0.10939392399704075
3	500	Popularity	1.0	0.13734955588153017	0.049685185185185186	0.2051959676925253	0.07338504817224097
3	500	kNN (test)	1.0	0.20841738293371287	0.06857407407407408	0.28608691796138414	0.10152854247437397
3	500	Normalized kNN (test)	1.0	0.005825048993186674	0.002962962962962963	0.010973292834398015	0.004074872991099852
3	500	kNN (full)	1.0	0.2161237178776382	0.0715925925925926	0.2957861208581286	0.10558792164858286
3	1000	Average Rating	1.0	0.002165550834836766	0.0010555555555555557	0.004102480238359151	0.0015374772106224923
3	1000	iMF (test)	1.0	0.152376068861535	0.05381481481481482	0.22524021238340583	0.07959373928010774
3	1000	Normalized kNN (full)	1.0	0.11062391166924745	0.043629629629629636	0.182210561856899	0.0650490746461202
3	1000	Random	1.0	0.004338642781168549	0.0019629629629629632	0.007810405001637817	0.002682354972467084
3	1000	iMF (full)	1.0	0.172476353867789	0.05816666666666667	0.23852914523640578	0.08547926561146274
3	1000	Popularity	1.0	0.09515328782078136	0.03564814814814815	0.14675062515265894	0.05246785349527822
3	1000	kNN (test)	1.0	0.1560135619985694	0.05251851851851852	0.21849454404572827	0.07757093111108525
3	1000	Normalized kNN (test)	1.0	0.0026748587551766495	0.0012962962962962963	0.0053645290017082835	0.0018123804231096657
3	1000	kNN (full)	1.0	0.16297891301753378	0.05524074074074074	0.22852003706351082	0.08135221278737308
3	200	Average Rating	1.0	0.017430410579798144	0.00838888888888889	0.031054938043075846	0.011623081168332298
3	200	iMF (test)	1.0	0.29987630954013544	0.09785185185185184	0.4037503283318791	0.14444024894815585
3	200	Normalized kNN (full)	1.0	0.21194262457697854	0.06592592592592593	0.26391280611957707	0.09645764584721223
3	200	Random	1.0	0.019847599663390652	0.00901851851851852	0.032210498394270655	0.01247990919595294
3	200	iMF (full)	1.0	0.30796422905377185	0.09903703703703705	0.40433567243351154	0.14557450255601484
3	200	Popularity	1.0	0.21034541002845036	0.07200000000000001	0.29936926899194316	0.10659090920107095
3	200	kNN (test)	1.0	0.2920058473603417	0.09442592592592593	0.39050355060119524	0.13948323463365844
3	200	Normalized kNN (test)	1.0	0.02277155173607533	0.011148148148148148	0.04412326884590957	0.016007227128685953
3	200	kNN (full)	1.0	0.29691630244107353	0.09540740740740741	0.38907777233918145	0.14028115451816692
3	2	Average Rating	0.6060925925925926	0.5031042791369604	0.1659814814814815	0.6569641143025486	0.2429437614458397
3	2	iMF (test)	0.6060925925925926	0.571505154546182	0.16953703703703704	0.6637873463980367	0.24708183691983
3	2	Normalized kNN (full)	0.6060925925925926	0.5145736733958566	0.1647777777777778	0.6541007760484642	0.24130409064568614
3	2	Random	0.6060925925925926	0.4508320523093259	0.16133333333333333	0.6469156767830195	0.2372581314957101
3	2	iMF (full)	0.6060925925925926	0.56579491131799	0.16872222222222222	0.6622827788716014	0.2460571696836243
3	2	Popularity	0.6060925925925926	0.5257248172873374	0.16511111111111113	0.6552471848080219	0.24199559955896766
3	2	kNN (test)	0.6060925925925926	0.5587100025521122	0.16803703703703704	0.6614863899460842	0.24537770710579837
3	2	Normalized kNN (test)	0.6060925925925926	0.5255813478174313	0.16714814814814816	0.6598296640841927	0.24443751971494307
3	2	kNN (full)	0.6060925925925926	0.5576631469891347	0.16790740740740742	0.6610556696210398	0.2451372382356027
3	10	Average Rating	0.9994444444444445	0.35227908767499927	0.13983333333333334	0.5753382945819602	0.2065880037405784
3	10	iMF (test)	0.9994444444444445	0.532510687366554	0.16224074074074074	0.6432168557255968	0.23726214957472117
3	10	Normalized kNN (full)	0.9994444444444445	0.40515433277222235	0.13007407407407406	0.5303264776634837	0.19116042223514237
3	10	Random	0.9994444444444445	0.26816943214563504	0.11240740740740741	0.4686825152552539	0.166237482651423
3	10	iMF (full)	0.9994444444444445	0.5227913160033217	0.16025925925925927	0.6349450232906125	0.23432200975069964
3	10	Popularity	0.9994444444444445	0.45780726808214617	0.1485	0.6038235553715078	0.21898088635323532
3	10	kNN (test)	0.9994444444444445	0.5171726101236833	0.15940740740740741	0.6371068199161252	0.2336860979388273
3	10	Normalized kNN (test)	0.9994444444444445	0.3955858170136986	0.14862962962962964	0.6094859359325361	0.2197807159909796
3	10	kNN (full)	0.9994444444444445	0.5105686602269746	0.15631481481481482	0.6254717919414851	0.2290572910106872
3	5	Average Rating	0.8394444444444444	0.43264989809003535	0.15927777777777777	0.6408961970460865	0.23440936681607297
3	5	iMF (test)	0.8394444444444444	0.5537297859519855	0.1673703703703704	0.6588259007048696	0.24437863597002984
3	5	Normalized kNN (full)	0.8394444444444444	0.4721489680832894	0.15507407407407406	0.6280445830692639	0.22841940710271114
3	5	Random	0.8394444444444444	0.3779323986810597	0.15	0.616308079124548	0.22208295964043895
3	5	iMF (full)	0.8394444444444444	0.548084683722095	0.1657962962962963	0.6553597885285058	0.24238296614912858
3	5	Popularity	0.8394444444444444	0.4980751628912773	0.1603888888888889	0.6435779524193559	0.23589816722087342
3	5	kNN (test)	0.8394444444444444	0.5409353003893027	0.16524074074074074	0.6553841583951527	0.24191600657646847
3	5	Normalized kNN (test)	0.8394444444444444	0.465058860285963	0.1623888888888889	0.649090465053577	0.23846248005374646
3	5	kNN (full)	0.8394444444444444	0.538872386566574	0.16444444444444445	0.6529647496766814	0.2406706398507701
3	1	Average Rating	0.5187592592592593	0.5332184355976215	0.16790740740740742	0.6601498166418457	0.2451734948293155
3	1	iMF (test)	0.5187592592592593	0.5755613504908464	0.1698703703703704	0.6642504616481468	0.24742256815542468
3	1	Normalized kNN (full)	0.5187592592592593	0.5340268168538894	0.16633333333333333	0.6560512154564011	0.24306307674619967
3	1	Random	0.5187592592592593	0.4859116437123729	0.16485185185185186	0.653768323396294	0.2413940618640792
3	1	iMF (full)	0.5187592592592593	0.5709746140989876	0.1695	0.6634713486946741	0.2469650132924531
3	1	Popularity	0.5187592592592593	0.537552231562985	0.16661111111111113	0.658123558567762	0.24378063642681944
3	1	kNN (test)	0.5187592592592593	0.5654140921017173	0.16877777777777778	0.6626101220915555	0.2462391863152523
3	1	Normalized kNN (test)	0.5187592592592593	0.5470801502885604	0.16872222222222222	0.6617902150644266	0.24613210859262624
3	1	kNN (full)	0.5187592592592593	0.5650981075069358	0.1688888888888889	0.6626489219391616	0.24627315488988488
3	0	Average Rating	0.42903703703703705	0.5702350667750669	0.16912962962962963	0.6622128135061978	0.2465533517968425
3	0	iMF (test)	0.42903703703703705	0.5843077373773226	0.17044444444444445	0.6654292929233833	0.2481462545612274
3	0	Normalized kNN (full)	0.42903703703703705	0.5593114110739056	0.16792592592592595	0.6591627303458901	0.24496137292437198
3	0	Random	0.42903703703703705	0.5296405689102636	0.16627777777777777	0.6568569893581961	0.24328938124845806
3	0	iMF (full)	0.42903703703703705	0.5774547326236081	0.16998148148148148	0.6646324257863068	0.24756998782118622
3	0	Popularity	0.42903703703703705	0.5518743251206983	0.16781481481481483	0.6604016230958265	0.24520960084452617
3	0	kNN (test)	0.42903703703703705	0.5730404241819342	0.1693888888888889	0.6639241172527729	0.246971178136087
3	0	Normalized kNN (test)	0.42903703703703705	0.577421166571326	0.1697037037037037	0.6634515653473855	0.24724293234462774
3	0	kNN (full)	0.42903703703703705	0.5743528282363043	0.16964814814814816	0.6637761152191327	0.24714900524487743
5	50	Average Rating	1.0	0.10314653735649815	0.050499999999999996	0.19820914567455655	0.07304934472756905
5	50	iMF (test)	1.0	0.42968983687808693	0.13635185185185186	0.5484443119846619	0.19960017419666248
5	50	Normalized kNN (full)	1.0	0.27807432514913494	0.08070370370370371	0.31769123390270654	0.11650553870182696
5	50	Random	1.0	0.07232007591240466	0.03211111111111111	0.12035324138230762	0.04540486920636599
5	50	iMF (full)	1.0	0.4262574392528209	0.1355	0.5422195772866686	0.19789300160454976
5	50	Popularity	1.0	0.3247217516603507	0.1069814814814815	0.4387053420685907	0.15726413328400043
5	50	kNN (test)	1.0	0.4169624336657301	0.13292592592592595	0.5380077886068354	0.19479925782478122
5	50	Normalized kNN (test)	1.0	0.15006390218451243	0.06972222222222223	0.2984429437797103	0.10370219748872915
5	50	kNN (full)	1.0	0.40657057797302043	0.12646296296296297	0.5093246232814244	0.18485541767915717
5	100	Average Rating	1.0	0.04261498488471716	0.021462962962962965	0.07954317163722811	0.030331011092662154
5	100	iMF (test)	1.0	0.3640693167120607	0.11811111111111113	0.4818039281442376	0.17346190926596916
5	100	Normalized kNN (full)	1.0	0.24483534860409403	0.0714074074074074	0.28044503571283713	0.10321397751815793
5	100	Random	1.0	0.03788967105796712	0.017685185185185186	0.06405235162425747	0.024374495372687512
5	100	iMF (full)	1.0	0.36782181492253013	0.11794444444444444	0.4770470262687141	0.17276585574579684
5	100	Popularity	1.0	0.2634294985063804	0.08798148148148148	0.3651248546369038	0.12953420964709073
5	100	kNN (test)	1.0	0.35356170933261366	0.1137962962962963	0.4686648986600668	0.16746632132820843
5	100	Normalized kNN (test)	1.0	0.061906621240883336	0.030703703703703705	0.1268124285864428	0.045075505716305045
5	100	kNN (full)	1.0	0.35115513433642026	0.11114814814814816	0.45174109133533563	0.16274109466398434
5	20	Average Rating	1.0	0.23806683447555718	0.10403703703703705	0.4277164673524086	0.15292958839480889
5	20	iMF (test)	1.0	0.5001128188452992	0.15474074074074073	0.6159890791476664	0.22597469707500553
5	20	Normalized kNN (full)	1.0	0.3366259696231525	0.10311111111111113	0.4095361083319458	0.14972444842152516
5	20	Random	1.0	0.16394888544094716	0.07075925925925926	0.28115546798428265	0.1023614281133783
5	20	iMF (full)	1.0	0.49141979280508985	0.1530925925925926	0.6076609690375968	0.22334746186357574
5	20	Popularity	1.0	0.40356179677144594	0.13168518518518518	0.5371018078682328	0.1935330818703465
5	20	kNN (test)	1.0	0.48104044133392393	0.15144444444444446	0.606494324886729	0.22146588158775588
5	20	Normalized kNN (test)	1.0	0.30119237651817704	0.12435185185185185	0.5191230055922913	0.18409131080752297
5	20	kNN (full)	1.0	0.4679363062733915	0.1451111111111111	0.5802313824854947	0.21195968628171566
5	500	Average Rating	1.0	0.00545716134557713	0.0029074074074074076	0.01121947419783663	0.004075179326629902
5	500	iMF (test)	1.0	0.20898723004901534	0.0710925925925926	0.30006906752037393	0.10525029058846755
5	500	Normalized kNN (full)	1.0	0.16060376542723537	0.05740740740740741	0.23725491994379666	0.08468620344205374
5	500	Random	1.0	0.01002719459805201	0.004481481481481482	0.01640475312304013	0.0062003424639356566
5	500	iMF (full)	1.0	0.22266075972617416	0.07392592592592592	0.3056483934902068	0.1086763587068106
5	500	Popularity	1.0	0.1368594877063442	0.04987037037037037	0.20823117696823634	0.07347820739524676
5	500	kNN (test)	1.0	0.20832620284899947	0.06887037037037037	0.28772723499509795	0.10142249065027974
5	500	Normalized kNN (test)	1.0	0.004467683416768451	0.002166666666666667	0.008449836934072887	0.0030492810497166553
5	500	kNN (full)	1.0	0.21788333317989997	0.07266666666666667	0.30283949858357123	0.10687954488762343
5	1000	Average Rating	1.0	0.0016536457453755096	7.037037037037038E-4	0.002894179894179894	0.0010021176777712726
5	1000	iMF (test)	1.0	0.1494069828516259	0.05275925925925926	0.22337687872025294	0.07821886118151693
5	1000	Normalized kNN (full)	1.0	0.1135104994123306	0.04424074074074074	0.18593784645426512	0.06582342065874171
5	1000	Random	1.0	0.003983671321773453	0.001851851851851852	0.006106674164804136	0.002459544914915686
5	1000	iMF (full)	1.0	0.16684265446806484	0.05675925925925926	0.23368193954268354	0.08329353099137601
5	1000	Popularity	1.0	0.09394612391385448	0.03553703703703704	0.14760245365434574	0.0522151633841417
5	1000	kNN (test)	1.0	0.15476263858896624	0.05218518518518519	0.21979684787195714	0.07705208606241032
5	1000	Normalized kNN (test)	1.0	0.0017445084491611049	8.333333333333334E-4	0.003488127861252702	0.0011464848917979293
5	1000	kNN (full)	1.0	0.16143217358298798	0.05507407407407408	0.22920276684116503	0.08096169688316182
5	200	Average Rating	1.0	0.016492776356522642	0.008314814814814815	0.030253478667492766	0.01140015042253137
5	200	iMF (test)	1.0	0.2988696598146	0.09951851851851852	0.4108511095948307	0.14634237556192262
5	200	Normalized kNN (full)	1.0	0.2112473666550963	0.06622222222222222	0.2644837594816689	0.0962607377280104
5	200	Random	1.0	0.021498301227428258	0.00938888888888889	0.03508735997411033	0.013033884883991171
5	200	iMF (full)	1.0	0.3017058167814219	0.09853703703703705	0.4013145205158433	0.144384382065913
5	200	Popularity	1.0	0.20619145109455675	0.07138888888888889	0.2982706003937981	0.10538492172835141
5	200	kNN (test)	1.0	0.28849735713352304	0.09372222222222222	0.38918955861891363	0.13810026947578816
5	200	Normalized kNN (test)	1.0	0.021238235212407905	0.010629629629629631	0.043318440571316646	0.015379076061296688
5	200	kNN (full)	1.0	0.29373208428194253	0.09485185185185185	0.38989043403216067	0.13919525633998495
5	2	Average Rating	0.6072962962962963	0.5058220334479437	0.16844444444444445	0.6618288703475299	0.24544122113280376
5	2	iMF (test)	0.6072962962962963	0.5719914936969177	0.1712962962962963	0.6669363781234764	0.24852816913356135
5	2	Normalized kNN (full)	0.6072962962962963	0.5143559721092971	0.16633333333333333	0.6567529433595181	0.2424730241614279
5	2	Random	0.6072962962962963	0.45090147331694047	0.1635925925925926	0.6498828771648265	0.23916950030201287
5	2	iMF (full)	0.6072962962962963	0.5668243846499067	0.17135185185185187	0.6672680102242002	0.24864315353659633
5	2	Popularity	0.6072962962962963	0.5279720055312191	0.16733333333333333	0.6601536458361758	0.2440393639522992
5	2	kNN (test)	0.6072962962962963	0.5636391050457088	0.17061111111111113	0.6663253067689985	0.24784543822170724
5	2	Normalized kNN (test)	0.6072962962962963	0.5322402514019832	0.16964814814814816	0.6647652451484988	0.24686566596176673
5	2	kNN (full)	0.6072962962962963	0.5584170668501192	0.16983333333333334	0.6642459393112555	0.24683763833925174
5	10	Average Rating	0.999537037037037	0.3491901083451016	0.1408888888888889	0.5806155270163336	0.2078995389789121
5	10	iMF (test)	0.999537037037037	0.5313932011369513	0.1638888888888889	0.6459836060898357	0.23862425352774558
5	10	Normalized kNN (full)	0.999537037037037	0.40406650020788043	0.13096296296296298	0.5331604903048608	0.19169440245182492
5	10	Random	0.999537037037037	0.26641136685608136	0.11266666666666666	0.4708724372774795	0.16607643373346398
5	10	iMF (full)	0.999537037037037	0.5266738292721498	0.1622037037037037	0.6401764741709431	0.23621383568876517
5	10	Popularity	0.999537037037037	0.4585477855980434	0.14957407407407408	0.6045413725229231	0.2195115578511062
5	10	kNN (test)	0.999537037037037	0.5217227266241333	0.16214814814814815	0.641640636239721	0.23649097108549402
5	10	Normalized kNN (test)	0.999537037037037	0.3989522834855864	0.15251851851851853	0.6190581554871697	0.224260667566183
5	10	kNN (full)	0.999537037037037	0.5097443916510119	0.15772222222222224	0.6272668512385907	0.23017970930136272
5	5	Average Rating	0.8390555555555554	0.4376710962100903	0.16127777777777777	0.646993672849139	0.2365322962500851
5	5	iMF (test)	0.8390555555555554	0.5561341066512286	0.16890740740740742	0.661812164421421	0.24557304322828205
5	5	Normalized kNN (full)	0.8390555555555554	0.47273879882754216	0.15733333333333333	0.6363223453874478	0.23084343104806546
5	5	Random	0.8390555555555554	0.37140269295968553	0.15024074074074076	0.6155254165540733	0.22156945006351011
5	5	iMF (full)	0.8390555555555554	0.5498378165725236	0.16812962962962963	0.6597111728952156	0.24446773272555408
5	5	Popularity	0.8390555555555554	0.5000496506889371	0.16168518518518518	0.6474411875957454	0.23691270318357974
5	5	kNN (test)	0.8390555555555554	0.546407035183214	0.16753703703703704	0.6594856870988233	0.24400673497832195
5	5	Normalized kNN (test)	0.8390555555555554	0.47129782137800896	0.16466666666666668	0.6545366890226255	0.24079630768125732
5	5	kNN (full)	0.8390555555555554	0.5385039979013437	0.16544444444444445	0.654407679063273	0.24129357025754175
5	1	Average Rating	0.5206851851851851	0.5396097907679329	0.1701111111111111	0.665349930724327	0.24743292694240857
5	1	iMF (test)	0.5206851851851851	0.5774553525795442	0.17181481481481484	0.6678207739312639	0.2491343018366214
5	1	Normalized kNN (full)	0.5206851851851851	0.5321386108063914	0.16848148148148148	0.6613396953657652	0.24522189949590148
5	1	Random	0.5206851851851851	0.48844510183186624	0.1657962962962963	0.6551336615406421	0.24192580831608446
5	1	iMF (full)	0.5206851851851851	0.5726614184917646	0.17166666666666666	0.667576309565261	0.24898211384331972
5	1	Popularity	0.5206851851851851	0.539203512256945	0.16853703703703704	0.6623476391854796	0.24548136759893383
5	1	kNN (test)	0.5206851851851851	0.5695227375020082	0.1713888888888889	0.6679691045350185	0.24881993734468416
5	1	Normalized kNN (test)	0.5206851851851851	0.5579267806578997	0.17098148148148148	0.6678596148701667	0.24851379177933924
5	1	kNN (full)	0.5206851851851851	0.5652801790682168	0.17053703703703704	0.6660628037225643	0.24774131815998524
5	0	Average Rating	0.4310740740740741	0.5773942801146915	0.17162962962962963	0.667890971271495	0.24914831636585405
5	0	iMF (test)	0.4310740740740741	0.5842598343722315	0.1725	0.6691190303910701	0.2499543400548092
5	0	Normalized kNN (full)	0.4310740740740741	0.561691266827317	0.17022222222222222	0.6645582836503469	0.2471935205596323
5	0	Random	0.4310740740740741	0.5337790756608127	0.1685925925925926	0.6615161990261651	0.2454201129020306
5	0	iMF (full)	0.4310740740740741	0.5798792324341557	0.1724074074074074	0.6687822372009272	0.24981873587933254
5	0	Popularity	0.4310740740740741	0.5528902362583454	0.16953703703703704	0.6639319846239917	0.24660636846188622
5	0	kNN (test)	0.4310740740740741	0.5772328799224096	0.17207407407407407	0.6689960827008855	0.24959995055672052
5	0	Normalized kNN (test)	0.4310740740740741	0.5851422845931541	0.1722037037037037	0.6694392204151388	0.2498193420261757
5	0	kNN (full)	0.4310740740740741	0.574860437583261	0.17140740740740742	0.6674534997035382	0.24874675193266188
4	50	Average Rating	1.0	0.10726780586229678	0.050240740740740746	0.2065200497967764	0.07355485099842533
4	50	iMF (test)	1.0	0.42469343203637683	0.13281481481481483	0.5472779754485092	0.19620346661119642
4	50	Normalized kNN (full)	1.0	0.2782475482265452	0.07985185185185185	0.3171011119134939	0.1160013559506561
4	50	Random	1.0	0.07376075078768937	0.032407407407407406	0.12566756271430335	0.04652387267973175
4	50	iMF (full)	1.0	0.424970178039775	0.1320185185185185	0.5419008441845627	0.1947473919204943
4	50	Popularity	1.0	0.3212621038316856	0.10464814814814816	0.4382184004783788	0.15508251199675502
4	50	kNN (test)	1.0	0.41031676739968714	0.1300925925925926	0.5375475485452376	0.19224164637767005
4	50	Normalized kNN (test)	1.0	0.15615629036610268	0.07012962962962963	0.3041592242700657	0.1050564816798608
4	50	kNN (full)	1.0	0.40219078316281337	0.12401851851851853	0.5105019658468739	0.1829082438944229
4	100	Average Rating	1.0	0.04599864816809401	0.021796296296296296	0.08609770796174901	0.03130790040740143
4	100	iMF (test)	1.0	0.3626273485385621	0.11479629629629629	0.4785068512338557	0.16996597560120022
4	100	Normalized kNN (full)	1.0	0.24747673948622323	0.07133333333333333	0.28719480883435716	0.10406854167874904
4	100	Random	1.0	0.040821614022113636	0.01751851851851852	0.0678685696111223	0.0250077650730494
4	100	iMF (full)	1.0	0.36516723542433627	0.11496296296296298	0.47506306785525204	0.16971183949593333
4	100	Popularity	1.0	0.2584616640721614	0.08594444444444445	0.3634934823937765	0.12755620416231725
4	100	kNN (test)	1.0	0.3472660489191075	0.11085185185185185	0.463476202972088	0.16423865401192797
4	100	Normalized kNN (test)	1.0	0.06970034261930441	0.0327962962962963	0.14251265838974983	0.048848533139224326
4	100	kNN (full)	1.0	0.3472894301864587	0.10831481481481481	0.4479343570088169	0.1597638953773482
4	20	Average Rating	1.0	0.24031364917944592	0.10244444444444445	0.43046072910358885	0.15194443354689008
4	20	iMF (test)	1.0	0.488978100229685	0.15037037037037038	0.6086567076421259	0.22107198526585628
4	20	Normalized kNN (full)	1.0	0.33941505777551456	0.10164814814814814	0.4150422897807331	0.14898798628935875
4	20	Random	1.0	0.1579053816696717	0.06803703703703705	0.2757632041478689	0.09943433836377293
4	20	iMF (full)	1.0	0.48594783779930756	0.1490925925925926	0.6033964974717533	0.2191550684365625
4	20	Popularity	1.0	0.3989602528809012	0.12912962962962965	0.5353478105444729	0.19118000049884085
4	20	kNN (test)	1.0	0.4759105434177725	0.1478888888888889	0.6033680553826533	0.21797297217518774
4	20	Normalized kNN (test)	1.0	0.3004117989743723	0.1209814814814815	0.514726090730795	0.18063339177718987
4	20	kNN (full)	1.0	0.4642936072859316	0.1420925925925926	0.5781973230989571	0.20909093617809818
4	500	Average Rating	1.0	0.007249135395320465	0.0039259259259259265	0.015543197351590928	0.005534584017888007
4	500	iMF (test)	1.0	0.20812690901856967	0.06968518518518518	0.29787627055019766	0.10389906851165302
4	500	Normalized kNN (full)	1.0	0.15830081720533468	0.05596296296296296	0.23494470694529393	0.08327983743996455
4	500	Random	1.0	0.009011835292695605	0.003981481481481482	0.014605902501350848	0.005440829575842984
4	500	iMF (full)	1.0	0.2210029420648013	0.0729074074074074	0.3074258557619088	0.1079440434441627
4	500	Popularity	1.0	0.13200641070386834	0.04738888888888889	0.19921713918012487	0.07012739000345118
4	500	kNN (test)	1.0	0.20069964872832666	0.06662962962962964	0.2838574300903526	0.09884186639343306
4	500	Normalized kNN (test)	1.0	0.005603009200450633	0.0026296296296296298	0.010686889025498306	0.0038021518508407712
4	500	kNN (full)	1.0	0.21090375015855467	0.07062962962962964	0.29820961875168583	0.10459295092754234
4	1000	Average Rating	1.0	0.0018997901492690526	9.074074074074074E-4	0.003582561153976333	0.0012493062751408781
4	1000	iMF (test)	1.0	0.15004389905454782	0.05216666666666667	0.22426155551817537	0.07786713058155859
4	1000	Normalized kNN (full)	1.0	0.10955805418950108	0.04205555555555556	0.18025244042239394	0.06323547795409845
4	1000	Random	1.0	0.0045090610560137145	0.0021296296296296298	0.007404202486461856	0.0028846706751906844
4	1000	iMF (full)	1.0	0.16288971465959082	0.054685185185185184	0.2314103199044438	0.08098863885767987
4	1000	Popularity	1.0	0.0911746035415355	0.033944444444444444	0.14434085066040483	0.050253400276762256
4	1000	kNN (test)	1.0	0.14743104719595573	0.050277777777777775	0.21329419757130003	0.07453065507309738
4	1000	Normalized kNN (test)	1.0	0.0026257366231163463	0.0010555555555555557	0.0042900112887971015	0.0015024896727109777
4	1000	kNN (full)	1.0	0.15553849461533611	0.05407407407407407	0.22683644514889192	0.07994972758374846
4	200	Average Rating	1.0	0.017996751624590288	0.008277777777777778	0.03067841542320316	0.01160710579270653
4	200	iMF (test)	1.0	0.2965769385141527	0.09618518518518518	0.40695326609924887	0.14296969570326024
4	200	Normalized kNN (full)	1.0	0.21131830139855234	0.06483333333333334	0.263893639267567	0.09522121641409266
4	200	Random	1.0	0.021709970479473064	0.00975925925925926	0.03528634725011407	0.013486609838625204
4	200	iMF (full)	1.0	0.30468453447748034	0.09746296296296297	0.4087877752869728	0.14430747376431732
4	200	Popularity	1.0	0.20267180062501733	0.06938888888888889	0.29343532576251263	0.10301687802462774
4	200	kNN (test)	1.0	0.2839563991088283	0.09235185185185185	0.3901949410040203	0.13701496384194822
4	200	Normalized kNN (test)	1.0	0.025077950500986892	0.011907407407407406	0.050974775593139086	0.017627094237781592
4	200	kNN (full)	1.0	0.28700120302118776	0.09259259259259259	0.3859990914650472	0.1368789449485294
4	2	Average Rating	0.6058333333333333	0.5060687815596429	0.1645	0.6587446159699943	0.24163578472482244
4	2	iMF (test)	0.6058333333333333	0.5660131353819313	0.16757407407407407	0.6625076485235677	0.2449199253880213
4	2	Normalized kNN (full)	0.6058333333333333	0.5128803754981911	0.16266666666666665	0.6525729428120887	0.2387996368085874
4	2	Random	0.6058333333333333	0.445969686506126	0.16035185185185186	0.6472140936694034	0.23602076225803453
4	2	iMF (full)	0.6058333333333333	0.5621993434852499	0.16677777777777777	0.6613965430185825	0.2440783752323398
4	2	Popularity	0.6058333333333333	0.5208353160931679	0.1633148148148148	0.6546130589457932	0.23996697484562754
4	2	kNN (test)	0.6058333333333333	0.5548379603136491	0.16635185185185186	0.6609079156912622	0.24367268404134265
4	2	Normalized kNN (test)	0.6058333333333333	0.5310834331840468	0.16548148148148148	0.6603185963884204	0.24274334824378174
4	2	kNN (full)	0.6058333333333333	0.5524140907298709	0.16583333333333333	0.6604707961493049	0.24302101444272747
4	10	Average Rating	0.9993703703703705	0.3509815748531885	0.13827777777777778	0.5807947534760951	0.2056637882279759
4	10	iMF (test)	0.9993703703703705	0.5255357166811334	0.15964814814814815	0.6400468175852424	0.23429844356710844
4	10	Normalized kNN (full)	0.9993703703703705	0.40162821566108226	0.12803703703703703	0.5286065809191247	0.18884651197966673
4	10	Random	0.9993703703703705	0.2650225034278178	0.11181481481481483	0.46905566565028217	0.1657423885101385
4	10	iMF (full)	0.9993703703703705	0.5197250127113519	0.1582037037037037	0.6339304889445312	0.23219184965105252
4	10	Popularity	0.9993703703703705	0.4522351423759283	0.14616666666666667	0.6028040022732187	0.21629244643146162
4	10	kNN (test)	0.9993703703703705	0.5119720375259466	0.15774074074074076	0.635917460476403	0.23197710464259422
4	10	Normalized kNN (test)	0.9993703703703705	0.39834400734832354	0.14862962962962964	0.6151602679470932	0.2204738426435796
4	10	kNN (full)	0.9993703703703705	0.5029257291361514	0.15412962962962964	0.6244048376039348	0.22677659046932427
4	5	Average Rating	0.8395925925925927	0.4377164691492216	0.1579074074074074	0.6446295520788738	0.23336435571375605
4	5	iMF (test)	0.8395925925925927	0.5494933714964464	0.16524074074074074	0.6574820140233675	0.24196734988775315
4	5	Normalized kNN (full)	0.8395925925925927	0.4711569897156477	0.15431481481481482	0.6317146911355652	0.22781646786114576
4	5	Random	0.8395925925925927	0.37169802949806985	0.1477037037037037	0.6143424386989781	0.21934869830054368
4	5	iMF (full)	0.8395925925925927	0.5434860005407668	0.16424074074074074	0.6550606080727844	0.2407898671956425
4	5	Popularity	0.8395925925925927	0.49417684447418864	0.1584814814814815	0.6445186634606239	0.2338980225561745
4	5	kNN (test)	0.8395925925925927	0.5382068246558337	0.16387037037037036	0.6558037255196926	0.2405933147209364
4	5	Normalized kNN (test)	0.8395925925925927	0.4715353641206791	0.16074074074074074	0.6511069595181034	0.23702178891891246
4	5	kNN (full)	0.8395925925925927	0.5323164077568927	0.16261111111111112	0.6527554455806047	0.238856076709515
4	1	Average Rating	0.5192037037037037	0.5376939875327299	0.16625925925925927	0.6614603609937567	0.24363599444661885
4	1	iMF (test)	0.5192037037037037	0.5724751872984727	0.16820370370370372	0.6631970930770903	0.24560927119036874
4	1	Normalized kNN (full)	0.5192037037037037	0.5320599882426369	0.16496296296296298	0.6563415509487445	0.24162541065643048
4	1	Random	0.5192037037037037	0.48320062968880106	0.16311111111111112	0.6530531058066952	0.23943571554099752
4	1	iMF (full)	0.5192037037037037	0.5649218297458269	0.16787037037037036	0.663151298280371	0.24531286702490976
4	1	Popularity	0.5192037037037037	0.5321839981707814	0.16485185185185186	0.6577122827672393	0.24183229585296617
4	1	kNN (test)	0.5192037037037037	0.5609086560545488	0.1672777777777778	0.6627578346210343	0.24473530811326505
4	1	Normalized kNN (test)	0.5192037037037037	0.5508115040414068	0.16685185185185186	0.6624760501854833	0.24430368188298965
4	1	kNN (full)	0.5192037037037037	0.5602907996306996	0.16716666666666669	0.6628520925792125	0.2446080742554065
4	0	Average Rating	0.42942592592592593	0.573270555392706	0.1675	0.6634666797587614	0.24505293228774994
4	0	iMF (test)	0.42942592592592593	0.5793281113855452	0.1686666666666667	0.6642539927103788	0.24620383015808603
4	0	Normalized kNN (full)	0.42942592592592593	0.5557616195768614	0.16655555555555554	0.6601904661605122	0.24355722384416245
4	0	Random	0.42942592592592593	0.531420824165387	0.16474074074074074	0.6561826283402238	0.2413769213961475
4	0	iMF (full)	0.42942592592592593	0.5758269673975619	0.16827777777777778	0.6638876115122982	0.24579636633419047
4	0	Popularity	0.42942592592592593	0.5466374252230087	0.16594444444444445	0.6598415011906827	0.24311933132551253
4	0	kNN (test)	0.42942592592592593	0.5692304480635737	0.16794444444444445	0.664048722650592	0.24554265984855975
4	0	Normalized kNN (test)	0.42942592592592593	0.5788137463348704	0.168	0.6646047474192717	0.24562263824329897
4	0	kNN (full)	0.42942592592592593	0.5696650706721679	0.16787037037037036	0.6639724058131953	0.24542774576364187
2	50	Average Rating	1.0	0.10144433227475877	0.048351851851851854	0.19461328072141362	0.07034629748044434
2	50	iMF (test)	1.0	0.4293383606935887	0.13522222222222224	0.5478792315546264	0.19887779371372594
2	50	Normalized kNN (full)	1.0	0.2852024116675653	0.08181481481481481	0.324277440781427	0.11872696009143217
2	50	Random	1.0	0.07845989194098954	0.03440740740740741	0.13268085223817916	0.049126390069366456
2	50	iMF (full)	1.0	0.4251254068122678	0.13335185185185186	0.5401177359347522	0.19587726691647328
2	50	Popularity	1.0	0.32683613124664634	0.10618518518518517	0.4371813956954968	0.15680150619801822
2	50	kNN (test)	1.0	0.4143873033565236	0.13127777777777777	0.5334725781776954	0.1931830481542353
2	50	Normalized kNN (test)	1.0	0.146120124163483	0.06701851851851852	0.29034923582771793	0.10021098127044176
2	50	kNN (full)	1.0	0.40656024873567476	0.12631481481481482	0.5099604155094608	0.18539709127301124
2	100	Average Rating	1.0	0.042954158838697104	0.02112962962962963	0.07957740838525389	0.03007972826383687
2	100	iMF (test)	1.0	0.3657384328300553	0.11737037037037039	0.48095264594272347	0.17282512413988174
2	100	Normalized kNN (full)	1.0	0.24745709088188733	0.07157407407407407	0.2852717343823514	0.10394429995412525
2	100	Random	1.0	0.04024564388976991	0.017907407407407407	0.0669408800265464	0.02526547543558868
2	100	iMF (full)	1.0	0.36610690794236184	0.117	0.4754410481346391	0.17194187648196374
2	100	Popularity	1.0	0.26377241104292953	0.08770370370370371	0.36178182643373186	0.12953953143652885
2	100	kNN (test)	1.0	0.3544030072993542	0.11346296296296297	0.46531399010211477	0.16727047900800152
2	100	Normalized kNN (test)	1.0	0.062402170115639234	0.030018518518518517	0.1271716551300091	0.044413233027827174
2	100	kNN (full)	1.0	0.35171918699487986	0.11075925925925927	0.4506090823661271	0.1627363095839824
2	20	Average Rating	1.0	0.23250209937960126	0.10083333333333333	0.42065573768070436	0.14918497537750275
2	20	iMF (test)	1.0	0.49584167368850784	0.15414814814814815	0.6155286188186676	0.22594751929401166
2	20	Normalized kNN (full)	1.0	0.3390303065069336	0.10248148148148148	0.41181329769002734	0.14953703383085845
2	20	Random	1.0	0.15927997439875405	0.06881481481481481	0.27242488771670287	0.09993329301855788
2	20	iMF (full)	1.0	0.4887067431758383	0.15205555555555555	0.6077742521107115	0.2229096785480485
2	20	Popularity	1.0	0.4060561572526008	0.1307962962962963	0.5363577228968246	0.19302775614290438
2	20	kNN (test)	1.0	0.4812092197079086	0.1499074074074074	0.6032388209920435	0.2201828159437604
2	20	Normalized kNN (test)	1.0	0.29225437247098224	0.12051851851851852	0.5097568756524398	0.17952389676147912
2	20	kNN (full)	1.0	0.46842555294817184	0.14474074074074075	0.5804118404594453	0.21232765265840772
2	500	Average Rating	1.0	0.0065334940746567165	0.0034814814814814817	0.012367188673671327	0.004827276751373591
2	500	iMF (test)	1.0	0.20944112647664387	0.07098148148148148	0.29939652662886507	0.10534967834163425
2	500	Normalized kNN (full)	1.0	0.16171723676154195	0.0575	0.2393251699116326	0.0851079785841745
2	500	Random	1.0	0.008361851100368696	0.0036481481481481486	0.013879738443615026	0.005140604113070049
2	500	iMF (full)	1.0	0.22212681753701177	0.07427777777777778	0.30754933723565153	0.10952076428394214
2	500	Popularity	1.0	0.13584456853074248	0.04922222222222222	0.20270439230093373	0.07250162971844977
2	500	kNN (test)	1.0	0.20481665165621427	0.06753703703703703	0.28102364603272834	0.09964928768725859
2	500	Normalized kNN (test)	1.0	0.005240171167598093	0.0022962962962962963	0.009467784603176928	0.003260006722474658
2	500	kNN (full)	1.0	0.21443641702931965	0.07116666666666667	0.2956080113944149	0.1049831243335549
2	1000	Average Rating	1.0	0.0022192007085439854	0.0010925925925925927	0.004089205276237851	0.001502672058636111
2	1000	iMF (test)	1.0	0.14901391122126278	0.0517037037037037	0.2202626513689457	0.07668968141517621
2	1000	Normalized kNN (full)	1.0	0.11228772238223295	0.04359259259259259	0.18716578344596707	0.06517057797198568
2	1000	Random	1.0	0.0036623687199978257	0.0016296296296296297	0.006545825449059394	0.002315522182790206
2	1000	iMF (full)	1.0	0.16591903410602615	0.056629629629629634	0.23442866652924982	0.08338240094476929
2	1000	Popularity	1.0	0.09404217940217928	0.035555555555555556	0.149218629085167	0.05255417136159949
2	1000	kNN (test)	1.0	0.1532753320749501	0.0515925925925926	0.21556275453449938	0.07616570969422301
2	1000	Normalized kNN (test)	1.0	0.002309469446518456	8.148148148148149E-4	0.0033626807268972827	0.001155687107995907
2	1000	kNN (full)	1.0	0.16148652815472303	0.05475925925925926	0.22787859389155407	0.08062535976524765
2	200	Average Rating	1.0	0.016483909946494645	0.007944444444444445	0.02804320903236845	0.011012693590566357
2	200	iMF (test)	1.0	0.29783397917687715	0.09722222222222222	0.40517389230997214	0.14390456363257828
2	200	Normalized kNN (full)	1.0	0.21292062921069924	0.06542592592592593	0.2654968488266722	0.09577709619111208
2	200	Random	1.0	0.019567900403714263	0.009074074074074075	0.03278269330401837	0.012443681921176609
2	200	iMF (full)	1.0	0.3008038118363033	0.09811111111111112	0.40371004989073966	0.14443988848062617
2	200	Popularity	1.0	0.20757705555064498	0.07142592592592592	0.2962114011279673	0.10562554045735116
2	200	kNN (test)	1.0	0.2888113114286132	0.09364814814814815	0.38778682231347705	0.13824805242226038
2	200	Normalized kNN (test)	1.0	0.021208617003962687	0.010351851851851853	0.04368746280721255	0.015199482307357336
2	200	kNN (full)	1.0	0.2919036091545402	0.09374074074074075	0.3866229353377498	0.1381624535740584
2	2	Average Rating	0.6072777777777778	0.5031367919888521	0.16657407407407407	0.6581938853020048	0.24389515128839956
2	2	iMF (test)	0.6072777777777778	0.5688237659273894	0.17016666666666666	0.664397110981457	0.24791742900706318
2	2	Normalized kNN (full)	0.6072777777777778	0.5149601597599609	0.16516666666666666	0.6546066129188426	0.24189143752729345
2	2	Random	0.6072777777777778	0.44790232946435987	0.1618703703703704	0.6460176749354717	0.23772728618231925
2	2	iMF (full)	0.6072777777777778	0.5617591114122286	0.1695925925925926	0.663460849691628	0.24728876532006094
2	2	Popularity	0.6072777777777778	0.5281074459935641	0.16592592592592592	0.6563988222088112	0.24298284600404582
2	2	kNN (test)	0.6072777777777778	0.5586382195346108	0.16922222222222225	0.6630045702002076	0.2469165992250175
2	2	Normalized kNN (test)	0.6072777777777778	0.5280563622477678	0.16783333333333333	0.6610648336937371	0.2454941216288575
2	2	kNN (full)	0.6072777777777778	0.5548280165684754	0.16833333333333333	0.6610957242123175	0.24579498802068925
2	10	Average Rating	0.9993888888888889	0.3463430282454685	0.13827777777777778	0.5734322344541017	0.2049520013190015
2	10	iMF (test)	0.9993888888888889	0.5298526461574847	0.16266666666666665	0.643390436929873	0.23797574937087188
2	10	Normalized kNN (full)	0.9993888888888889	0.40634404753791675	0.13012962962962965	0.5304622146584292	0.1913212361430464
2	10	Random	0.9993888888888889	0.26916008308992534	0.1122962962962963	0.4687760778567136	0.1661086294822696
2	10	iMF (full)	0.9993888888888889	0.5247325649474647	0.16105555555555556	0.638685911901393	0.23559414212466756
2	10	Popularity	0.9993888888888889	0.45861328955358416	0.14814814814814814	0.6013360306700356	0.21816642132648098
2	10	kNN (test)	0.9993888888888889	0.5178943286449447	0.16055555555555556	0.6404388007691867	0.23536560270617185
2	10	Normalized kNN (test)	0.9993888888888889	0.39616509103555364	0.1491111111111111	0.6143688255944005	0.22086939154051535
2	10	kNN (full)	0.9993888888888889	0.5098417409512682	0.15714814814814815	0.626919418609789	0.230332936429491
2	5	Average Rating	0.8397037037037036	0.4322497259238169	0.15944444444444444	0.6426227976450313	0.2349279417505059
2	5	iMF (test)	0.8397037037037036	0.554909622006957	0.16790740740740742	0.6596748478268267	0.24507533906234727
2	5	Normalized kNN (full)	0.8397037037037036	0.47155424096299386	0.15596296296296297	0.6318252251484192	0.22965282664245937
2	5	Random	0.8397037037037036	0.374319250752376	0.14964814814814814	0.616048818078444	0.22176087727955274
2	5	iMF (full)	0.8397037037037036	0.5468896933812327	0.16705555555555557	0.6575110539335788	0.24405154095872497
2	5	Popularity	0.8397037037037036	0.49985041609581315	0.16111111111111112	0.6448562868127272	0.23672716557157758
2	5	kNN (test)	0.8397037037037036	0.5430792324234234	0.16672222222222224	0.6577931180189278	0.24379421817826458
2	5	Normalized kNN (test)	0.8397037037037036	0.467045986836117	0.1633148148148148	0.6522469238185412	0.23991944106150598
2	5	kNN (full)	0.8397037037037036	0.5380785313087265	0.16527777777777777	0.6545643529150661	0.2418854392165692
2	1	Average Rating	0.5205185185185186	0.5326621272803398	0.16848148148148148	0.6623010669841061	0.2462070031813666
2	1	iMF (test)	0.5205185185185186	0.5755816857523909	0.17061111111111113	0.6652270148685692	0.2484082984398888
2	1	Normalized kNN (full)	0.5205185185185186	0.5312692845530215	0.16681481481481483	0.6574585359264503	0.2438214144568298
2	1	Random	0.5205185185185186	0.48343178918994756	0.1645740740740741	0.652648920349969	0.2411072971573355
2	1	iMF (full)	0.5205185185185186	0.5704511616891261	0.17005555555555557	0.6643043665010647	0.2477698411102822
2	1	Popularity	0.5205185185185186	0.5401364976575322	0.1673703703703704	0.6590247046245328	0.24471621543891822
2	1	kNN (test)	0.5205185185185186	0.5654370963575337	0.1697037037037037	0.6640644210056725	0.24751951012187579
2	1	Normalized kNN (test)	0.5205185185185186	0.5505312067018404	0.16896296296296295	0.6627743159245179	0.2467288111069562
2	1	kNN (full)	0.5205185185185186	0.564464084775604	0.16911111111111113	0.6631793982543249	0.24682094412799213
2	0	Average Rating	0.43042592592592593	0.5714390676644433	0.1696111111111111	0.6639933816387661	0.24745167136420693
2	0	iMF (test)	0.43042592592592593	0.5829736367769833	0.1711851851851852	0.6665591442484038	0.2491701160887893
2	0	Normalized kNN (full)	0.43042592592592593	0.5598520634559041	0.1684074074074074	0.6602711352640942	0.24574125144588993
2	0	Random	0.43042592592592593	0.5329511141133536	0.16664814814814816	0.6572884097412621	0.24372135836169512
2	0	iMF (full)	0.43042592592592593	0.5764878725169381	0.17075925925925928	0.6659714538617796	0.2487059397362074
2	0	Popularity	0.43042592592592593	0.552964121271531	0.16842592592592592	0.6606303330496057	0.2459153256842071
2	0	kNN (test)	0.43042592592592593	0.5733611116945404	0.17035185185185184	0.6652206747313707	0.2482617052231666
2	0	Normalized kNN (test)	0.43042592592592593	0.5791434980412645	0.1701111111111111	0.6647050025894881	0.24801936558318335
2	0	kNN (full)	0.43042592592592593	0.5729686773779968	0.17005555555555557	0.6645222196899827	0.24789678310400184
1	50	Average Rating	1.0	0.1032030524640342	0.049296296296296296	0.19937929773218363	0.07169747810331255
1	50	iMF (test)	1.0	0.4330612805889622	0.13594444444444445	0.5530482002613141	0.19982079212855614
1	50	Normalized kNN (full)	1.0	0.28419048954684173	0.07983333333333334	0.3206153415893825	0.1160407822934505
1	50	Random	1.0	0.07706379113604567	0.03387037037037037	0.1311246684553286	0.0482401206188217
1	50	iMF (full)	1.0	0.4281269145942137	0.134	0.543254095115503	0.19673267412041034
1	50	Popularity	1.0	0.32485742358920905	0.10655555555555556	0.44321639348129355	0.15757262042034575
1	50	kNN (test)	1.0	0.4150159378259139	0.13122222222222224	0.5389953855129688	0.19338846139233928
1	50	Normalized kNN (test)	1.0	0.14941227349035727	0.06796296296296296	0.29808642774514554	0.1016424213664153
1	50	kNN (full)	1.0	0.40855932089950675	0.12587037037037038	0.5129851065862617	0.1848833054484403
1	100	Average Rating	1.0	0.045906922445001434	0.02266666666666667	0.08833847409896185	0.032408173915502415
1	100	iMF (test)	1.0	0.36901359633211245	0.11714814814814815	0.48389035304832656	0.17283201451585628
1	100	Normalized kNN (full)	1.0	0.24773146773041224	0.07011111111111111	0.2844790389719639	0.10227467812455833
1	100	Random	1.0	0.036875669998204186	0.016981481481481483	0.06137647962216471	0.02369165078439355
1	100	iMF (full)	1.0	0.37072286958718365	0.11735185185185186	0.4803534384880794	0.17272201161719927
1	100	Popularity	1.0	0.2620456788068642	0.08731481481481482	0.3646865153240555	0.12928381329913993
1	100	kNN (test)	1.0	0.3532987074254002	0.11331481481481481	0.4718515860065194	0.16754990889482776
1	100	Normalized kNN (test)	1.0	0.0641818279183798	0.03166666666666667	0.13559518127762096	0.046919255378563805
1	100	kNN (full)	1.0	0.3528224244283843	0.11025925925925925	0.45406434089574	0.1623222747734599
1	20	Average Rating	1.0	0.2419846739626296	0.10368518518518519	0.43061564993534646	0.15303996906995002
1	20	iMF (test)	1.0	0.4975200582841782	0.15377777777777776	0.6165123936029139	0.225398518061388
1	20	Normalized kNN (full)	1.0	0.3384222522223561	0.10166666666666667	0.4096258140841583	0.14822856852458569
1	20	Random	1.0	0.16183856334982938	0.06964814814814815	0.2774580342567021	0.10125765587809854
1	20	iMF (full)	1.0	0.49067390584803544	0.15212962962962964	0.6106671945518514	0.2229122994015069
1	20	Popularity	1.0	0.40073910783652156	0.13203703703703704	0.5408927753101342	0.19468342888786044
1	20	kNN (test)	1.0	0.4793923862514049	0.14974074074074076	0.6068930810786592	0.22003132678267956
1	20	Normalized kNN (test)	1.0	0.30105980377396974	0.12277777777777778	0.5213327133052438	0.1829368778978768
1	20	kNN (full)	1.0	0.4701950721875269	0.14433333333333334	0.5837106789802071	0.21189018632107423
1	500	Average Rating	1.0	0.005604244078107834	0.0032407407407407406	0.012368966729994407	0.004547294865478448
1	500	iMF (test)	1.0	0.21716607487314507	0.07274074074074074	0.3082128441519687	0.10800330237394229
1	500	Normalized kNN (full)	1.0	0.1625967411172596	0.05642592592592592	0.2401644210144303	0.0839753932836852
1	500	Random	1.0	0.007945458984453844	0.0036666666666666666	0.013047573435040634	0.005070504690026724
1	500	iMF (full)	1.0	0.22800354611836965	0.07461111111111111	0.3131554745397258	0.11025579126383446
1	500	Popularity	1.0	0.13270753972024182	0.04783333333333334	0.19845636021599936	0.0703970842126948
1	500	kNN (test)	1.0	0.2073875462127088	0.06794444444444445	0.2850509708861511	0.10033597322128064
1	500	Normalized kNN (test)	1.0	0.004431300196987141	0.0021296296296296298	0.008824127061733406	0.0030085132950830214
1	500	kNN (full)	1.0	0.21711312861765877	0.07162962962962963	0.30073392144575867	0.10588878377895528
1	1000	Average Rating	1.0	8.384406204741109E-4	4.814814814814815E-4	0.0017425879036134036	6.506285926895076E-4
1	1000	iMF (test)	1.0	0.15758756806426216	0.054314814814814816	0.2337581987256548	0.08094459704169779
1	1000	Normalized kNN (full)	1.0	0.11444761006141627	0.04377777777777778	0.18964314248750644	0.06546129625170946
1	1000	Random	1.0	0.004485599633192976	0.0021481481481481486	0.007698068927305516	0.0029317425192127945
1	1000	iMF (full)	1.0	0.17186955259801773	0.057166666666666664	0.24131797743091515	0.08449275976340732
1	1000	Popularity	1.0	0.09195953854188141	0.034722222222222224	0.1456492362291674	0.05123638899641386
1	1000	kNN (test)	1.0	0.15412736513544759	0.051500000000000004	0.21879059812917426	0.07623942016836786
1	1000	Normalized kNN (test)	1.0	0.0018281474790254797	7.962962962962962E-4	0.004023532267891101	0.0011800071843230012
1	1000	kNN (full)	1.0	0.16282769868855426	0.05496296296296296	0.23301614406342833	0.08144183744067203
1	200	Average Rating	1.0	0.01635886649385456	0.00838888888888889	0.02972902662222795	0.011381413486097381
1	200	iMF (test)	1.0	0.30412234921902026	0.09875925925925927	0.41222955004238165	0.14602111435586293
1	200	Normalized kNN (full)	1.0	0.21278143214553039	0.06444444444444444	0.2656669484698641	0.09463501155682606
1	200	Random	1.0	0.020854875990587732	0.00977777777777778	0.03468618707237749	0.013524169598785092
1	200	iMF (full)	1.0	0.31117966853828505	0.09885185185185187	0.40920260586074064	0.14572479807621816
1	200	Popularity	1.0	0.20526296207267536	0.0700925925925926	0.2955857499339643	0.10385338348489871
1	200	kNN (test)	1.0	0.2879464605748215	0.09348148148148148	0.3896094715145924	0.13821356034465296
1	200	Normalized kNN (test)	1.0	0.021637135190261347	0.010574074074074074	0.04436007110477304	0.015487166345186317
1	200	kNN (full)	1.0	0.2945420501922137	0.09364814814814815	0.3884318798705435	0.13810288177286567
1	2	Average Rating	0.6105555555555555	0.5067682839993275	0.16666666666666666	0.6630398221350916	0.2440813044541896
1	2	iMF (test)	0.6105555555555555	0.5727196149202536	0.16998148148148148	0.6689023752709681	0.24778303614244077
1	2	Normalized kNN (full)	0.6105555555555555	0.5163513308946137	0.16483333333333333	0.657091543184477	0.2413594793422845
1	2	Random	0.6105555555555555	0.45245371517031546	0.16268518518518518	0.6534146842931665	0.23896618337207082
1	2	iMF (full)	0.6105555555555555	0.5661031835541002	0.16974074074074075	0.6686880374904773	0.24756325224816156
1	2	Popularity	0.6105555555555555	0.5270359901133451	0.1662962962962963	0.6604703097192778	0.2433784504481273
1	2	kNN (test)	0.6105555555555555	0.5613449024113224	0.1690925925925926	0.667601489652692	0.24683807801090468
1	2	Normalized kNN (test)	0.6105555555555555	0.5340357663403479	0.16781481481481483	0.6656634688598225	0.24541379872815805
1	2	kNN (full)	0.6105555555555555	0.5581623603970105	0.16825925925925928	0.6648471886795184	0.24564326862106306
1	10	Average Rating	0.9995185185185185	0.35009724074396026	0.13979629629629628	0.5827323623843679	0.20728914761386552
1	10	iMF (test)	0.9995185185185185	0.5345351706437972	0.1625925925925926	0.6479409523008418	0.23784251302720757
1	10	Normalized kNN (full)	0.9995185185185185	0.40667961018036347	0.12912962962962965	0.5316395159089604	0.1900483132577284
1	10	Random	0.9995185185185185	0.2717653825872808	0.1122777777777778	0.4692054097161409	0.16617628733884307
1	10	iMF (full)	0.9995185185185185	0.5251350677572503	0.16096296296296297	0.6423105591213034	0.2355190490623412
1	10	Popularity	0.9995185185185185	0.45908287189663405	0.1491851851851852	0.6086746134336837	0.21993777314865087
1	10	kNN (test)	0.9995185185185185	0.518346247879786	0.16046296296296297	0.6441966791110039	0.2353379767309801
1	10	Normalized kNN (test)	0.9995185185185185	0.40069419037100545	0.14981481481481482	0.6193458825224312	0.2218528957751948
1	10	kNN (full)	0.9995185185185185	0.5102320720053543	0.15662962962962965	0.6294814798246725	0.22967838985129976
1	5	Average Rating	0.8428703703703704	0.43910029337827794	0.16005555555555556	0.6487754730300198	0.2358025675243389
1	5	iMF (test)	0.8428703703703704	0.5577730152569549	0.16812962962962963	0.6648695998115018	0.24542522950235657
1	5	Normalized kNN (full)	0.8428703703703704	0.47336200755613517	0.1557037037037037	0.6338562925699447	0.2293634914182763
1	5	Random	0.8428703703703704	0.37747811485366245	0.15042592592592594	0.6205832944580909	0.2226521762888244
1	5	iMF (full)	0.8428703703703704	0.549727160205693	0.1670925925925926	0.6629703522764911	0.24415406293536135
1	5	Popularity	0.8428703703703704	0.49709412294739785	0.16125925925925927	0.6489313774717036	0.2369307999415139
1	5	kNN (test)	0.8428703703703704	0.5431005125647292	0.16646296296296295	0.6620347860456658	0.24360128239803014
1	5	Normalized kNN (test)	0.8428703703703704	0.47608255946176425	0.16296296296296298	0.6567689336903642	0.23963865346823673
1	5	kNN (full)	0.8428703703703704	0.538096341021862	0.1647777777777778	0.6573374281294354	0.2412551529735861
1	1	Average Rating	0.5236666666666667	0.5377611984302693	0.1680925925925926	0.6658461838450943	0.24577677579097687
1	1	iMF (test)	0.5236666666666667	0.578620448776766	0.1703888888888889	0.6690806463364752	0.2481835885118966
1	1	Normalized kNN (full)	0.5236666666666667	0.5349822938206237	0.16646296296296295	0.6603301528394447	0.24337292923553924
1	1	Random	0.5236666666666667	0.4874001853661796	0.16485185185185186	0.6582189908317578	0.241609485348609
1	1	iMF (full)	0.5236666666666667	0.5720082580919454	0.17022222222222222	0.6694742793813241	0.24813432146025813
1	1	Popularity	0.5236666666666667	0.5380582761497561	0.1673888888888889	0.663344002041317	0.24482065571269382
1	1	kNN (test)	0.5236666666666667	0.5673507952174035	0.1696851851851852	0.6682949704681309	0.2474992072890031
1	1	Normalized kNN (test)	0.5236666666666667	0.5573253125327191	0.16916666666666666	0.6675054711386632	0.24692737060400785
1	1	kNN (full)	0.5236666666666667	0.5657694539604026	0.1691851851851852	0.6670767762298946	0.24686871614581668
1	0	Average Rating	0.4339074074074074	0.5766756694575503	0.1696666666666667	0.6683897391798755	0.24752913323428727
1	0	iMF (test)	0.4339074074074074	0.5849892621875532	0.17125925925925928	0.6710796171000819	0.24926153643640594
1	0	Normalized kNN (full)	0.4339074074074074	0.5628157431386167	0.1683703703703704	0.6644342824114107	0.24569513673162555
1	0	Random	0.4339074074074074	0.5338411573889039	0.16725925925925927	0.6629684484331609	0.24448664634274897
1	0	iMF (full)	0.4339074074074074	0.5795483203251441	0.17070370370370372	0.6701881881828687	0.24869786883790043
1	0	Popularity	0.4339074074074074	0.5523323927997482	0.16853703703703704	0.6653878133360343	0.24614359585249548
1	0	kNN (test)	0.4339074074074074	0.5753915066747919	0.17046296296296296	0.6698647977601805	0.24843344319740182
1	0	Normalized kNN (test)	0.4339074074074074	0.5846914351920744	0.17020370370370372	0.6689243495213448	0.2480120801021653
1	0	kNN (full)	0.4339074074074074	0.5753661418054531	0.17022222222222222	0.6690725023740125	0.24809065268897662
