fold	target size	recommender system	Coverage@10	nDCG@10	P@10	Recall@10	FScore@10
3	50	Average Rating	1.0	0.10234098664207546	0.049240740740740745	0.19308163390910094	0.07111860869857262
3	2	Average Rating	0.606462962962963	0.5024027538624039	0.16605555555555557	0.6569989718728566	0.2430332634904113
3	1	Average Rating	0.519	0.5336062371872633	0.16785185185185184	0.659992481369199	0.24509027422499768
3	200	Average Rating	1.0	0.017997665461928793	0.008314814814814817	0.03162559809329792	0.011625104212034167
3	500	Average Rating	1.0	0.0067397590967481855	0.0032407407407407406	0.013310275798090585	0.004669642144515407
3	20	Average Rating	1.0	0.23812244707781402	0.10262962962962964	0.423640718838918	0.15132931224783025
3	2	kNN (full/test)	0.5317037037037037	0.5511292210328778	0.1645925925925926	0.6455427016852441	0.23985500359314565
3	1	kNN (full/test)	0.4727037037037037	0.5563020813204188	0.16533333333333333	0.6469825027873258	0.24077421727969858
3	200	kNN (full/test)	1.0	0.29814973680046825	0.0961111111111111	0.3945548502514153	0.14164012577893176
3	2	iMF (test)	0.606462962962963	0.5709037012043199	0.16953703703703704	0.6635269675616646	0.2470165474451782
3	500	kNN (full/test)	1.0	0.21685781809096405	0.07253703703703704	0.3001304327395757	0.10714785705626116
3	20	kNN (full/test)	0.9979629629629629	0.4780895482049212	0.14731481481481482	0.5920224073300467	0.21611154614474617
3	1	iMF (test)	0.519	0.5771953785148507	0.16985185185185186	0.6640872128029406	0.24738064153886083
3	200	iMF (test)	1.0	0.2992777207023977	0.09853703703703705	0.40591868714109386	0.14534061963004538
3	500	iMF (test)	1.0	0.2089492471596204	0.07157407407407407	0.29767121194794255	0.10581267495206241
3	20	iMF (test)	1.0	0.4953206236407582	0.15242592592592594	0.608799542374913	0.2233280683615128
3	10	Average Rating	0.999537037037037	0.3482829601796226	0.13885185185185187	0.5729632843626167	0.20549151897608264
3	1000	Average Rating	1.0	0.002165550834836766	0.0010555555555555557	0.004102480238359151	0.0015374772106224923
2	2	Average Rating	0.6072407407407407	0.5050142981806914	0.16664814814814816	0.6587141291117208	0.2440322840100272
3	10	kNN (full/test)	0.903037037037037	0.5124286465906265	0.15766666666666665	0.627972869522156	0.23085300165252096
3	2	Normalized kNN (full)	0.1375925925925926	0.2704453860190001	0.06622222222222222	0.25378398336222346	0.09447968348943753
3	2	Random	0.606462962962963	0.45139308619855	0.16140740740740742	0.6462377116217507	0.23720337011014564
3	1000	kNN (full/test)	1.0	0.16207424416206057	0.05496296296296296	0.22852110895251482	0.0810854753733418
3	200	Normalized kNN (full)	0.445037037037037	0.20693512732971844	0.06285185185185185	0.25087783104474026	0.09183269163088445
3	200	Random	1.0	0.018237436013160968	0.008685185185185186	0.029411879096525748	0.011710313834765666
3	10	iMF (test)	0.999537037037037	0.5309550982932106	0.16181481481481483	0.6422987207712267	0.23680304282207157
3	1	Normalized kNN (full)	0.1358703703703704	0.27099180934834255	0.0662962962962963	0.2538159681868047	0.09452366077415555
3	1	Random	0.519	0.4844205313112092	0.1647777777777778	0.6536553413593438	0.2414726594539278
2	2	kNN (full/test)	0.5321666666666667	0.5512151227412259	0.1652037037037037	0.6459607884123678	0.2408339809081531
3	2	iMF (full)	0.606462962962963	0.5647554114877038	0.16907407407407407	0.6628981351514742	0.2464896897774201
3	2	Popularity	0.606462962962963	0.5266262391050314	0.16525925925925924	0.655765107441028	0.2421866042440575
3	500	Normalized kNN (full)	0.7887962962962963	0.15831935058718616	0.05681481481481482	0.23280785329134263	0.08408136233321786
3	500	Random	1.0	0.008147551778619777	0.003703703703703704	0.013646625799013453	0.005048330293759539
3	1000	iMF (test)	1.0	0.15492242081985672	0.05383333333333333	0.2256714581468768	0.07979980409715633
3	20	Normalized kNN (full)	0.16633333333333333	0.2614394078997351	0.06588888888888889	0.2536051630196226	0.09425787359815012
3	20	Random	1.0	0.1563721472941218	0.06788888888888889	0.27240147744369647	0.09879369305447382
3	200	iMF (full)	1.0	0.3048765529951012	0.09835185185185186	0.40100146198111675	0.14449090548526622
3	200	Popularity	1.0	0.20764886397916948	0.07198148148148148	0.2988351720271255	0.1066082204324316
2	2	iMF (test)	0.6072407407407407	0.5679362241838534	0.16994444444444445	0.6634881278162763	0.2476041794603256
3	1	iMF (full)	0.519	0.568899331379086	0.16925925925925925	0.6633898905437715	0.2467205005523422
3	1	Popularity	0.519	0.5367963421413775	0.16662962962962966	0.6581075033025237	0.24379075731534866
3	500	iMF (full)	1.0	0.22303126175350282	0.07431481481481482	0.3057463780313115	0.10942556797880898
3	500	Popularity	1.0	0.1381894718221773	0.04992592592592593	0.20603812469185678	0.07368763009463185
3	20	iMF (full)	1.0	0.4885621054558197	0.15094444444444444	0.603220405177258	0.2211785167270331
3	20	Popularity	1.0	0.40391474859124277	0.1305925925925926	0.5352500009726646	0.19276158394828707
3	10	Normalized kNN (full)	0.1502777777777778	0.2666615711563543	0.0661111111111111	0.25372112989966394	0.09440791795093476
3	10	Random	0.999537037037037	0.2691086527541896	0.11240740740740741	0.4692320340866411	0.16655665303977138
3	1000	Normalized kNN (full)	0.9807592592592593	0.11051129774153545	0.043555555555555556	0.18191117914084962	0.0649411100798223
3	1000	Random	1.0	0.003658476713783507	0.0016666666666666668	0.0062536237727853095	0.0023538446806178163
2	2	Normalized kNN (full)	0.13933333333333334	0.2714012933879344	0.06614814814814815	0.25723737676030645	0.09453649942180596
2	2	Random	0.6072407407407407	0.45112600936294583	0.1622777777777778	0.6471255447916995	0.2382809780072852
3	10	iMF (full)	0.999537037037037	0.5225533718253746	0.16	0.6364157743940243	0.23420589263692654
3	10	Popularity	0.999537037037037	0.45660252720176864	0.14785185185185185	0.6025351543769757	0.21809621572093874
3	1000	iMF (full)	1.0	0.1707053047108426	0.05820370370370371	0.23750316009743797	0.08547675624430923
3	1000	Popularity	1.0	0.09515328782078136	0.03564814814814815	0.14675062515265894	0.05246785349527822
2	2	iMF (full)	0.6072407407407407	0.5628081457920285	0.1696666666666667	0.6637664767401358	0.24738392346732746
2	2	Popularity	0.6072407407407407	0.5283789817884305	0.16612962962962963	0.6565174591355621	0.24316739234912924
3	2	Normalized kNN (test)	0.5249259259259259	0.5288358911923207	0.16344444444444445	0.6442976037386157	0.2388132991754122
3	200	Normalized kNN (test)	1.0	0.0413033374230869	0.019185185185185187	0.0832296102917909	0.028460116406896756
3	1	Normalized kNN (test)	0.46918518518518515	0.5464232764068931	0.16446296296296298	0.6460776489647017	0.239975069212703
3	500	Normalized kNN (test)	1.0	0.011035751680532996	0.004722222222222222	0.019431720322770463	0.006804016852179211
5	2	Average Rating	0.6073888888888889	0.508067924519711	0.1685185185185185	0.662275412653498	0.24556979975696178
3	20	Normalized kNN (test)	0.9961666666666668	0.33770130188606695	0.13153703703703706	0.549647864017957	0.19544014323469713
5	200	Average Rating	1.0	0.016772782328226824	0.008296296296296296	0.0300610553506793	0.011387684140819341
5	1	Average Rating	0.5205555555555555	0.5403876996245651	0.17020370370370372	0.6655217606739346	0.24753143206254055
5	2	kNN (full/test)	0.5318333333333334	0.5552901054095538	0.16675925925925925	0.6503506407907377	0.24205630804985862
5	20	Average Rating	1.0	0.2369524328176623	0.10374074074074074	0.42773265945399147	0.15269631523030838
5	500	Average Rating	1.0	0.00556782505911305	0.002962962962962963	0.011133312647716269	0.004083379094657564
5	2	iMF (test)	0.6073888888888889	0.571442273396582	0.17135185185185187	0.6671686792107853	0.24864149274383665
5	200	kNN (full/test)	1.0	0.3021761011875543	0.09685185185185186	0.40149079203242916	0.14265235555375677
5	1	kNN (full/test)	0.4749074074074074	0.5622765583192713	0.1673888888888889	0.6514975977224169	0.24278687337629962
3	10	Normalized kNN (test)	0.8838333333333332	0.42587336886710636	0.15162962962962964	0.6175016707741102	0.22404986262406915
3	1000	Normalized kNN (test)	1.0	0.004784927370173657	0.0020925925925925925	0.008857954319781005	0.003049540446841743
2	2	Normalized kNN (test)	0.5269444444444444	0.5323302654336449	0.16512962962962963	0.6475526175178433	0.24109019530879955
5	20	kNN (full/test)	0.9981481481481481	0.47968555569972177	0.1496111111111111	0.5968513458039705	0.21842045099793894
5	500	kNN (full/test)	1.0	0.2190703583022445	0.0732962962962963	0.30653387132428267	0.10799157036126214
5	1	iMF (test)	0.5205555555555555	0.5781583514529267	0.17201851851851852	0.6684544905539797	0.24945433589670635
5	200	iMF (test)	1.0	0.30116413644351414	0.09935185185185186	0.4091028851934439	0.14608248538911733
3	5	Average Rating	0.8392777777777779	0.4318958595909153	0.1597037037037037	0.6421221149711344	0.23498522664047258
5	10	Average Rating	0.999611111111111	0.3533111121183526	0.14183333333333334	0.5845129211574291	0.2092522317569629
5	1000	Average Rating	1.0	0.0016536457453755096	7.037037037037038E-4	0.002894179894179894	0.0010021176777712726
5	20	iMF (test)	1.0	0.49901731174447184	0.15546296296296297	0.6189837986333618	0.22696924729976461
3	100	Average Rating	1.0	0.045272569946702874	0.02214814814814815	0.08477099476241354	0.03148306140737091
5	500	iMF (test)	1.0	0.20887420836968085	0.0712037037037037	0.29980369705842036	0.10548317910953267
1	2	Average Rating	0.6101851851851852	0.5072822929564067	0.16683333333333333	0.6629722909820911	0.24421804329223673
3	5	kNN (full/test)	0.6948703703703704	0.5353529402060551	0.16268518518518518	0.6417700140349012	0.23757424667237376
5	2	Normalized kNN (full)	0.14012962962962963	0.2688082094149051	0.06640740740740741	0.25568724715829105	0.0946312081876396
5	2	Random	0.6073888888888889	0.452461459125302	0.1634814814814815	0.6495907681130905	0.23906221477615575
3	5	iMF (test)	0.8392777777777779	0.5534603567601132	0.16705555555555557	0.6582871497758532	0.24397005977036737
5	1000	kNN (full/test)	1.0	0.16212323472652582	0.054870370370370375	0.22886137404100332	0.08079572034700212
3	100	kNN (full/test)	1.0	0.35854261365903467	0.11390740740740742	0.46585997485026515	0.16762948625903953
5	10	kNN (full/test)	0.9013703703703703	0.5181088928889763	0.15987037037037038	0.6348414828257918	0.23326426591246416
5	2	iMF (full)	0.6073888888888889	0.5657652467444161	0.17114814814814816	0.6666851356012672	0.24833691285697412
1	2	kNN (full/test)	0.535962962962963	0.5525273849556017	0.16551851851851854	0.6508927376942478	0.24131924682394432
5	1	Normalized kNN (full)	0.13872222222222222	0.2698369487117029	0.06638888888888889	0.2556763539121037	0.09461749076651477
5	200	Normalized kNN (full)	0.4540370370370371	0.20857073082840627	0.06324074074074074	0.252876248585688	0.09207114850114607
5	200	Random	1.0	0.020099796764149983	0.00938888888888889	0.033932520210518645	0.012956309425148057
5	2	Popularity	0.6073888888888889	0.527237376384802	0.16698148148148148	0.6594674207344785	0.2436033233568394
5	1	Random	0.5205555555555555	0.4885669045312842	0.16633333333333333	0.6566515077953772	0.24277832741419364
5	10	iMF (test)	0.999611111111111	0.5306075791281392	0.16344444444444445	0.6454834257587222	0.23812431813337176
3	100	iMF (test)	1.0	0.36663854911166716	0.11724074074074074	0.4781914026191486	0.17265290804700067
5	1000	iMF (test)	1.0	0.1512813524014104	0.05337037037037037	0.2253312321384029	0.07917218191558506
5	20	Normalized kNN (full)	0.16903703703703704	0.26127374790278907	0.0660925925925926	0.2555564179334537	0.09445912972956806
1	2	iMF (test)	0.6101851851851852	0.5727610440091457	0.1698888888888889	0.668390679956978	0.2475719252863721
5	20	Random	1.0	0.16292675105068036	0.06935185185185185	0.2770608565021827	0.10061757615851735
5	200	iMF (full)	1.0	0.30593962983529227	0.09905555555555555	0.40423473282648975	0.1451403526777581
5	500	Normalized kNN (full)	0.7937777777777777	0.16002743384764637	0.05694444444444444	0.23465684661447356	0.08394277819138797
5	200	Popularity	1.0	0.20747606384673328	0.07133333333333333	0.2985012015491389	0.10533135603596867
5	500	Random	1.0	0.007612434987312463	0.0036851851851851854	0.012672902112534008	0.0050657613088935845
5	1	iMF (full)	0.5205555555555555	0.5725670527319359	0.17181481481481484	0.6681209381281644	0.24916432753696804
5	1	Popularity	0.5205555555555555	0.5396045215131372	0.16835185185185186	0.6618368319237665	0.24525163402236502
5	20	iMF (full)	1.0	0.4889894759951488	0.1534074074074074	0.6076614040077789	0.22354354418396635
5	500	iMF (full)	1.0	0.2226309111136302	0.07398148148148148	0.30454462276351707	0.10873765029881052
5	20	Popularity	1.0	0.4039283932677577	0.13255555555555557	0.5390984724320658	0.1946207485115108
5	500	Popularity	1.0	0.13535043605472913	0.049351851851851855	0.2064146494664757	0.07273336961192907
3	5	Normalized kNN (full)	0.14290740740740743	0.2681901747311192	0.0661851851851852	0.25376724968509706	0.09445702884641252
3	5	Random	0.8392777777777779	0.3753577861062163	0.15018518518518517	0.6156829858137592	0.22230290324553825
3	100	Normalized kNN (full)	0.2931111111111111	0.23168411768466513	0.06431481481481481	0.2527002600378554	0.0932107856634061
3	100	Random	1.0	0.04057549605414521	0.01812962962962963	0.0682195636573566	0.025657402325976457
5	10	Normalized kNN (full)	0.15272222222222223	0.26544708312335963	0.06627777777777778	0.25562464403948687	0.09455513194283167
3	5	iMF (full)	0.8392777777777779	0.5477260082567302	0.1661111111111111	0.6564021969418221	0.24280964185968656
5	10	Random	0.999611111111111	0.27246503753867996	0.11346296296296297	0.4744658294829746	0.16749455802577712
5	1000	Normalized kNN (full)	0.9797777777777779	0.1134982301116909	0.044222222222222225	0.18592360144002013	0.06580731759916038
5	1000	Random	1.0	0.0039072074472328465	0.0020555555555555557	0.00624377899675205	0.002765149717237356
3	5	Popularity	0.8392777777777779	0.49791699113267385	0.16031481481481483	0.6433262059330958	0.23567936740366066
1	2	Normalized kNN (full)	0.13811111111111113	0.2711325344453434	0.06481481481481481	0.2567224849119259	0.09297955588869528
1	2	Random	0.6101851851851852	0.45183449302770334	0.16235185185185186	0.6530091229325408	0.2385725656785796
3	100	iMF (full)	1.0	0.3663082499303359	0.11662962962962964	0.47274515077575324	0.17137063498831387
3	100	Popularity	1.0	0.265079149603397	0.08814814814814814	0.3639844979608599	0.13024869961760338
1	2	iMF (full)	0.6101851851851852	0.5657065404457647	0.16920370370370372	0.6675870808673895	0.2469113301574803
1	2	Popularity	0.6101851851851852	0.5269784311957357	0.166	0.6606122259442188	0.24313275415256688
5	1000	iMF (full)	1.0	0.16657551871691056	0.056629629629629634	0.23328747496164468	0.08324790550306051
5	1000	Popularity	1.0	0.09394612391385448	0.03553703703703704	0.14760245365434574	0.0522151633841417
5	10	iMF (full)	0.999611111111111	0.5254861865783333	0.1623703703703704	0.6402846916652418	0.23640055891804118
5	10	Popularity	0.999611111111111	0.45869743405530977	0.1494814814814815	0.6043402639269224	0.21947307423618456
5	2	Normalized kNN (test)	0.527537037037037	0.5357561405648422	0.16648148148148148	0.6512864768350076	0.2420722906648248
5	200	Normalized kNN (test)	1.0	0.04016387594017561	0.01925925925925926	0.08168940621947159	0.028563211561571038
5	1	Normalized kNN (test)	0.4728703703703704	0.5547414493294965	0.1675925925925926	0.6528436831606964	0.24322599454360674
4	2	Average Rating	0.6064814814814815	0.5056353171307364	0.1645	0.6582917111374194	0.2415795531588702
5	500	Normalized kNN (test)	1.0	0.009503706909459836	0.0045000000000000005	0.019302930449043795	0.00656556976775116
5	20	Normalized kNN (test)	0.9959259259259259	0.34216908769224286	0.1348888888888889	0.5602049677375633	0.19970026368974264
4	1	Average Rating	0.5190370370370371	0.5351587130891435	0.1659814814814815	0.6609043957207829	0.2432798519603442
4	200	Average Rating	1.0	0.017377344627548506	0.00788888888888889	0.0301725606269164	0.011138793502001107
4	2	kNN (full/test)	0.5316481481481482	0.5457185235749603	0.16268518518518518	0.6432751304908628	0.23783897289292583
3	5	Normalized kNN (test)	0.6819259259259259	0.48421308912480554	0.16001851851851853	0.6378638181224455	0.23482541284379993
2	10	Average Rating	0.999537037037037	0.34394696450415874	0.1388148148148148	0.5744580996120783	0.20549555189456442
4	10	Average Rating	0.9993888888888889	0.3520253450739798	0.1375185185185185	0.5764216131115961	0.2044413076525536
4	20	Average Rating	1.0	0.24004154556702528	0.10251851851851852	0.4360316874981951	0.1524245696378239
3	100	Normalized kNN (test)	1.0	0.10318792118102564	0.04772222222222222	0.2061534037108864	0.07132018140326843
4	2	iMF (test)	0.6064814814814815	0.5646400674165095	0.1673888888888889	0.6619646360863558	0.24465254496457314
4	1	kNN (full/test)	0.4727777777777778	0.5511774919420057	0.1633148148148148	0.6440233300793403	0.23855716297024906
4	200	kNN (full/test)	1.0	0.2900559264914297	0.09444444444444444	0.39776511759544436	0.1399985957498171
5	1000	Normalized kNN (test)	1.0	0.003451022231692291	0.001574074074074074	0.0065202300183548586	0.0022279391639526847
1	2	Normalized kNN (test)	0.5306666666666666	0.5367932044017298	0.1648888888888889	0.6508338806835202	0.24071894838943433
2	5	Average Rating	0.8397037037037036	0.43442767555478684	0.16001851851851853	0.6437654278475003	0.23562779736388528
4	500	Average Rating	1.0	0.007589572664247382	0.0038888888888888888	0.015728607206972663	0.005526367262036232
5	10	Normalized kNN (test)	0.8851851851851852	0.4351779119208799	0.1558888888888889	0.62772155803029	0.22891308748266725
4	200	iMF (test)	1.0	0.29378494395071025	0.09596296296296297	0.4050169727129239	0.1426150505382993
4	1	iMF (test)	0.5190370370370371	0.5722115106556489	0.1680925925925926	0.6637638856819806	0.24552716355523152
2	20	Average Rating	1.0	0.23317075321064618	0.10125925925925927	0.4205479899793395	0.14970332506668063
2	10	kNN (full/test)	0.9023333333333334	0.5133725476060068	0.1575925925925926	0.6275475127575155	0.23084611812839037
5	5	Average Rating	0.8391851851851853	0.4395710915711548	0.16144444444444445	0.6471306231623518	0.23676731003856752
4	10	kNN (full/test)	0.9013148148148149	0.507592448872708	0.15551851851851853	0.6261283776635703	0.22853167757758472
4	20	kNN (full/test)	0.9980185185185185	0.47425601482433677	0.14572222222222223	0.5921075311084139	0.21446860472720455
4	10	Random	0.9993888888888889	0.2679431000000462	0.11033333333333335	0.4677461812715745	0.16370503842867581
4	500	kNN (full/test)	1.0	0.21015884443497662	0.07081481481481482	0.29952675547718743	0.10502059196875581
5	100	Average Rating	1.0	0.04365985995569338	0.021592592592592594	0.08020633729786436	0.030485877349282174
4	2	Random	0.6064814814814815	0.44796626252084587	0.16	0.6462374745912364	0.23556020266198727
2	5	kNN (full/test)	0.6971666666666666	0.534964130299372	0.1632777777777778	0.6420943658403452	0.2384536244178893
4	1000	Average Rating	1.0	0.0018997901492690526	9.074074074074074E-4	0.003582561153976333	0.0012493062751408781
2	10	iMF (test)	0.999537037037037	0.5329312876121994	0.1628888888888889	0.6445289434375795	0.23823005232124692
4	10	iMF (test)	0.9993888888888889	0.5276315048403185	0.15996296296296297	0.6424131383756949	0.23495545195383716
1	10	Average Rating	0.999537037037037	0.3533507537591626	0.14025925925925925	0.5830539965207878	0.20759464831310234
4	20	iMF (test)	1.0	0.49023784542467286	0.15009259259259258	0.6087618356221314	0.2208696810810975
4	10	iMF (full)	0.9993888888888889	0.5205678343756183	0.15796296296296297	0.6345844635656851	0.23195893285439323
4	10	Popularity	0.9993888888888889	0.4504458779189996	0.1453888888888889	0.5995641087560691	0.2150604528161392
2	20	kNN (full/test)	0.9978888888888889	0.4774071932741406	0.1479074074074074	0.5924214615477481	0.21689326247395171
5	5	kNN (full/test)	0.6969074074074074	0.5407362966735128	0.16446296296296298	0.6459600090081561	0.23928622717421727
2	5	iMF (test)	0.8397037037037036	0.553783567987865	0.16801851851851854	0.6597817644076883	0.2451932007053694
4	2	Normalized kNN (full)	0.13742592592592592	0.26897189674881516	0.06494444444444444	0.25379044261912737	0.09313751182402838
4	2	iMF (full)	0.6064814814814815	0.5624739114702609	0.16694444444444445	0.661567871638546	0.24420532217071336
4	500	iMF (test)	1.0	0.20854877725382734	0.06981481481481482	0.30017734783863853	0.10431960802622117
4	2	Popularity	0.6064814814814815	0.5217633753927947	0.1634074074074074	0.6552630095610216	0.24009422322814902
3	0	Average Rating	0.42903703703703705	0.5702350667750669	0.16912962962962963	0.6622128135061978	0.2465533517968425
5	100	kNN (full/test)	1.0	0.3617027105296724	0.11448148148148149	0.4693055959581456	0.16825160183832286
2	20	iMF (test)	1.0	0.49378580164540514	0.1541851851851852	0.6139037361872698	0.2257527914802334
5	5	iMF (test)	0.8391851851851853	0.5568051991968151	0.1693888888888889	0.662889847561575	0.24621094703042437
4	1000	kNN (full/test)	1.0	0.1548940054030129	0.05361111111111111	0.22521823256624907	0.0793806291768709
1	10	kNN (full/test)	0.9067777777777778	0.513094877728934	0.1581851851851852	0.6324941866732712	0.2317176126332894
4	200	Normalized kNN (full)	0.4486296296296296	0.2035764083983508	0.061555555555555565	0.25060499703080946	0.09038377634633252
4	200	Random	1.0	0.019804591634075684	0.009370370370370371	0.033815242186920086	0.012916497491464514
4	1	Normalized kNN (full)	0.13575925925925927	0.2694972676694346	0.06496296296296296	0.25380367013235483	0.0931529439227938
4	1	Random	0.5190370370370371	0.48153303936343894	0.16253703703703704	0.6530058602170871	0.23895798460422776
5	100	iMF (test)	1.0	0.37023976273034437	0.11875925925925927	0.4847615907902134	0.1742954307473642
2	50	Average Rating	1.0	0.10047929890461427	0.047759259259259265	0.19147419762475332	0.06968585777898656
3	0	kNN (full/test)	0.41255555555555556	0.5632048795981955	0.1658703703703704	0.6478132661597559	0.24137495488831073
1	10	iMF (test)	0.999537037037037	0.5345262347719163	0.16314814814814815	0.6497418208873232	0.23870384668462888
4	1000	iMF (test)	1.0	0.15043784362236098	0.05187037037037037	0.22264720006560482	0.0774250738776688
4	200	iMF (full)	1.0	0.29948301586212517	0.09646296296296296	0.40410350060229533	0.1427417329691371
4	200	Popularity	1.0	0.20275780677049648	0.06924074074074074	0.29417095236780283	0.10274634581693798
4	10	Normalized kNN (full)	0.15105555555555555	0.2647765461626039	0.0647962962962963	0.25372060731013435	0.093051925035357
4	1	iMF (full)	0.5190370370370371	0.56624903492083	0.16777777777777778	0.6631966608927438	0.24526041667572762
2	10	Normalized kNN (full)	0.1527037037037037	0.2678281914101472	0.06601851851851852	0.25719832340868265	0.09447786321691858
4	1	Popularity	0.5190370370370371	0.5313243069632042	0.16464814814814815	0.6572655325430534	0.24160132538677084
2	10	Random	0.999537037037037	0.26891225646168937	0.1122777777777778	0.4689071488681959	0.16614255095079966
4	20	Normalized kNN (full)	0.1659074074074074	0.2600005472841098	0.0645	0.2535983481101672	0.09288969870771119
4	20	Random	1.0	0.1552971226885585	0.0674074074074074	0.2675022793181295	0.09827017461236282
3	0	iMF (test)	0.42903703703703705	0.58343809031073	0.17044444444444445	0.6654401590336645	0.24811659446702483
2	5	Normalized kNN (full)	0.1437037037037037	0.2699103896396126	0.06612962962962964	0.2572512318918361	0.09454824768505256
4	500	Normalized kNN (full)	0.7952777777777778	0.15591905654961036	0.055462962962962964	0.23345561313972932	0.08268855831137331
2	5	Random	0.8397037037037036	0.3757929999822085	0.1503888888888889	0.6176113253442168	0.2227566397990062
4	500	Random	1.0	0.0070317608106072365	0.003462962962962963	0.011721311109813155	0.004727242126658862
2	50	kNN (full/test)	1.0	0.4135206984813963	0.1294814814814815	0.5246411646861621	0.19029114911200756
2	10	iMF (full)	0.999537037037037	0.5228886108449178	0.16153703703703706	0.6400155771270456	0.23628078563513913
2	10	Popularity	0.999537037037037	0.4564690506287953	0.14829629629629631	0.6019435470520127	0.21847556392352102
4	20	iMF (full)	1.0	0.48522761705175077	0.14912962962962964	0.6024699589607263	0.21922414972295445
4	20	Popularity	1.0	0.39855037614731514	0.12855555555555556	0.5345996983024148	0.19040895845668995
2	20	Normalized kNN (full)	0.16975925925925928	0.2627017459926169	0.06583333333333333	0.25706653218088393	0.09433309785101597
2	20	Random	1.0	0.16185234828502773	0.06981481481481482	0.28063653994270593	0.10191543228375828
5	5	Normalized kNN (full)	0.1453148148148148	0.267797425911875	0.06635185185185186	0.2556626640956963	0.0945996385227366
5	5	Random	0.8391851851851853	0.37733937826471853	0.15053703703703702	0.6187141266561953	0.22226841645811382
2	5	iMF (full)	0.8397037037037036	0.5482363673881899	0.16705555555555557	0.6578202451147388	0.24405610686547735
4	500	iMF (full)	1.0	0.22044197288688325	0.07283333333333333	0.3080732688006655	0.10798302233706274
2	5	Popularity	0.8397037037037036	0.5009593725743106	0.1615925925925926	0.6449247909424163	0.23721364053662275
4	500	Popularity	1.0	0.13285160393990522	0.047203703703703706	0.19871789108737095	0.069962361726966
2	50	iMF (test)	1.0	0.4263679618450309	0.13464814814814816	0.5436328422386613	0.19777536640199772
5	100	Normalized kNN (full)	0.29727777777777775	0.232047363221409	0.06481481481481481	0.2546681275642104	0.09352302960328829
5	100	Random	1.0	0.040236448876878876	0.018277777777777778	0.06657449192016929	0.025503186373694437
2	20	iMF (full)	1.0	0.4871546745335149	0.1516111111111111	0.605601750473992	0.22211201407713815
5	5	iMF (full)	0.8391851851851853	0.5518317750052608	0.1685740740740741	0.6605128552249403	0.2450306262140673
1	10	Normalized kNN (full)	0.15151851851851852	0.2675440714490475	0.06474074074074075	0.2567300456673727	0.09295960168738528
2	20	Popularity	1.0	0.40595080163256475	0.13066666666666668	0.5345844053423918	0.1927278300669845
5	5	Popularity	0.8391851851851853	0.4987208217070783	0.16174074074074074	0.6466466451723757	0.23679068219904362
1	10	Random	0.999537037037037	0.2667352987007513	0.1120925925925926	0.4684410234903632	0.16568859514486972
4	1000	Normalized kNN (full)	0.9823518518518518	0.10953711837436075	0.04203703703703704	0.1802154033853569	0.06321078659607375
4	1000	Random	1.0	0.0036773266817417293	0.0015925925925925925	0.00595244009687614	0.00219861209265275
2	1	Average Rating	0.5201666666666667	0.5350432120407076	0.1682962962962963	0.661456521982945	0.24591464044609923
5	100	iMF (full)	1.0	0.3682579273150141	0.11772222222222223	0.4773874753150207	0.17234064588094522
3	0	Normalized kNN (full)	0.13433333333333333	0.2711961519361779	0.0662962962962963	0.2538159681868047	0.09452366077415555
5	100	Popularity	1.0	0.2648168526141522	0.08835185185185186	0.3655038660037163	0.13016395255448857
3	0	Random	0.42903703703703705	0.5321783452944928	0.16625925925925927	0.6558318628180493	0.24312887554680954
4	2	Normalized kNN (test)	0.5252592592592593	0.5312778523930327	0.1622777777777778	0.6437911340253779	0.23758402497607004
1	10	iMF (full)	0.999537037037037	0.5239019472188192	0.1608148148148148	0.6428037482967762	0.23544193618323128
1	10	Popularity	0.999537037037037	0.4572901758819934	0.14896296296296296	0.605684867821013	0.21936187680051217
4	1000	iMF (full)	1.0	0.16274324698821663	0.054925925925925934	0.23370492767787343	0.08140070107065792
4	1000	Popularity	1.0	0.0911746035415355	0.033944444444444444	0.14434085066040483	0.050253400276762256
2	0	Average Rating	0.43042592592592593	0.5714390676644433	0.1696111111111111	0.6639933816387661	0.24745167136420693
3	0	iMF (full)	0.42903703703703705	0.5776819710026466	0.1698703703703704	0.6643861654068227	0.24743659655247074
3	0	Popularity	0.42903703703703705	0.5518743251206983	0.16781481481481483	0.6604016230958265	0.24520960084452617
2	1	kNN (full/test)	0.4737777777777778	0.5574886361778374	0.1658703703703704	0.6467689796172982	0.2415632565052964
2	50	Normalized kNN (full)	0.21720370370370373	0.2520702118794941	0.06516666666666668	0.25667486430688136	0.09390440553817041
2	50	Random	1.0	0.07668216961765206	0.0335	0.12722673022270967	0.04776637314372195
2	0	kNN (full/test)	0.41350000000000003	0.5642310623663587	0.16624074074074074	0.6475000155566674	0.2420104696436916
2	1	iMF (test)	0.5201666666666667	0.5771263481806237	0.17066666666666666	0.6652597398958385	0.2485237207097602
4	200	Normalized kNN (test)	1.0	0.04454749013829973	0.020203703703703706	0.09284985701697183	0.030653060184353653
2	50	iMF (full)	1.0	0.42465455019039416	0.13381481481481483	0.542506109773925	0.19652568421309247
2	50	Popularity	1.0	0.3256841363915	0.10622222222222223	0.43831441942787713	0.15696472522156313
4	1	Normalized kNN (test)	0.4709814814814815	0.5482493966642987	0.16316666666666668	0.6449228265466797	0.23856421210584652
2	0	iMF (test)	0.43042592592592593	0.582194176048148	0.17112962962962963	0.6661063845595331	0.24903361969657958
1	50	Average Rating	1.0	0.10414657910173723	0.04955555555555556	0.19829939536010097	0.07187878978313929
2	10	Normalized kNN (test)	0.8837962962962963	0.42779783050208264	0.15324074074074073	0.6216538510065044	0.22618606790762186
4	20	Normalized kNN (test)	0.9962962962962963	0.34726064514618915	0.13192592592592592	0.5575693400968801	0.19686555933854388
4	10	Normalized kNN (test)	0.8873148148148148	0.43180735592642516	0.15142592592592594	0.6208166672934496	0.224091772702893
2	200	Average Rating	1.0	0.01554389916320721	0.007555555555555557	0.026531560798895445	0.01042787024898684
4	5	Average Rating	0.8404814814814815	0.4403999127943116	0.15801851851851853	0.6457127897118888	0.23352967946294012
1	1	Average Rating	0.5237222222222222	0.5375250098797766	0.16842592592592592	0.6662044471056946	0.2461192505832711
1	50	kNN (full/test)	1.0	0.4159223117614407	0.12924074074074074	0.5268564074056923	0.1899645255291458
4	500	Normalized kNN (test)	1.0	0.01159894259477453	0.0052592592592592595	0.023227105643095877	0.00787375849570552
2	5	Normalized kNN (test)	0.6851111111111111	0.48823845960883017	0.1617037037037037	0.6417912496016492	0.2371798428389021
2	1	Normalized kNN (full)	0.13764814814814816	0.2718200016931695	0.06622222222222222	0.2572866011984198	0.09459545962424443
5	5	Normalized kNN (test)	0.6839074074074074	0.4927856779745618	0.1635740740740741	0.6458092084176564	0.2386061780953159
2	20	Normalized kNN (test)	0.9954259259259259	0.3413060056540046	0.1325	0.5561642841609211	0.19733362643777175
2	1	Random	0.5201666666666667	0.486491754519488	0.1653888888888889	0.6542783078459153	0.2420946753972678
4	5	Random	0.8404814814814815	0.37120321867014366	0.1485	0.617314652802564	0.22056854129564862
1	50	iMF (test)	1.0	0.4340848554290936	0.13583333333333333	0.5522743153155166	0.19964719646284063
5	100	Normalized kNN (test)	1.0	0.10093138093292885	0.04685185185185185	0.20532735272793995	0.07019301119123575
1	20	Average Rating	1.0	0.23811140231091962	0.10307407407407408	0.42925933027891855	0.1521842670722623
2	200	kNN (full/test)	1.0	0.29791349601551625	0.09655555555555555	0.39810628507385437	0.14222732681612457
2	0	Normalized kNN (full)	0.13614814814814816	0.27221661546145637	0.06622222222222222	0.2572866011984198	0.09459545962424443
4	5	kNN (full/test)	0.6981296296296297	0.5303335279311031	0.16066666666666668	0.6391574250306633	0.23536784958476564
2	0	Random	0.43042592592592593	0.5312381854198444	0.1665925925925926	0.6560343211313048	0.2435448340496973
1	1	kNN (full/test)	0.4777777777777778	0.5589309393262143	0.1660925925925926	0.6518037320496867	0.24196559061312894
4	1000	Normalized kNN (test)	1.0	0.004195571634154139	0.001925925925925926	0.007931362431900185	0.0028265126914221055
1	5	Average Rating	0.8427592592592592	0.4380577638168469	0.16044444444444445	0.6487975075404379	0.23608721491259652
2	1	iMF (full)	0.5201666666666667	0.5700089918726783	0.1700925925925926	0.6645167040606245	0.2478533684047202
2	1	Popularity	0.5201666666666667	0.5398234923787089	0.16757407407407407	0.6592047081005888	0.24492007333553018
4	5	iMF (full)	0.8404814814814815	0.544140232520479	0.16418518518518518	0.6550582683869886	0.24075331468851277
4	5	Popularity	0.8404814814814815	0.49362348739480544	0.15833333333333333	0.6434806155420308	0.23360071354347148
3	0	Normalized kNN (test)	0.4121851851851852	0.5655461425408077	0.16527777777777777	0.6470653562864086	0.24082762384785963
2	200	iMF (test)	1.0	0.29692132222036727	0.09746296296296297	0.40546397405481754	0.14402051734076504
1	20	Random	1.0	0.1587724060209972	0.06787037037037037	0.27767506819074395	0.09916920234956064
2	500	Average Rating	1.0	0.006433140193843202	0.003425925925925926	0.012323067910235316	0.004732804337747184
2	0	iMF (full)	0.43042592592592593	0.5765608641496028	0.1705925925925926	0.6653433674420265	0.24842879148726688
2	0	Popularity	0.43042592592592593	0.552964121271531	0.16842592592592592	0.6606303330496057	0.2459153256842071
1	1	iMF (test)	0.5237222222222222	0.5792398059277543	0.17042592592592593	0.66945296368774	0.24826450017658497
1	5	Random	0.8427592592592592	0.3759162063695974	0.15005555555555558	0.6178880609751024	0.22197696523270674
1	20	kNN (full/test)	0.9981481481481481	0.4777336427234306	0.14738888888888887	0.5942422768651644	0.21625522282200668
4	100	Average Rating	1.0	0.04564747482959616	0.02162962962962963	0.08637365079186675	0.03130292113541746
1	5	kNN (full/test)	0.7010000000000001	0.5369681602378175	0.16353703703703704	0.64700078622899	0.23887559285982146
1	20	iMF (full)	1.0	0.48935219068087726	0.15196296296296297	0.6096931639235138	0.22264510694231018
1	20	Popularity	1.0	0.4031838861263707	0.1312962962962963	0.5404284067101187	0.1937917379132968
2	1000	Average Rating	1.0	0.0022192007085439854	0.0010925925925925927	0.004089205276237851	0.001502672058636111
1	5	iMF (full)	0.8427592592592592	0.5515244301615113	0.16748148148148148	0.6633525352438191	0.244547999606361
5	0	Average Rating	0.4310740740740741	0.5773942801146915	0.17162962962962963	0.667890971271495	0.24914831636585405
2	500	kNN (full/test)	1.0	0.21487788870376429	0.0707962962962963	0.29329829232138294	0.10436828724028571
1	20	iMF (test)	1.0	0.5002029182179333	0.15403703703703706	0.6189384441932017	0.22585570017082107
1	50	Normalized kNN (full)	0.21444444444444444	0.25138506962199764	0.06403703703703705	0.2563765626060937	0.09254379328097313
1	50	Random	1.0	0.07508827083074121	0.03283333333333333	0.12955897916861459	0.04705636219604444
2	50	Normalized kNN (test)	1.0	0.1961926340252616	0.0850925925925926	0.36979643808172574	0.12757248195962312
1	5	iMF (test)	0.8427592592592592	0.5575674334970511	0.16798148148148148	0.6645762182350463	0.24526035473359262
1	5	Popularity	0.8427592592592592	0.498877249574338	0.1612037037037037	0.6493564596980411	0.23696996505682313
4	100	kNN (full/test)	1.0	0.35449643373336054	0.11216666666666668	0.46798791655440425	0.1660496814996499
2	500	iMF (test)	1.0	0.20900058473788635	0.07127777777777779	0.3019213614649017	0.10575834643927848
1	50	iMF (full)	1.0	0.42968437568250867	0.13474074074074074	0.5469637195214665	0.1978432747944873
2	1000	kNN (full/test)	1.0	0.16174472704006396	0.05442592592592593	0.22774190960333196	0.08022184561868788
1	50	Popularity	1.0	0.32343620174224547	0.10596296296296297	0.4409967726985478	0.15665986703410634
2	200	Normalized kNN (full)	0.44787037037037036	0.20831815322884714	0.06275925925925926	0.25359434723024976	0.09168722319867102
2	200	Random	1.0	0.021035467386276162	0.00938888888888889	0.03588316029390261	0.013226796393957269
1	1	Normalized kNN (full)	0.1361111111111111	0.2715529774679112	0.06490740740740741	0.25680059944971784	0.09305523337824415
1	1	Random	0.5237222222222222	0.48544966961955827	0.1647037037037037	0.6575639865982785	0.24132615517375813
5	0	kNN (full/test)	0.4140185185185185	0.5689256362522301	0.16785185185185184	0.6521028366193224	0.2432927365886902
4	100	iMF (test)	1.0	0.36421600909630863	0.11599999999999999	0.4825980778486159	0.17160087605575014
5	50	Average Rating	1.0	0.10143863726991166	0.05016666666666667	0.19517656771008893	0.07225551852105647
2	1000	iMF (test)	1.0	0.1508615728207154	0.051814814814814814	0.22333439662205168	0.0771447806445592
2	200	iMF (full)	1.0	0.302435960819735	0.09890740740740742	0.40650944382516174	0.14547530520060256
2	200	Popularity	1.0	0.20590818858038146	0.07074074074074074	0.293240285231577	0.10455094407801219
1	1	iMF (full)	0.5237222222222222	0.5716001593509037	0.17022222222222222	0.6693081797536303	0.24806638255529354
5	0	iMF (test)	0.4310740740740741	0.5849144824419955	0.17229629629629628	0.6688793816689292	0.24977382690520736
1	1	Popularity	0.5237222222222222	0.5391693990877784	0.1673148148148148	0.6631367302498816	0.2447234712396206
1	5	Normalized kNN (full)	0.1426111111111111	0.27008649407752694	0.0647962962962963	0.2567423206780333	0.09298058206906148
4	5	Normalized kNN (full)	0.14246296296296299	0.26778547215558385	0.06485185185185185	0.2537546590194444	0.09308741452222542
4	5	iMF (test)	0.8404814814814815	0.5503136589659589	0.16533333333333333	0.6572790731773452	0.24204757811850616
1	20	Normalized kNN (full)	0.1676851851851852	0.2623258511234568	0.06442592592592593	0.2565608217178537	0.09276945346127778
4	5	Normalized kNN (test)	0.6863333333333334	0.488511123132627	0.1592037037037037	0.6384018308144294	0.234011550565931
5	50	kNN (full/test)	1.0	0.4181697939698688	0.131	0.5291948188411814	0.19176486459678527
1	0	Average Rating	0.4339074074074074	0.5766756694575503	0.1696666666666667	0.6683897391798755	0.24752913323428727
2	500	Normalized kNN (full)	0.7969074074074074	0.15990670688897393	0.05668518518518519	0.23714331194471197	0.08406818012897
2	500	Random	1.0	0.007792256984460813	0.003648148148148148	0.013391887351457453	0.005103830804325753
5	50	iMF (test)	1.0	0.4283995496974261	0.13564814814814816	0.5455347430402389	0.1984828269945039
2	1	Normalized kNN (test)	0.47190740740740744	0.5500518982777839	0.166	0.6487590341398658	0.24209770068140035
4	100	Normalized kNN (full)	0.2957037037037037	0.2315289786072854	0.0632962962962963	0.2526836750070213	0.0920196387534237
4	100	Random	1.0	0.04101683227021723	0.017962962962962962	0.06912890920971713	0.025272939430224354
1	10	Normalized kNN (test)	0.8892962962962963	0.4321854310908798	0.15314814814814814	0.6258158683204523	0.22615284853771253
2	0	Normalized kNN (test)	0.41464814814814815	0.5689968159247699	0.1665925925925926	0.6495499562357703	0.24268289476803567
1	0	kNN (full/test)	0.418	0.5651962533034414	0.16661111111111113	0.652825216737838	0.2425697849182951
2	500	iMF (full)	1.0	0.21973471726796948	0.0735925925925926	0.3051796239529948	0.10837706072841659
2	500	Popularity	1.0	0.13640521250596735	0.049240740740740745	0.20389757252910562	0.07264642014688859
2	1000	Normalized kNN (full)	0.9848333333333334	0.11228772238223295	0.04359259259259259	0.18716578344596707	0.06517057797198568
2	1000	Random	1.0	0.004431262442663013	0.0020555555555555557	0.007496644614518074	0.0028526245376603566
5	0	Normalized kNN (full)	0.13696296296296298	0.27037252806012185	0.06640740740740741	0.25568724715829105	0.0946312081876396
5	0	Random	0.4310740740740741	0.5353658579206556	0.1685740740740741	0.6609743213083453	0.24530334022987074
4	100	iMF (full)	1.0	0.3651878420126034	0.11518518518518518	0.47797345745977377	0.17017034991834631
4	100	Popularity	1.0	0.2588833060217307	0.08572222222222223	0.3611096440858834	0.12720759749597593
1	0	iMF (test)	0.4339074074074074	0.5864698145545638	0.17105555555555557	0.6704414555322705	0.2489467459048542
5	0	Popularity	0.4310740740740741	0.5528902362583454	0.16953703703703704	0.6639319846239917	0.24660636846188622
4	0	Average Rating	0.42942592592592593	0.573270555392706	0.1675	0.6634666797587614	0.24505293228774994
4	0	Random	0.42942592592592593	0.5332388814951903	0.16527777777777777	0.6575302757959421	0.24212214139877292
2	1000	iMF (full)	1.0	0.16336491431226835	0.05611111111111111	0.23201706945784178	0.08238056729717325
2	1000	Popularity	1.0	0.09404217940217928	0.035555555555555556	0.149218629085167	0.05255417136159949
5	50	Normalized kNN (full)	0.2175185185185185	0.24922384980086548	0.06570370370370371	0.2552971473152779	0.09416619590996728
5	50	Random	1.0	0.07206117254366251	0.03325925925925926	0.125745469402005	0.047075558148331864
1	50	Normalized kNN (test)	1.0	0.20213645925576573	0.08627777777777779	0.37607455192081496	0.12960744318483963
4	0	iMF (full)	0.42942592592592593	0.5753173327811839	0.1682962962962963	0.6641950843892156	0.24584420654358036
1	1	Normalized kNN (test)	0.474962962962963	0.5538945639433113	0.16570370370370371	0.651876425844121	0.24157093986738867
4	0	kNN (full/test)	0.4122222222222222	0.5579242014102422	0.16392592592592595	0.6453886098612867	0.2392921286290408
5	50	iMF (full)	1.0	0.4278099743851982	0.13577777777777778	0.5442551677576181	0.19832255368569993
5	50	Popularity	1.0	0.32408108342412273	0.10748148148148148	0.4397569305872492	0.15785888392125416
2	200	Normalized kNN (test)	1.0	0.03928467472410477	0.01903703703703704	0.0812176076719336	0.02830210451211585
4	0	iMF (test)	0.42942592592592593	0.5795775566315681	0.16853703703703704	0.6644883675705707	0.2460630531755436
1	5	Normalized kNN (test)	0.6905555555555556	0.48882459468489664	0.16133333333333333	0.643688625300134	0.23646941066872493
4	0	Popularity	0.42942592592592593	0.5466374252230087	0.16594444444444445	0.6598415011906827	0.24311933132551253
1	0	Normalized kNN (full)	0.1348703703703704	0.27197671606808793	0.06490740740740741	0.25680059944971784	0.09305523337824415
4	50	Average Rating	1.0	0.10715712988808064	0.04955555555555556	0.20554131917058996	0.07293975334724925
1	0	Random	0.4339074074074074	0.5338436306141059	0.1672962962962963	0.6619616441564194	0.24434837235311685
4	0	Normalized kNN (full)	0.13431481481481483	0.2699525806390827	0.06496296296296296	0.25380367013235483	0.0931529439227938
5	0	iMF (full)	0.4310740740740741	0.5789126410241858	0.17214814814814816	0.6685451104273368	0.24951807222706252
1	200	Average Rating	1.0	0.015083585287440686	0.00775925925925926	0.02795115144180184	0.010638865968185533
1	0	iMF (full)	0.4339074074074074	0.5800259313902545	0.1708148148148148	0.6702872053314028	0.2487989581750119
1	0	Popularity	0.4339074074074074	0.5523323927997482	0.16853703703703704	0.6653878133360343	0.24614359585249548
4	50	kNN (full/test)	1.0	0.40969663188774147	0.12787037037037038	0.5265981288860494	0.18870830706487565
2	500	Normalized kNN (test)	1.0	0.009953772844270618	0.0046851851851851855	0.018990959514579745	0.006797540906719556
4	100	Normalized kNN (test)	1.0	0.10958105139043245	0.04875925925925926	0.2194966452262653	0.07386543166295916
4	50	iMF (test)	1.0	0.42560315949299726	0.13285185185185186	0.5463963011391507	0.19612051696609625
1	200	kNN (full/test)	1.0	0.30005470487715413	0.09601851851851852	0.39986953369790684	0.14195898023327863
1	200	iMF (test)	1.0	0.30488600449032444	0.09885185185185187	0.41338069355648943	0.14632109326502213
2	100	Average Rating	1.0	0.04356142194314782	0.021296296296296296	0.08163753703091203	0.030416103574396138
1	500	Average Rating	1.0	0.00516990103045555	0.003148148148148148	0.011217193417990743	0.004327684681941236
2	1000	Normalized kNN (test)	1.0	0.0036338930795922703	0.0016481481481481482	0.006003864624819423	0.002275520578036228
4	50	Normalized kNN (full)	0.21637037037037038	0.24849541397581362	0.06420370370370371	0.25333080893968435	0.09266081560053015
5	50	Normalized kNN (test)	1.0	0.19893486179737285	0.08653703703703704	0.370213941079283	0.12894491451650975
4	50	Random	1.0	0.07466458580257014	0.032796296296296296	0.12878556535877234	0.047224641433155974
2	100	kNN (full/test)	1.0	0.3573939100663053	0.11427777777777778	0.46633586986422937	0.16817414000402559
1	500	kNN (full/test)	1.0	0.21946731666733446	0.0724074074074074	0.30468452101466365	0.10708015659775337
1	1000	Average Rating	1.0	8.384406204741109E-4	4.814814814814815E-4	0.0017425879036134036	6.506285926895076E-4
5	0	Normalized kNN (test)	0.4147777777777778	0.5745867405856352	0.1683888888888889	0.6539427191555657	0.24410300712860866
1	0	Normalized kNN (test)	0.4182592592592592	0.5729364456148416	0.16655555555555554	0.6531345918835589	0.24249672585300286
1	200	Normalized kNN (full)	0.4473703703703704	0.20865313695242238	0.061870370370370374	0.2538166937218912	0.09070511636852552
1	200	Random	1.0	0.02192199525214311	0.009962962962962963	0.036197057944819325	0.013769594946386831
4	0	Normalized kNN (test)	0.4134814814814815	0.5678791549419343	0.16427777777777777	0.6466584094359648	0.23980664372829644
4	50	iMF (full)	1.0	0.42029551081349986	0.13155555555555556	0.5399883313722966	0.19398302465771858
4	50	Popularity	1.0	0.31994996674533427	0.10437037037037038	0.4365916797850093	0.1547067196725396
2	100	iMF (test)	1.0	0.3645187548599207	0.11803703703703704	0.4845018302844455	0.17396474070559348
1	500	iMF (test)	1.0	0.21624217618626249	0.07212962962962963	0.3080665799272685	0.10728075862373919
1	200	iMF (full)	1.0	0.3075824693568152	0.09890740740740742	0.4079633506832925	0.14563467620185203
1	1000	kNN (full/test)	1.0	0.164437916938725	0.0552962962962963	0.23421856990283163	0.08183749825906389
1	200	Popularity	1.0	0.20524813226624405	0.07042592592592593	0.2989192621722123	0.10451916819222283
1	1000	iMF (test)	1.0	0.15612302233764708	0.05385185185185185	0.23271328405111646	0.08029453531800303
2	100	Normalized kNN (full)	0.2945925925925926	0.23205720716007683	0.06433333333333334	0.2557471553444766	0.09314033990058167
2	100	Random	1.0	0.04003980674728809	0.018388888888888892	0.06459871301680807	0.025586018033681674
1	500	Normalized kNN (full)	0.7886481481481481	0.16135184247032738	0.05653703703703704	0.23882743889347285	0.08394317546854564
1	500	Random	1.0	0.009281815093360901	0.0038888888888888888	0.014735986109390316	0.0055035090244234825
2	100	iMF (full)	1.0	0.364453475902463	0.11712962962962963	0.4768149824711016	0.17224037231120903
2	100	Popularity	1.0	0.26480573661144063	0.08825925925925926	0.3622724171112685	0.13026582897880015
1	500	iMF (full)	1.0	0.2289141538742428	0.07477777777777778	0.31020004269218115	0.11015822921000414
1	500	Popularity	1.0	0.1315853496049875	0.047759259259259265	0.199183478923095	0.0703941702386297
1	1000	Normalized kNN (full)	0.9772962962962962	0.11438919063978928	0.04375925925925926	0.18945795730232126	0.06542762621803942
1	1000	Random	1.0	0.004057544487729156	0.0018703703703703705	0.005995948022000973	0.0024479999517073793
4	50	Normalized kNN (test)	1.0	0.20216501217141522	0.08577777777777777	0.3772912087731685	0.12929848431766405
1	1000	iMF (full)	1.0	0.17154347525172864	0.05712962962962963	0.24134836814207725	0.08447483449049538
1	1000	Popularity	1.0	0.09195953854188141	0.034722222222222224	0.1456492362291674	0.05123638899641386
1	200	Normalized kNN (test)	1.0	0.04230413963873811	0.02051851851851852	0.08857093138376765	0.030575893939487037
1	500	Normalized kNN (test)	1.0	0.010331703217371245	0.004962962962962963	0.020333452151897913	0.00724138899892878
2	100	Normalized kNN (test)	1.0	0.10243743075332536	0.047370370370370375	0.20646084919050556	0.07110641439173704
1	1000	Normalized kNN (test)	1.0	0.003655520618730037	0.0016481481481481482	0.007266142342186186	0.0023898301573049003
1	100	Average Rating	1.0	0.046281384210346846	0.022574074074074076	0.08961921674404796	0.03228218046885151
1	100	kNN (full/test)	1.0	0.36014717975378097	0.11383333333333334	0.46920290930583963	0.16771009212531002
1	100	iMF (test)	1.0	0.3746197619229258	0.11920370370370371	0.49148841313690117	0.17574496173836537
1	100	Normalized kNN (full)	0.29564814814814816	0.2326186164305902	0.06305555555555556	0.2556124874259884	0.09185547109595069
1	100	Random	1.0	0.04062244808705362	0.018185185185185186	0.06898183586531423	0.02571930890424253
1	100	iMF (full)	1.0	0.3720306660673599	0.11803703703703704	0.4828551528028411	0.17358920442095754
1	100	Popularity	1.0	0.2590226488655878	0.08718518518518519	0.3626800981290412	0.1287430497080713
1	100	Normalized kNN (test)	1.0	0.10457056665942638	0.048240740740740744	0.21207416797761303	0.07256154713506678
3	50	Random	1.0	0.07125104649991622	0.032518518518518516	0.12263212773942415	0.046408146107051414
3	50	iMF (full)	1.0	0.4270446762734437	0.13403703703703704	0.540240215639365	0.19664229667572142
3	50	Popularity	1.0	0.32584378703977	0.10622222222222223	0.43865301684832536	0.15692488087490786
3	50	Normalized kNN (test)	1.0	0.1950177929849566	0.08438888888888889	0.3626826217541227	0.12631493695303436
3	50	Normalized kNN (full)	0.21314814814814814	0.24919420473021345	0.0652962962962963	0.25328055632774865	0.09387740253083146
3	50	kNN (full/test)	1.0	0.41473140486363413	0.13	0.5277059439208772	0.1910206440950422
3	50	iMF (test)	1.0	0.42873047770399364	0.13511111111111113	0.5472950807920456	0.19859509701469016
1	20	Normalized kNN (test)	0.9960185185185185	0.3449237105919795	0.13296296296296295	0.5607694682743575	0.1979893614049734
