fold	target size	recommender system	Coverage@10	nDCG@10	P@10	Recall@10	FScore@10
3	50	Average Rating	1.0	0.11947599899746143	0.05733333333333334	0.22518589549056495	0.08290943030409784
3	50	iMF (test)	1.0	0.39893405944454924	0.1322222222222222	0.5331961078270062	0.19396684386906443
3	50	Normalized kNN (full)	0.2347962962962963	0.24019565670918133	0.06544444444444444	0.2533437904667669	0.09395413362025033
3	50	Random	1.0	0.07183315917674127	0.03155555555555556	0.11744015178591528	0.04484192639310505
3	50	iMF (full)	1.0	0.4087530153918506	0.13277777777777777	0.5367807191896213	0.1949129366746867
3	50	Popularity	1.0	0.3016775879679621	0.10216666666666667	0.42125732512856134	0.15097241508225737
3	50	kNN (test)	1.0	0.3921085908064479	0.1287037037037037	0.5279046372221236	0.18981648178735006
3	50	Normalized kNN (test)	1.0	0.17101899712267213	0.07629629629629629	0.32998595238902595	0.11416857527318242
3	50	kNN (full)	1.0	0.39095217399711657	0.12531481481481482	0.5099597380343986	0.18409063168555811
3	100	Average Rating	1.0	0.044177488526515395	0.025500000000000002	0.0990244313262001	0.03631991030521758
3	100	iMF (test)	1.0	0.329052331270355	0.11270370370370371	0.4574917483231002	0.16549528957963355
3	100	Normalized kNN (full)	0.31427777777777777	0.21884129766483718	0.06446296296296297	0.25272527836735315	0.09325561240870095
3	100	Random	1.0	0.04098588017655353	0.018962962962962963	0.0683165663915906	0.026512298914774225
3	100	iMF (full)	1.0	0.3399598018469247	0.11327777777777778	0.45781477566868933	0.16613964046550625
3	100	Popularity	1.0	0.24634584785326727	0.08588888888888889	0.35409991815606096	0.12694555591122958
3	100	kNN (test)	1.0	0.31685935512132724	0.10737037037037038	0.44394681437300976	0.1585202335924626
3	100	Normalized kNN (test)	1.0	0.08306434997483847	0.03885185185185185	0.16422415177250496	0.057563552773615315
3	100	kNN (full)	1.0	0.3230209144759978	0.10674074074074073	0.4330522025718519	0.15672275010860973
3	20	Average Rating	1.0	0.27973288979360683	0.09142592592592592	0.36328912413386705	0.13282167127217862
3	20	iMF (test)	1.0	0.4872229146873168	0.15144444444444446	0.60709608552238	0.22206455268407985
3	20	Normalized kNN (full)	0.17935185185185185	0.2573533271422182	0.06592592592592593	0.25361616230829237	0.09428032421962501
3	20	Random	1.0	0.16208722791386065	0.0700925925925926	0.27926020304445676	0.10180184148521322
3	20	iMF (full)	1.0	0.4815325139862951	0.14992592592592593	0.6019685504947556	0.21992607428691446
3	20	Popularity	1.0	0.36430497010786816	0.12014814814814816	0.5008787941143583	0.17803004408747297
3	20	kNN (test)	1.0	0.4625457666350489	0.1472037037037037	0.5955305914854601	0.21648152625209635
3	20	Normalized kNN (test)	0.9997962962962962	0.3316581204650973	0.1265925925925926	0.5302923041635426	0.18817047878213752
3	20	kNN (full)	0.9770740740740741	0.4617502626059251	0.14422222222222222	0.5790347522156676	0.2114596438824652
3	500	Average Rating	1.0	0.011434004799672388	0.005740740740740741	0.022119175313758975	0.007983543915710134
3	500	iMF (test)	1.0	0.19460679780994378	0.06835185185185186	0.2838702011441916	0.10105606725715972
3	500	Normalized kNN (full)	0.8390185185185185	0.15308994952563826	0.05587037037037037	0.2294503615204145	0.08273642907190756
3	500	Random	1.0	0.008997128370072775	0.004166666666666667	0.015127610953691788	0.0057149287933345614
3	500	iMF (full)	1.0	0.21826061122982895	0.07333333333333333	0.298157298238259	0.10755863512943542
3	500	Popularity	1.0	0.1196008129311934	0.04375925925925926	0.1797394675452247	0.06444705054791162
3	500	kNN (test)	1.0	0.20038629193294089	0.06737037037037037	0.2775998729684345	0.09939797658828563
3	500	Normalized kNN (test)	1.0	0.008856542838902524	0.00412962962962963	0.017050634722296763	0.005894838372548296
3	500	kNN (full)	1.0	0.2119144431687712	0.07181481481481482	0.29543410188069835	0.10566712299820294
3	1000	Average Rating	1.0	0.002165550834836766	0.0010555555555555557	0.004102480238359151	0.0015374772106224923
3	1000	iMF (test)	1.0	0.14028760414490607	0.04990740740740741	0.21104509114084302	0.07411988319711377
3	1000	Normalized kNN (full)	0.9807592592592593	0.11051129774153545	0.043555555555555556	0.18191117914084962	0.0649411100798223
3	1000	Random	1.0	0.0032671696640654163	0.0016666666666666668	0.005412883709188988	0.0022593507638169947
3	1000	iMF (full)	1.0	0.1717504567978366	0.05787037037037037	0.23715057744744392	0.0850566960121814
3	1000	Popularity	1.0	0.09515328782078136	0.03564814814814815	0.14675062515265894	0.05246785349527822
3	1000	kNN (test)	1.0	0.1560135619985694	0.05251851851851852	0.21849454404572827	0.07757093111108525
3	1000	Normalized kNN (test)	1.0	0.003493627131878784	0.0015925925925925925	0.006237477521143286	0.0022693670073545783
3	1000	kNN (full)	1.0	0.16297891301753378	0.05524074074074074	0.22852003706351082	0.08135221278737308
3	200	Average Rating	1.0	0.01737118268440797	0.008648148148148148	0.031571136510558505	0.011859377977237826
3	200	iMF (test)	1.0	0.27671464309747107	0.09533333333333334	0.39090487924110684	0.14048481046159567
3	200	Normalized kNN (full)	0.4650740740740741	0.19844977793303975	0.06312962962962963	0.2511095539402189	0.09211475288695313
3	200	Random	1.0	0.0208920940858157	0.009166666666666667	0.03610841160025294	0.01285785015578212
3	200	iMF (full)	1.0	0.2936767154655625	0.09824074074074074	0.40044690152875156	0.14432087082970488
3	200	Popularity	1.0	0.19163573603397704	0.07403703703703704	0.3075177462008201	0.10959367544871725
3	200	kNN (test)	1.0	0.26790514908590957	0.09162962962962963	0.3804366925872574	0.1353890461047447
3	200	Normalized kNN (test)	1.0	0.03507358588375269	0.016537037037037038	0.07088285138910243	0.024336092996761025
3	200	kNN (full)	1.0	0.27934158718111257	0.0942037037037037	0.38384888097941583	0.13841410752975783
3	2	Average Rating	0.6058333333333333	0.5001445605073895	0.16568518518518519	0.6563008113807828	0.24258698611881452
3	2	iMF (test)	0.6058333333333333	0.5700810669192267	0.1695925925925926	0.6635966554153931	0.24707444705065837
3	2	Normalized kNN (full)	0.13542592592592595	0.27091955024914427	0.0662962962962963	0.2538159681868047	0.09452366077415555
3	2	Random	0.6058333333333333	0.4592361063023908	0.16166666666666665	0.6460430571347803	0.2375807132091548
3	2	iMF (full)	0.6058333333333333	0.5630120195089863	0.1685740740740741	0.6618357916212515	0.24587568250942557
3	2	Popularity	0.6058333333333333	0.5252866702297628	0.16475925925925927	0.6548969761774719	0.24158254729729303
3	2	kNN (test)	0.6031851851851852	0.560007363058779	0.16774074074074075	0.6598895666834113	0.2448502999878324
3	2	Normalized kNN (test)	0.5766111111111111	0.5247586776480813	0.1645	0.6484268618782509	0.24035852278270453
3	2	kNN (full)	0.48859259259259263	0.5371666008930651	0.15798148148148147	0.6183804727957125	0.22992351340855866
3	10	Average Rating	0.9995185185185185	0.41817812960640655	0.1458148148148148	0.5988803037833179	0.21562252612400926
3	10	iMF (test)	0.9995185185185185	0.5287001795848981	0.16042592592592594	0.6384762259346504	0.23487347821270962
3	10	Normalized kNN (full)	0.14516666666666667	0.2681597581786226	0.06605555555555555	0.2536723531151794	0.09435416368807233
3	10	Random	0.9995185185185185	0.27039756748158805	0.11403703703703705	0.47780057028954126	0.16906133411519308
3	10	iMF (full)	0.9995185185185185	0.5232352095497176	0.15938888888888889	0.634493200587067	0.2333832832246338
3	10	Popularity	0.9995185185185185	0.4394389314063715	0.13862962962962963	0.5722782972628172	0.20528916166620445
3	10	kNN (test)	0.9980555555555556	0.5252512906709369	0.15805555555555556	0.634168417326267	0.2319734135257816
3	10	Normalized kNN (test)	0.9780370370370369	0.43634075061515465	0.15185185185185185	0.6180556951165578	0.22421881404521585
3	10	kNN (full)	0.8572592592592593	0.5092419654243286	0.1527037037037037	0.6072754648271719	0.22334053343653573
3	5	Average Rating	0.8362962962962963	0.4725459452854765	0.16068518518518518	0.644413343152948	0.2361361674103798
3	5	iMF (test)	0.8362962962962963	0.5467946652767134	0.16674074074074074	0.6576264093699837	0.24352191247777216
3	5	Normalized kNN (full)	0.1426111111111111	0.26909555653587874	0.06625925925925927	0.25380245998364126	0.0945038760321486
3	5	Random	0.8362962962962963	0.3861447718729027	0.14922222222222223	0.6145485542062041	0.2213256312757979
3	5	iMF (full)	0.8362962962962963	0.5414042984285025	0.1658888888888889	0.6555886250871776	0.2425085489279201
3	5	Popularity	0.8362962962962963	0.4736232730810467	0.15538888888888888	0.6331804033659116	0.2296898761993635
3	5	kNN (test)	0.8323703703703704	0.5374290637779954	0.16407407407407407	0.6517065572428713	0.24025697009428112
3	5	Normalized kNN (test)	0.7931111111111111	0.4738237509091584	0.15981481481481483	0.6387088612367067	0.2346336795382856
3	5	kNN (full)	0.6664814814814815	0.5189364990685595	0.1560925925925926	0.6148825725754125	0.22764831619516376
3	1	Average Rating	0.5177777777777778	0.5064338529158848	0.16690740740740742	0.6586245067183669	0.2441023469136787
3	1	iMF (test)	0.5177777777777778	0.5710695865809171	0.16972222222222222	0.6639404227996892	0.24728288784609162
3	1	Normalized kNN (full)	0.13535185185185183	0.27092589073314643	0.0662962962962963	0.2538159681868047	0.09452366077415555
3	1	Random	0.5177777777777778	0.48655205880914487	0.1645925925925926	0.6526422496883251	0.2411845198724091
3	1	iMF (full)	0.5177777777777778	0.5667601386220184	0.1690925925925926	0.6630209868693201	0.2465252780149851
3	1	Popularity	0.5177777777777778	0.5289180227028458	0.16562962962962963	0.656509924443198	0.2426605043610602
3	1	kNN (test)	0.515888888888889	0.5616878709404549	0.1680925925925926	0.6604446880024215	0.2452676632069242
3	1	Normalized kNN (test)	0.5057037037037038	0.532965182716507	0.16537037037037036	0.6499291592963979	0.24140474128333464
3	1	kNN (full)	0.4487222222222222	0.5400911078765752	0.1582777777777778	0.6187359049150335	0.23023681354144906
3	0	Average Rating	0.42903703703703705	0.5702350667750669	0.16912962962962963	0.6622128135061978	0.2465533517968425
3	0	iMF (test)	0.42903703703703705	0.583494052604817	0.1705	0.665452845806768	0.24820141197524406
3	0	Normalized kNN (full)	0.13433333333333333	0.2711961519361779	0.0662962962962963	0.2538159681868047	0.09452366077415555
3	0	Random	0.42903703703703705	0.5318086848813492	0.16690740740740742	0.657800107074279	0.24388423908405826
3	0	iMF (full)	0.42903703703703705	0.5786673618197669	0.1698888888888889	0.6644045989239769	0.2474811879278309
3	0	Popularity	0.42903703703703705	0.5518743251206983	0.16781481481481483	0.6604016230958265	0.24520960084452617
3	0	kNN (test)	0.4271111111111111	0.5718976524396645	0.16898148148148148	0.6621921948541838	0.24634206106579346
3	0	Normalized kNN (test)	0.4176296296296296	0.568888248995817	0.16675925925925925	0.6521265973344553	0.2429471392214514
3	0	kNN (full)	0.38701851851851854	0.5471876300723018	0.15868518518518518	0.619306538499556	0.23068992716329328
2	50	Average Rating	1.0	0.08998373238723889	0.04231481481481481	0.164427565694802	0.0608291687026236
2	50	iMF (test)	1.0	0.38659223629855666	0.1297962962962963	0.5269300770957976	0.19079834225552494
2	50	Normalized kNN (full)	0.24709259259259259	0.2380309044940109	0.06524074074074074	0.25663321233211467	0.09388150649474536
2	50	Random	1.0	0.07628102620594826	0.033	0.12685263151337847	0.04730722762367979
2	50	iMF (full)	1.0	0.3953725115851058	0.13127777777777777	0.5323245293233724	0.1927782577834667
2	50	Popularity	1.0	0.2872182169043682	0.09616666666666668	0.3924766008917528	0.1417124930836572
2	50	kNN (test)	1.0	0.3763783280097864	0.12562962962962962	0.5155059255362624	0.185342528514448
2	50	Normalized kNN (test)	1.0	0.16133344019723977	0.07511111111111111	0.32063671994332216	0.11163090239391275
2	50	kNN (full)	1.0	0.3729447245951411	0.12203703703703704	0.49486499726561517	0.17925138046662176
2	100	Average Rating	1.0	0.042021732966396365	0.01988888888888889	0.07631362819615467	0.028338729490645916
2	100	iMF (test)	1.0	0.3350716777892577	0.11333333333333333	0.4655777675309728	0.16708865414190183
2	100	Normalized kNN (full)	0.3085	0.22294528461767169	0.06424074074074075	0.2559602695436998	0.09316638865839696
2	100	Random	1.0	0.03946626127313327	0.017611111111111112	0.0634595420296801	0.02461298954884531
2	100	iMF (full)	1.0	0.3481850370656575	0.1152962962962963	0.47039939788774787	0.16957114756785244
2	100	Popularity	1.0	0.2575468713769688	0.08970370370370372	0.3678660383818875	0.13236878009792186
2	100	kNN (test)	1.0	0.32451337282345066	0.11009259259259259	0.4527455215775549	0.16243115582020737
2	100	Normalized kNN (test)	1.0	0.06295728966438283	0.030296296296296297	0.13066606396163943	0.04508357588527808
2	100	kNN (full)	1.0	0.32645458294563506	0.10725925925925926	0.4367777328703373	0.15760217521360753
2	20	Average Rating	1.0	0.2465242337661484	0.10803703703703703	0.4547724229409436	0.16034846999929672
2	20	iMF (test)	1.0	0.4884367986288501	0.15105555555555555	0.6069724283336296	0.2217427965199562
2	20	Normalized kNN (full)	0.14937037037037038	0.26714367168063524	0.06574074074074074	0.25702442504590073	0.09427817033654581
2	20	Random	1.0	0.15601692145023477	0.06881481481481481	0.27640997159520037	0.10019345261813231
2	20	iMF (full)	1.0	0.4918779837235767	0.14940740740740743	0.6004438789760795	0.21922617924143664
2	20	Popularity	1.0	0.4133187140750651	0.12261111111111112	0.5092367770321533	0.1814955058877749
2	20	kNN (test)	1.0	0.493290593612152	0.14757407407407408	0.5930088728265401	0.21651760380898533
2	20	Normalized kNN (test)	0.9999629629629629	0.3113869300501247	0.12316666666666667	0.5214504823149353	0.18349729236756537
2	20	kNN (full)	0.9823888888888889	0.47870171869923844	0.14412962962962964	0.5789338785061835	0.21148454418591822
2	500	Average Rating	1.0	0.007667530529607824	0.0037407407407407407	0.013236392265106263	0.005145249255420576
2	500	iMF (test)	1.0	0.20658572875719305	0.06953703703703704	0.29495595831308014	0.10317949668317727
2	500	Normalized kNN (full)	0.7720555555555556	0.16761072705307573	0.05792592592592593	0.24084880900984112	0.08570454601730808
2	500	Random	1.0	0.01040478351717189	0.004481481481481482	0.016327110337932334	0.006171250344207227
2	500	iMF (full)	1.0	0.22897309768040597	0.07583333333333334	0.3139682864476155	0.11173765512560312
2	500	Popularity	1.0	0.13559211706825258	0.05066666666666667	0.20948369861674135	0.07477648605987074
2	500	kNN (test)	1.0	0.22337710788754483	0.07155555555555557	0.29639399159117774	0.105645845138414
2	500	Normalized kNN (test)	1.0	0.008280763219482805	0.0037777777777777783	0.015613784773727468	0.005426326562895993
2	500	kNN (full)	1.0	0.22867516154516238	0.0745925925925926	0.30800605685571125	0.10987055147407251
2	1000	Average Rating	1.0	0.0022192007085439854	0.0010925925925925927	0.004089205276237851	0.001502672058636111
2	1000	iMF (test)	1.0	0.1402050726035749	0.04905555555555556	0.21203311389333804	0.07305735738541587
2	1000	Normalized kNN (full)	0.9848333333333334	0.11228772238223295	0.04359259259259259	0.18716578344596707	0.06517057797198568
2	1000	Random	1.0	0.004761421447663055	0.002240740740740741	0.007346225332427718	0.0030213982464035723
2	1000	iMF (full)	1.0	0.1634645850359095	0.05590740740740741	0.23151968687014882	0.08233867629269076
2	1000	Popularity	1.0	0.09404217940217928	0.035555555555555556	0.149218629085167	0.05255417136159949
2	1000	kNN (test)	1.0	0.1532753320749501	0.0515925925925926	0.21556275453449938	0.07616570969422301
2	1000	Normalized kNN (test)	1.0	0.003503100104296431	0.0015	0.00615124217788173	0.0021009069465837043
2	1000	kNN (full)	1.0	0.16148652815472303	0.05475925925925926	0.22787859389155407	0.08062535976524765
2	200	Average Rating	1.0	0.014490416562442513	0.00662962962962963	0.02328865414234072	0.009042675129037336
2	200	iMF (test)	1.0	0.2791500305184879	0.0937037037037037	0.38996636533600304	0.1384707337514416
2	200	Normalized kNN (full)	0.4586666666666667	0.20151396083400724	0.06261111111111112	0.2533336628354185	0.09163609591426751
2	200	Random	1.0	0.01913924018013581	0.009370370370370371	0.03194133760162952	0.01283807302330928
2	200	iMF (full)	1.0	0.2898982150992591	0.09651851851851853	0.39747483154819774	0.14205308633100358
2	200	Popularity	1.0	0.19584869975535935	0.07083333333333333	0.2939636776080924	0.10470526601695676
2	200	kNN (test)	1.0	0.2691440316115413	0.0890925925925926	0.37011040501617226	0.1316741584140251
2	200	Normalized kNN (test)	1.0	0.03562659733653279	0.01677777777777778	0.07089649235859866	0.02489856948102646
2	200	kNN (full)	1.0	0.2791809225347567	0.09177777777777778	0.3766698501860013	0.13501251219197902
2	2	Average Rating	0.6072962962962963	0.45982632239913823	0.16496296296296298	0.655616317676198	0.24214318922552813
2	2	iMF (test)	0.6072962962962963	0.5684713208452179	0.16957407407407407	0.6635033239695256	0.24725512551970352
2	2	Normalized kNN (full)	0.13712962962962963	0.27169816548632697	0.06614814814814815	0.2572545680578595	0.09455436656577716
2	2	Random	0.6072962962962963	0.4442873512228337	0.1622962962962963	0.6460717032660511	0.23821213411336684
2	2	iMF (full)	0.6072962962962963	0.5627159417901125	0.16916666666666666	0.6629854662734528	0.24678035129622508
2	2	Popularity	0.6072962962962963	0.5261877192104618	0.1660740740740741	0.6566361683763644	0.24318912695259096
2	2	kNN (test)	0.6005925925925926	0.5570684302264308	0.1680925925925926	0.66056857764508	0.2455189828219157
2	2	Normalized kNN (test)	0.561037037037037	0.5013553440674192	0.16490740740740742	0.649967016864063	0.24131421501733447
2	2	kNN (full)	0.48214814814814816	0.5369175816685978	0.1583888888888889	0.6184720434790048	0.2307911147858826
2	10	Average Rating	0.9997222222222222	0.43177450810525103	0.15314814814814814	0.6176226760297786	0.22540963698993247
2	10	iMF (test)	0.9997222222222222	0.5325306320417033	0.1617962962962963	0.6402060049034	0.23667164937204319
2	10	Normalized kNN (full)	0.14344444444444446	0.2693482672101461	0.06601851851851852	0.25718017978144664	0.09447020192435744
2	10	Random	0.9997222222222222	0.2782105028193031	0.11203703703703703	0.46752309524016555	0.16570610930298918
2	10	iMF (full)	0.9997222222222222	0.5304400451380278	0.16094444444444445	0.6380151980618677	0.23548424605457546
2	10	Popularity	0.9997222222222222	0.4566415222764114	0.14644444444444446	0.5988554336662907	0.21638588602727676
2	10	kNN (test)	0.9981296296296296	0.5261203289295213	0.16018518518518518	0.6399748357388382	0.23495854707975253
2	10	Normalized kNN (test)	0.9611851851851851	0.4434842598585539	0.15312962962962962	0.6222357259038301	0.22602452388118421
2	10	kNN (full)	0.8289259259259258	0.5094635024563242	0.15396296296296297	0.6096449465451826	0.22529948051442833
2	5	Average Rating	0.839574074074074	0.44396431583431833	0.15974074074074074	0.6429128950699976	0.23524619767862295
2	5	iMF (test)	0.839574074074074	0.5487747518871482	0.1672037037037037	0.6581256512631048	0.24424783706370354
2	5	Normalized kNN (full)	0.14061111111111113	0.2701123755801059	0.06612962962962964	0.25722811303140447	0.09453258007340243
2	5	Random	0.839574074074074	0.3728568565527081	0.14955555555555555	0.6147176106205813	0.22144996683638613
2	5	iMF (full)	0.839574074074074	0.5454325333910176	0.16657407407407407	0.656896600425901	0.24349073663285872
2	5	Popularity	0.839574074074074	0.48879974889097877	0.15966666666666668	0.641649056631132	0.2349551240654557
2	5	kNN (test)	0.8321666666666666	0.5369830555231059	0.16503703703703704	0.6541811983063118	0.24171076345515433
2	5	Normalized kNN (test)	0.7702222222222221	0.4704191491775593	0.1610185185185185	0.6419644566670584	0.2364698384131186
2	5	kNN (full)	0.634888888888889	0.519579211389001	0.15674074074074074	0.6157522584719389	0.22887888285324465
2	1	Average Rating	0.5192222222222223	0.530154382328644	0.16794444444444445	0.660880902229503	0.2455109239116142
2	1	iMF (test)	0.5192222222222223	0.5719508897530909	0.1701851851851852	0.6642904544424333	0.2479028016790037
2	1	Normalized kNN (full)	0.13696296296296298	0.2719041154132827	0.06620370370370371	0.25728229456620616	0.09458847150404877
2	1	Random	0.5192222222222223	0.48918150741904937	0.1652037037037037	0.6539552441248732	0.24185212040535173
2	1	iMF (full)	0.5192222222222223	0.565619303699834	0.16964814814814816	0.6639961663590882	0.2474510238970447
2	1	Popularity	0.5192222222222223	0.5278088962745071	0.16648148148148148	0.6573742636144597	0.24369224445390245
2	1	kNN (test)	0.5177962962962963	0.5598867725835504	0.1688148148148148	0.6619355539382259	0.24637863953478195
2	1	Normalized kNN (test)	0.5083518518518518	0.5344606583102944	0.1666851851851852	0.6525875536424554	0.2432069861186206
2	1	kNN (full)	0.4534259259259259	0.5398306944055593	0.15883333333333335	0.6191667501693254	0.23129356341050925
2	0	Average Rating	0.43042592592592593	0.5714390676644433	0.1696111111111111	0.6639933816387661	0.24745167136420693
2	0	iMF (test)	0.43042592592592593	0.5828859449655119	0.1711666666666667	0.6661532002192714	0.24900468816494467
2	0	Normalized kNN (full)	0.13614814814814816	0.27221661546145637	0.06622222222222222	0.2572866011984198	0.09459545962424443
2	0	Random	0.43042592592592593	0.5330639570735938	0.16672222222222224	0.6562208362395928	0.24364171316175384
2	0	iMF (full)	0.43042592592592593	0.5766947286760462	0.17061111111111113	0.6655090734405181	0.24849643914390795
2	0	Popularity	0.43042592592592593	0.552964121271531	0.16842592592592592	0.6606303330496057	0.2459153256842071
2	0	kNN (test)	0.42894444444444446	0.5728326558690403	0.1701111111111111	0.6643286994227288	0.24789807656787133
2	0	Normalized kNN (test)	0.4198518518518518	0.5722679521878633	0.16785185185185184	0.6547049660139684	0.24453932248951926
2	0	kNN (full)	0.38922222222222225	0.546695914247037	0.15962962962962962	0.6203099782277411	0.2321663934672655
1	50	Average Rating	1.0	0.09470146358233096	0.052259259259259255	0.2121706311944779	0.07615181859715486
1	50	iMF (test)	1.0	0.40262064294135397	0.1325	0.5394477791984708	0.19471906482601264
1	50	Normalized kNN (full)	0.23125925925925925	0.24219848736035465	0.06390740740740741	0.2561393048216549	0.09239713329385703
1	50	Random	1.0	0.07685619207086185	0.03337037037037038	0.1298456560344909	0.047490145640344594
1	50	iMF (full)	1.0	0.4087208634481839	0.1323148148148148	0.5383490956606646	0.19442380805949663
1	50	Popularity	1.0	0.3015699876919362	0.10140740740740742	0.4178007099769844	0.1495312323273478
1	50	kNN (test)	1.0	0.39252158598589393	0.1287962962962963	0.5315198955595485	0.19019063102347702
1	50	Normalized kNN (test)	1.0	0.1835232105531062	0.08094444444444444	0.35078733728265854	0.12116026294810567
1	50	kNN (full)	1.0	0.3901956089794335	0.12451851851851851	0.5098851031802755	0.18318417272896118
1	100	Average Rating	1.0	0.017715651911409218	0.010388888888888888	0.03599962380333633	0.014059141667109646
1	100	iMF (test)	1.0	0.33003637710879546	0.11114814814814816	0.4589817967179622	0.16373799631216984
1	100	Normalized kNN (full)	0.3369814814814815	0.22282662240843112	0.06309259259259259	0.25542530816348546	0.0917809489543708
1	100	Random	1.0	0.03981917539249117	0.01814814814814815	0.06854583005819286	0.025484415285452037
1	100	iMF (full)	1.0	0.34173334355615753	0.11301851851851853	0.4618285972066995	0.1662401624781683
1	100	Popularity	1.0	0.22919110699567738	0.08296296296296296	0.34879145438646614	0.1229778490158666
1	100	kNN (test)	1.0	0.31959511345673364	0.10572222222222222	0.4422528663874806	0.156397722763294
1	100	Normalized kNN (test)	1.0	0.07775061288131238	0.03738888888888889	0.16102825557875874	0.05567393265100606
1	100	kNN (full)	1.0	0.32389269808172605	0.10437037037037038	0.4307416420728258	0.15372256074488122
1	20	Average Rating	1.0	0.26639103062083036	0.1109814814814815	0.45847139702166473	0.16352090343096812
1	20	iMF (test)	1.0	0.5008933476680837	0.1532037037037037	0.6147254136903836	0.22445826664473995
1	20	Normalized kNN (full)	0.14824074074074073	0.2666948277513752	0.06451851851851853	0.25659682341418205	0.09281586927727722
1	20	Random	1.0	0.15943159241362964	0.06985185185185185	0.2812593783869359	0.10170702210870418
1	20	iMF (full)	1.0	0.5037514305482806	0.15331481481481482	0.6147609660555963	0.22456284108016272
1	20	Popularity	1.0	0.42970571760990517	0.13146296296296295	0.5431383727788169	0.1943332077262274
1	20	kNN (test)	1.0	0.5037042434787546	0.15137037037037038	0.6123140191951312	0.22237397786474797
1	20	Normalized kNN (test)	0.9997962962962962	0.33691211566721974	0.13162962962962965	0.5546330299323058	0.19565212777923816
1	20	kNN (full)	0.9699074074074074	0.4883345129993757	0.14701851851851852	0.589402680156123	0.2153577843760479
1	500	Average Rating	1.0	0.007553891927264	0.004370370370370371	0.015789326880867798	0.006007612573321509
1	500	iMF (test)	1.0	0.20390478152272373	0.06970370370370371	0.2975665119453163	0.10368288745289442
1	500	Normalized kNN (full)	0.826	0.16074942525089467	0.05611111111111111	0.23814123898838788	0.08343441693825493
1	500	Random	1.0	0.00817951634727022	0.00362962962962963	0.012085954877193487	0.005008613935791734
1	500	iMF (full)	1.0	0.2223614469480047	0.07392592592592592	0.30802370405914986	0.10901731868365994
1	500	Popularity	1.0	0.12083247512476739	0.045814814814814815	0.19198395083056177	0.0676216940182512
1	500	kNN (test)	1.0	0.20447017191130604	0.06774074074074074	0.28527502691771295	0.10022156081157174
1	500	Normalized kNN (test)	1.0	0.008862498471781107	0.004092592592592593	0.01677865798944191	0.00591358311587277
1	500	kNN (full)	1.0	0.21467868850563682	0.07185185185185185	0.300486584455228	0.10621451798344649
1	1000	Average Rating	1.0	8.384406204741109E-4	4.814814814814815E-4	0.0017425879036134036	6.506285926895076E-4
1	1000	iMF (test)	1.0	0.1449548885260165	0.050555555555555555	0.21985266269766116	0.07565291419085685
1	1000	Normalized kNN (full)	0.9772962962962962	0.11438919063978928	0.04375925925925926	0.18945795730232126	0.06542762621803942
1	1000	Random	1.0	0.0032775737942644452	0.0016481481481481482	0.005705587673809474	0.002201689018772634
1	1000	iMF (full)	1.0	0.1705538143099793	0.05707407407407407	0.2413476957275511	0.08436142262564299
1	1000	Popularity	1.0	0.09195953854188141	0.034722222222222224	0.1456492362291674	0.05123638899641386
1	1000	kNN (test)	1.0	0.15412736513544759	0.051500000000000004	0.21879059812917426	0.07623942016836786
1	1000	Normalized kNN (test)	1.0	0.002989183437032092	0.001388888888888889	0.0061358459750724455	0.0020190751102472956
1	1000	kNN (full)	1.0	0.16282769868855426	0.05496296296296296	0.23301614406342833	0.08144183744067203
1	200	Average Rating	1.0	0.012324155134070688	0.006666666666666667	0.02368387374098976	0.009026332708698143
1	200	iMF (test)	1.0	0.2819422882395162	0.09592592592592593	0.4006169987958796	0.1417324213323578
1	200	Normalized kNN (full)	0.485425925925926	0.20104157612238774	0.062	0.25418991641931926	0.09085282781976489
1	200	Random	1.0	0.019665584520668966	0.00838888888888889	0.03256327494812665	0.011653768486730987
1	200	iMF (full)	1.0	0.2932561747469656	0.098	0.4038736620050535	0.1442740499080107
1	200	Popularity	1.0	0.1777697572116001	0.06822222222222223	0.2875035257478156	0.1010575785994843
1	200	kNN (test)	1.0	0.26153625154700166	0.08927777777777778	0.3717075053739912	0.1318772354842264
1	200	Normalized kNN (test)	1.0	0.03325606821591168	0.01577777777777778	0.07001522812625098	0.023671391627184873
1	200	kNN (full)	1.0	0.27341557600396577	0.09131481481481482	0.3780912037204927	0.13451821062237954
1	2	Average Rating	0.6084074074074074	0.5650408085414362	0.1686851851851852	0.6663857442036584	0.24633291040953845
1	2	iMF (test)	0.6084074074074074	0.5716861657134628	0.1692962962962963	0.667755808428923	0.2470196471695913
1	2	Normalized kNN (full)	0.13707407407407407	0.2713991844649114	0.06483333333333334	0.2567670064994582	0.09301048239969803
1	2	Random	0.6084074074074074	0.452523508583488	0.1627037037037037	0.6540532517972055	0.23898596772112884
1	2	iMF (full)	0.6084074074074074	0.5634598202148902	0.16855555555555557	0.6664617181508432	0.24617652677822063
1	2	Popularity	0.6084074074074074	0.5042386963568334	0.1634074074074074	0.6559314190238364	0.24016557576388364
1	2	kNN (test)	0.607	0.5598221416200254	0.16783333333333333	0.6638499639233436	0.24526893732718816
1	2	Normalized kNN (test)	0.5992222222222222	0.5614600490489681	0.16666666666666666	0.6573148041636271	0.24326152544995505
1	2	kNN (full)	0.5412222222222222	0.5372627387379597	0.15812962962962962	0.6207837983744167	0.23030919105556463
1	10	Average Rating	0.9998703703703704	0.3810783467770828	0.1509074074074074	0.6178838239665619	0.22258283668127293
1	10	iMF (test)	0.9998703703703704	0.5413002570502538	0.16272222222222224	0.6479673643708759	0.2380182174431683
1	10	Normalized kNN (full)	0.13957407407407407	0.27027673742518854	0.06468518518518519	0.25668054380150657	0.09291447581900185
1	10	Random	0.9998703703703704	0.26501033500380383	0.11320370370370372	0.47656227519534394	0.16761141717871625
1	10	iMF (full)	0.9998703703703704	0.5387147716679328	0.16135185185185186	0.6422908206327235	0.2358724570286258
1	10	Popularity	0.9998703703703704	0.47236975661045866	0.14957407407407408	0.6104496279971338	0.22049320725264385
1	10	kNN (test)	0.994574074074074	0.5349751520570291	0.16111111111111112	0.6456245854817816	0.236233301472089
1	10	Normalized kNN (test)	0.9485925925925925	0.42204862645550467	0.15333333333333332	0.6273489068737884	0.2264290873645625
1	10	kNN (full)	0.8013703703703703	0.5151925329411015	0.154	0.611480016164701	0.2250316428557717
1	5	Average Rating	0.8435740740740741	0.542428396841645	0.1647962962962963	0.6578917729918509	0.24137204734065584
1	5	iMF (test)	0.8435740740740741	0.5625054345404764	0.16777777777777778	0.6633932773467283	0.2449285281713977
1	5	Normalized kNN (full)	0.13777777777777778	0.2710689693916707	0.06481481481481481	0.2567603927428445	0.09300073581100406
1	5	Random	0.8435740740740741	0.38069972241825045	0.1506296296296296	0.6216174869054061	0.22288716208877232
1	5	iMF (full)	0.8435740740740741	0.5567257568789699	0.16681481481481483	0.6619800469810531	0.2437923841702734
1	5	Popularity	0.8435740740740741	0.49598771195818037	0.16022222222222224	0.6474910831251671	0.23584281903654314
1	5	kNN (test)	0.817574074074074	0.5550701492946609	0.16633333333333333	0.6603352785952525	0.24329502443269563
1	5	Normalized kNN (test)	0.7614074074074074	0.5331127981702249	0.16275925925925924	0.6499164446161593	0.2385794672292118
1	5	kNN (full)	0.6355555555555555	0.5317780609947004	0.15705555555555556	0.6187246724940348	0.2289840736428139
1	1	Average Rating	0.522074074074074	0.5759216943954214	0.1696111111111111	0.6682786280687645	0.24745770466285869
1	1	iMF (test)	0.522074074074074	0.5794649585709871	0.17062962962962963	0.6695900685693498	0.24848370222883717
1	1	Normalized kNN (full)	0.13596296296296298	0.27189072595489394	0.06490740740740741	0.25680059944971784	0.09305523337824415
1	1	Random	0.522074074074074	0.4853771630086907	0.16512962962962963	0.6575272644326803	0.24177159997980652
1	1	iMF (full)	0.522074074074074	0.571016662448408	0.17027777777777778	0.669575576965472	0.24820261242553315
1	1	Popularity	0.522074074074074	0.5207580825228942	0.16624074074074074	0.6613736541630745	0.24351487106398476
1	1	kNN (test)	0.5206111111111111	0.5694348729501657	0.16964814814814816	0.6668043720747547	0.24729184160090686
1	1	Normalized kNN (test)	0.5123148148148148	0.5746787210639993	0.16777777777777778	0.6588099767581718	0.244441922266251
1	1	kNN (full)	0.4677777777777778	0.5437155911415903	0.15916666666666668	0.6227411999315989	0.23144627756614433
1	0	Average Rating	0.4339074074074074	0.5766756694575503	0.1696666666666667	0.6683897391798755	0.24752913323428727
1	0	iMF (test)	0.4339074074074074	0.5873474915364416	0.17112962962962963	0.670782884884811	0.24910465624216147
1	0	Normalized kNN (full)	0.1348703703703704	0.27197671606808793	0.06490740740740741	0.25680059944971784	0.09305523337824415
1	0	Random	0.4339074074074074	0.5340149075995922	0.16714814814814816	0.6621443850100658	0.2442404014742476
1	0	iMF (full)	0.4339074074074074	0.5804106849296298	0.17099999999999999	0.6707576384476693	0.24904045507449252
1	0	Popularity	0.4339074074074074	0.5523323927997482	0.16853703703703704	0.6653878133360343	0.24614359585249548
1	0	kNN (test)	0.4323888888888889	0.5741635859345398	0.17007407407407407	0.6677855796531846	0.24781881059154115
1	0	Normalized kNN (test)	0.4237777777777778	0.5775313758629055	0.168	0.659306162157135	0.2447173033768144
1	0	kNN (full)	0.3924074074074074	0.5480443031581256	0.15964814814814815	0.6236428887777322	0.23202377456525297
5	50	Average Rating	1.0	0.10389758076788311	0.05212962962962963	0.20250043524591863	0.07505335337329776
5	50	iMF (test)	1.0	0.38190301800553933	0.12905555555555556	0.5223572099010805	0.18904275332691145
5	50	Normalized kNN (full)	0.24487037037037035	0.23586057324316761	0.0652962962962963	0.2550637197865964	0.09389032075976628
5	50	Random	1.0	0.07628490955499174	0.03411111111111111	0.13048421647934147	0.048476520721545
5	50	iMF (full)	1.0	0.390923904023337	0.1302962962962963	0.5242009138483082	0.19058094144491788
5	50	Popularity	1.0	0.2931269640507244	0.09912962962962964	0.40744718573409533	0.14575991913878575
5	50	kNN (test)	1.0	0.37031904182160014	0.12275925925925925	0.5053947022689669	0.1805915504808564
5	50	Normalized kNN (test)	1.0	0.15849925460081835	0.07400000000000001	0.31863496616988984	0.11020977768423997
5	50	kNN (full)	1.0	0.37165294526963616	0.12057407407407408	0.48944303784055254	0.17650677730318265
5	100	Average Rating	1.0	0.018675576687550655	0.010907407407407409	0.03819352971862876	0.014817534854819701
5	100	iMF (test)	1.0	0.3162303185603552	0.10924074074074074	0.44999507587920107	0.16061304603970125
5	100	Normalized kNN (full)	0.3433703703703704	0.2134301531879618	0.06442592592592593	0.25411983465792287	0.0931695516172206
5	100	Random	1.0	0.03921645593122168	0.018000000000000002	0.06627503965141056	0.025120473900793694
5	100	iMF (full)	1.0	0.3258206418730421	0.11087037037037038	0.4518855912548504	0.16232393867724806
5	100	Popularity	1.0	0.23648410363090408	0.08248148148148149	0.34291443126504784	0.12145377541625231
5	100	kNN (test)	1.0	0.30323083057207567	0.10198148148148149	0.4233517866045571	0.1501135041873088
5	100	Normalized kNN (test)	1.0	0.06995365183062005	0.03451851851851852	0.14532296418978832	0.0510684783244527
5	100	kNN (full)	1.0	0.31121155632853126	0.1035	0.4235122172104053	0.15168571483674848
5	20	Average Rating	1.0	0.21991962197834755	0.09912962962962964	0.4084041761553293	0.14549552468925542
5	20	iMF (test)	1.0	0.5049266799494456	0.15462962962962962	0.6140126016802173	0.2256050518253584
5	20	Normalized kNN (full)	0.14777777777777779	0.2668229411399824	0.06607407407407408	0.2555275231212398	0.09442414301265067
5	20	Random	1.0	0.16007591192266668	0.06851851851851852	0.27359650370313343	0.09940517958745175
5	20	iMF (full)	1.0	0.5060053988019003	0.15394444444444447	0.6095317604004123	0.22425159293096708
5	20	Popularity	1.0	0.4357139584497979	0.1360740740740741	0.5538283860263271	0.2000808348182864
5	20	kNN (test)	1.0	0.5114144977808966	0.15388888888888888	0.6137116606770854	0.22471910821443764
5	20	Normalized kNN (test)	0.9994444444444445	0.3234002982186527	0.13016666666666665	0.5439991517062247	0.19295126745387586
5	20	kNN (full)	0.9572777777777778	0.4940439775556116	0.149	0.5925359618539671	0.2173177717105329
5	500	Average Rating	1.0	0.007864768900001196	0.004	0.014691804764189263	0.005469680964143577
5	500	iMF (test)	1.0	0.19142797826468147	0.06701851851851852	0.28064647905711526	0.099018970520775
5	500	Normalized kNN (full)	0.817925925925926	0.15758321369275108	0.05690740740740741	0.2338327800520614	0.0839239342711997
5	500	Random	1.0	0.008371687197756396	0.004074074074074074	0.01345142748239864	0.005334616909300481
5	500	iMF (full)	1.0	0.2170882751817563	0.07288888888888889	0.300117547461062	0.10706651190993752
5	500	Popularity	1.0	0.125377144306141	0.047370370370370375	0.19772930636347133	0.06982358708888856
5	500	kNN (test)	1.0	0.20175009000474178	0.06753703703703703	0.283711424032398	0.09963186052583943
5	500	Normalized kNN (test)	1.0	0.008322568601605915	0.003944444444444445	0.01620766732022878	0.005691653987793574
5	500	kNN (full)	1.0	0.21160863518745857	0.07192592592592593	0.29826227609889194	0.10568320689944025
5	1000	Average Rating	1.0	0.0016536457453755096	7.037037037037038E-4	0.002894179894179894	0.0010021176777712726
5	1000	iMF (test)	1.0	0.1393061553797361	0.050240740740740746	0.21201637316918379	0.07451671666849091
5	1000	Normalized kNN (full)	0.9797777777777779	0.1134982301116909	0.044222222222222225	0.18592360144002013	0.06580731759916038
5	1000	Random	1.0	0.0037980516102488647	0.002037037037037037	0.006598318394197767	0.0026816333277830603
5	1000	iMF (full)	1.0	0.16746430397881554	0.05683333333333334	0.23450437577204003	0.08347192318847224
5	1000	Popularity	1.0	0.09394612391385448	0.03553703703703704	0.14760245365434574	0.0522151633841417
5	1000	kNN (test)	1.0	0.15476263858896624	0.05218518518518519	0.21979684787195714	0.07705208606241032
5	1000	Normalized kNN (test)	1.0	0.0027395409626866777	0.0012037037037037038	0.005499224275126894	0.001727766740451639
5	1000	kNN (full)	1.0	0.16143217358298798	0.05507407407407408	0.22920276684116503	0.08096169688316182
5	200	Average Rating	1.0	0.014386534841844907	0.008074074074074074	0.028953264252535547	0.010999550433077598
5	200	iMF (test)	1.0	0.2738952975064581	0.09455555555555556	0.3906734513479869	0.13911976133899095
5	200	Normalized kNN (full)	0.4786296296296296	0.1960835780274009	0.06314814814814815	0.25238519735122933	0.09193805089817131
5	200	Random	1.0	0.017758405041630565	0.008703703703703703	0.029163444969953767	0.01165580218137059
5	200	iMF (full)	1.0	0.28712329558769106	0.09653703703703705	0.39476579284068175	0.14150773390271748
5	200	Popularity	1.0	0.1907402651006382	0.07477777777777778	0.31266288059222297	0.11025389908353624
5	200	kNN (test)	1.0	0.26075261941294026	0.08868518518518519	0.37135613197952816	0.13084535789164492
5	200	Normalized kNN (test)	1.0	0.030857251771026117	0.014796296296296297	0.06354955873463547	0.0219723667650761
5	200	kNN (full)	1.0	0.27397081898180214	0.09255555555555556	0.38313793026474496	0.13601744635667304
5	2	Average Rating	0.606037037037037	0.5268107832360467	0.16872222222222222	0.662535573483009	0.24577380812748856
5	2	iMF (test)	0.606037037037037	0.564247141851027	0.17087037037037037	0.6662704352260783	0.24803642796676054
5	2	Normalized kNN (full)	0.13985185185185187	0.26906854229190236	0.06640740740740741	0.25568724715829105	0.0946312081876396
5	2	Random	0.606037037037037	0.46725422798940563	0.1637037037037037	0.6513332212842334	0.23949636350537523
5	2	iMF (full)	0.606037037037037	0.5598077997707258	0.17077777777777778	0.6660912488271393	0.24792850140927924
5	2	Popularity	0.606037037037037	0.5102859976395152	0.16657407407407407	0.6590666465926923	0.24326169443201634
5	2	kNN (test)	0.6013888888888889	0.5507647990629359	0.16924074074074075	0.6622540360728105	0.24614553952730972
5	2	Normalized kNN (test)	0.5717777777777777	0.5284069094458067	0.1670925925925926	0.6547673917804835	0.24312150953078177
5	2	kNN (full)	0.49953703703703706	0.5321062744192775	0.15925925925925927	0.6200661915142692	0.2309372896230247
5	10	Average Rating	0.9995185185185185	0.3176792049909641	0.14374074074074075	0.5967819991814456	0.21280159006461838
5	10	iMF (test)	0.9995185185185185	0.5308206054952057	0.16248148148148148	0.6438934307709879	0.23698358695177793
5	10	Normalized kNN (full)	0.1443888888888889	0.2676738589118173	0.06612962962962964	0.25556347113726025	0.09446350106788173
5	10	Random	0.9995185185185185	0.26602829146540224	0.11101851851851852	0.46140667521174183	0.16347496421453936
5	10	iMF (full)	0.9995185185185185	0.5295972947113831	0.161	0.6367026211754399	0.2346181794401977
5	10	Popularity	0.9995185185185185	0.4540620271280683	0.1456851851851852	0.5958557575536987	0.21462440998522264
5	10	kNN (test)	0.9948333333333333	0.5248171640455381	0.15925925925925927	0.6343139901891371	0.23268092160330642
5	10	Normalized kNN (test)	0.9442222222222223	0.4018501142569531	0.1509814814814815	0.617365766865129	0.22265753833869456
5	10	kNN (full)	0.8068148148148149	0.5100708524273079	0.15398148148148147	0.6088821953529783	0.22435047320014018
5	5	Average Rating	0.8372962962962962	0.5028607460530916	0.16464814814814815	0.6543157710148405	0.24078687286785835
5	5	iMF (test)	0.8372962962962962	0.545644686446793	0.16775925925925925	0.6595492168435295	0.24421452140204292
5	5	Normalized kNN (full)	0.1425925925925926	0.2683688522319501	0.06635185185185186	0.2556694422854137	0.0946045460434496
5	5	Random	0.8372962962962962	0.3850737493442424	0.14940740740740743	0.6140846863568068	0.22061403212835565
5	5	iMF (full)	0.8372962962962962	0.5451529480983587	0.1674074074074074	0.658326438715924	0.24363733728075712
5	5	Popularity	0.8372962962962962	0.4762756418344392	0.15709259259259262	0.6380722645340945	0.23130705327239015
5	5	kNN (test)	0.8324444444444444	0.5379436098688818	0.16551851851851854	0.6537304330569689	0.24142247270181488
5	5	Normalized kNN (test)	0.795074074074074	0.4908022943725074	0.16342592592592592	0.6471351510446987	0.2386325351688627
5	5	kNN (full)	0.6722592592592592	0.520892190847586	0.15742592592592594	0.6167920913860024	0.22878731555455217
5	1	Average Rating	0.5216296296296297	0.5715623174420827	0.17085185185185187	0.6662780163252067	0.2481992318198913
5	1	iMF (test)	0.5216296296296297	0.581228492928084	0.1720925925925926	0.6684755916760318	0.24949345601381692
5	1	Normalized kNN (full)	0.13698148148148148	0.27037252806012185	0.06640740740740741	0.25568724715829105	0.0946312081876396
5	1	Random	0.5216296296296297	0.48644729721915797	0.1665	0.6569581000678031	0.24293053190095454
5	1	iMF (full)	0.5216296296296297	0.5770679175341166	0.17196296296296296	0.6682662585807819	0.24932049762799272
5	1	Popularity	0.5216296296296297	0.5497639084684994	0.16911111111111113	0.6632219611084127	0.24609779773965018
5	1	kNN (test)	0.5168518518518519	0.5743917047159386	0.17144444444444445	0.6661774466044716	0.24867023833185864
5	1	Normalized kNN (test)	0.48635185185185187	0.5626465078248474	0.16864814814814816	0.657332202559755	0.24491175494819425
5	1	kNN (full)	0.4213333333333333	0.5453847297630812	0.16025925925925927	0.6215435503421999	0.23206085183344907
5	0	Average Rating	0.4310740740740741	0.5773942801146915	0.17162962962962963	0.667890971271495	0.24914831636585405
5	0	iMF (test)	0.4310740740740741	0.5855452687355406	0.17251851851851852	0.6693886226660228	0.25001179188259
5	0	Normalized kNN (full)	0.13696296296296298	0.27037252806012185	0.06640740740740741	0.25568724715829105	0.0946312081876396
5	0	Random	0.4310740740740741	0.533916942985293	0.169	0.6623928986197106	0.24578475076603615
5	0	iMF (full)	0.4310740740740741	0.5798460981982824	0.1724074074074074	0.6687537726099627	0.24980244756282213
5	0	Popularity	0.4310740740740741	0.5528902362583454	0.16953703703703704	0.6639319846239917	0.24660636846188622
5	0	kNN (test)	0.4292592592592593	0.575964203724108	0.17166666666666666	0.6665608975157004	0.2489384716035749
5	0	Normalized kNN (test)	0.4200185185185185	0.5778181957922586	0.1696851851851852	0.6588408644773222	0.24602257750692194
5	0	kNN (full)	0.3887777777777778	0.5482410443626933	0.1605925925925926	0.6219715706243868	0.2324254658629238
4	50	Average Rating	1.0	0.0654748153238687	0.033296296296296296	0.13310255720050843	0.04820763709666591
4	50	iMF (test)	1.0	0.3640484466671761	0.12372222222222222	0.5123829517873087	0.1827168723052851
4	50	Normalized kNN (full)	0.27974074074074073	0.22350322239757975	0.06377777777777778	0.25309012999478747	0.0923793467240071
4	50	Random	1.0	0.07361626089091812	0.031703703703703706	0.12237632195956602	0.0452675094954944
4	50	iMF (full)	1.0	0.36512631973245596	0.12242592592592592	0.5058649012867316	0.18070392919868797
4	50	Popularity	1.0	0.2628477209844196	0.09527777777777778	0.398080900186821	0.14108597725289376
4	50	kNN (test)	1.0	0.33047217880619306	0.11544444444444445	0.485058175676194	0.17130449219288849
4	50	Normalized kNN (test)	1.0	0.13944055484129947	0.0633888888888889	0.273081790821781	0.09451022569050908
4	50	kNN (full)	1.0	0.3365948295193732	0.11348148148148149	0.471505388019008	0.16770514727271363
4	100	Average Rating	1.0	0.02533558395896297	0.013407407407407408	0.05063932971988389	0.01897219749159338
4	100	iMF (test)	1.0	0.32887286086617895	0.11035185185185185	0.46356572269564156	0.16370858012524941
4	100	Normalized kNN (full)	0.3098148148148148	0.21736477676131544	0.06325925925925927	0.2526415087981012	0.09195658751418197
4	100	Random	1.0	0.03834035874642531	0.017666666666666667	0.06637586956616782	0.02490711997717335
4	100	iMF (full)	1.0	0.3403871475200242	0.11105555555555556	0.46310374622969414	0.16415109966401933
4	100	Popularity	1.0	0.2497740075446126	0.08738888888888889	0.3668642507412455	0.12950464216218036
4	100	kNN (test)	1.0	0.3153591950709836	0.10766666666666666	0.45044616374400664	0.15947931018127182
4	100	Normalized kNN (test)	1.0	0.08451476332756767	0.03874074074074074	0.17032064072950048	0.05810454971539892
4	100	kNN (full)	1.0	0.31769648442052206	0.10505555555555557	0.43544056927445074	0.15500811945983756
4	20	Average Rating	1.0	0.2308971602667992	0.09785185185185184	0.40794309875514945	0.1445114890393209
4	20	iMF (test)	1.0	0.44298893320687033	0.14472222222222222	0.5908434403314041	0.21336705335864853
4	20	Normalized kNN (full)	0.22085185185185183	0.24120034068617863	0.06424074074074075	0.2534067047855427	0.0926895095524239
4	20	Random	1.0	0.16940001751842418	0.07309259259259258	0.2991738759895558	0.10710149687852151
4	20	iMF (full)	1.0	0.4389276821435262	0.14307407407407408	0.5866390870773628	0.21118762155227636
4	20	Popularity	1.0	0.3021852110397336	0.10518518518518519	0.43800728851016724	0.15550330342414975
4	20	kNN (test)	1.0	0.39406249593917697	0.1363888888888889	0.5632860930351379	0.20175544235823303
4	20	Normalized kNN (test)	1.0	0.29501481815087116	0.11531481481481483	0.49031790783872004	0.17181710692800217
4	20	kNN (full)	0.9949814814814815	0.40312286664767094	0.13485185185185186	0.5541955478008216	0.19910620737436266
4	500	Average Rating	1.0	0.009265400256109342	0.004296296296296297	0.017172480572505436	0.006045151898897924
4	500	iMF (test)	1.0	0.1972038177184343	0.06687037037037037	0.2870544513399326	0.09975459908200932
4	500	Normalized kNN (full)	0.8127222222222222	0.1581623582255883	0.05544444444444445	0.23290017134583665	0.08254117583863851
4	500	Random	1.0	0.00785322215052675	0.0034074074074074076	0.012748609847860214	0.004624341226906024
4	500	iMF (full)	1.0	0.2185396630169729	0.07214814814814816	0.304937401013874	0.10699694055043744
4	500	Popularity	1.0	0.12701752506652667	0.04724074074074074	0.2003598614424691	0.0701413096620095
4	500	kNN (test)	1.0	0.2115324264676971	0.0692037037037037	0.29549547703484913	0.10276534999729209
4	500	Normalized kNN (test)	1.0	0.010853764751739622	0.004796296296296297	0.020210639448596007	0.0070509854564865465
4	500	kNN (full)	1.0	0.21552656456797128	0.07233333333333333	0.3041872593691865	0.10702553458074322
4	1000	Average Rating	1.0	0.0018997901492690526	9.074074074074074E-4	0.003582561153976333	0.0012493062751408781
4	1000	iMF (test)	1.0	0.138079566780609	0.04816666666666667	0.20868212111333503	0.07218234038090142
4	1000	Normalized kNN (full)	0.9823518518518518	0.10953711837436075	0.04203703703703704	0.1802154033853569	0.06321078659607375
4	1000	Random	1.0	0.00449058725726302	0.002074074074074074	0.0072938749609068486	0.002836221853012195
4	1000	iMF (full)	1.0	0.16594390183263755	0.05561111111111111	0.2355633693143384	0.08240592805185996
4	1000	Popularity	1.0	0.0911746035415355	0.033944444444444444	0.14434085066040483	0.050253400276762256
4	1000	kNN (test)	1.0	0.14743104719595573	0.050277777777777775	0.21329419757130003	0.07453065507309738
4	1000	Normalized kNN (test)	1.0	0.00336960994912464	0.0013703703703703705	0.005974351849889603	0.001997039598232122
4	1000	kNN (full)	1.0	0.15553849461533611	0.05407407407407407	0.22683644514889192	0.07994972758374846
4	200	Average Rating	1.0	0.014802609233561479	0.006111111111111111	0.02302147298109464	0.008462998921486596
4	200	iMF (test)	1.0	0.2812545935350331	0.09488888888888888	0.402059206566321	0.14113318758432086
4	200	Normalized kNN (full)	0.43566666666666665	0.19962500730912722	0.06177777777777778	0.25077277172412216	0.09059238327367831
4	200	Random	1.0	0.023724309918973983	0.009944444444444445	0.036757855227355286	0.013987511628172957
4	200	iMF (full)	1.0	0.2933089085460486	0.09642592592592593	0.40468273149830464	0.14268716076300378
4	200	Popularity	1.0	0.20188646839505647	0.07457407407407407	0.3153243312580649	0.11064494136315438
4	200	kNN (test)	1.0	0.26688316918817967	0.09025925925925926	0.382921135569749	0.1340595701001705
4	200	Normalized kNN (test)	1.0	0.03795293440476032	0.017296296296296296	0.07617018072587278	0.02587737721576145
4	200	kNN (full)	1.0	0.2746134816354447	0.09205555555555556	0.3842082437178171	0.1359918910167757
4	2	Average Rating	0.6077037037037036	0.5543934705955706	0.16483333333333333	0.6587569393962432	0.241833148707317
4	2	iMF (test)	0.6077037037037036	0.5726102012597774	0.16807407407407407	0.6628196884262938	0.24544006466962964
4	2	Normalized kNN (full)	0.1347037037037037	0.2697910737620127	0.06496296296296296	0.25380367013235483	0.0931529439227938
4	2	Random	0.6077037037037036	0.4419692896732876	0.15981481481481483	0.6456584911301233	0.2353620325362645
4	2	iMF (full)	0.6077037037037036	0.5680549758244541	0.16748148148148148	0.6615469347887714	0.24477646946724335
4	2	Popularity	0.6077037037037036	0.5368448185997741	0.16446296296296298	0.6567447065244437	0.24130769929505522
4	2	kNN (test)	0.5832407407407407	0.5642968905320942	0.16692592592592592	0.6605385548348686	0.24414466607883392
4	2	Normalized kNN (test)	0.5142777777777777	0.5471423734763207	0.16401851851851854	0.6497191222570943	0.24001272309502497
4	2	kNN (full)	0.44283333333333336	0.5386969945502273	0.1569074074074074	0.6183880737358076	0.2289311951929599
4	10	Average Rating	0.9997037037037036	0.4144622854760639	0.14162962962962963	0.5823736263431306	0.20911408381171412
4	10	iMF (test)	0.9997037037037036	0.5264761278406181	0.15896296296296297	0.6407320350225874	0.23367455363883627
4	10	Normalized kNN (full)	0.14377777777777778	0.26667937136663994	0.06461111111111112	0.25360087007635823	0.09292641557715811
4	10	Random	0.9997037037037036	0.263320112525516	0.11248148148148147	0.47388295916330114	0.16701367838536266
4	10	iMF (full)	0.9997037037037036	0.524086260046237	0.15785185185185185	0.6335008531036913	0.23174663888122374
4	10	Popularity	0.9997037037037036	0.45165303889000463	0.13992592592592593	0.5872365965467093	0.2079847615210582
4	10	kNN (test)	0.9959444444444445	0.5219003706029444	0.1569814814814815	0.6354047741013071	0.23109657767770836
4	10	Normalized kNN (test)	0.9592777777777779	0.44195959529498613	0.14987037037037038	0.6173590224462214	0.2219646922041428
4	10	kNN (full)	0.8198518518518518	0.5028818433626512	0.15031481481481482	0.6036697588040424	0.22060083415024054
4	5	Average Rating	0.842037037037037	0.5257672973235474	0.1595925925925926	0.6471798963261447	0.23506906552216436
4	5	iMF (test)	0.842037037037037	0.5547742346398885	0.16546296296296295	0.6573258599810765	0.2422235241255378
4	5	Normalized kNN (full)	0.13666666666666666	0.2689318235312191	0.06487037037037037	0.25377490524320834	0.09311100271683144
4	5	Random	0.842037037037037	0.36517026462305086	0.14859259259259258	0.6175702077901403	0.2207326524020377
4	5	iMF (full)	0.842037037037037	0.5513875479385644	0.16494444444444445	0.6559119908638835	0.24156556941707916
4	5	Popularity	0.842037037037037	0.5060401393519162	0.15992592592592594	0.647415122332349	0.2356365670199688
4	5	kNN (test)	0.8186296296296297	0.545895401559399	0.16435185185185186	0.6557898233708593	0.24104324250319892
4	5	Normalized kNN (test)	0.7214814814814815	0.4910663550628445	0.1597777777777778	0.6423226025706466	0.2350132691532077
4	5	kNN (full)	0.5803148148148147	0.5238899464346911	0.15527777777777776	0.6156039723866479	0.22705424445135047
4	1	Average Rating	0.5197037037037037	0.5633971347158155	0.16640740740740742	0.6616639814282853	0.24375245707202145
4	1	iMF (test)	0.5197037037037037	0.5747380138394117	0.16805555555555557	0.6631569913371983	0.24541914159695905
4	1	Normalized kNN (full)	0.13468518518518519	0.2697910737620127	0.06496296296296296	0.25380367013235483	0.0931529439227938
4	1	Random	0.5197037037037037	0.4871936886926837	0.16281481481481483	0.651573640075167	0.23889804662732145
4	1	iMF (full)	0.5197037037037037	0.5690275848649867	0.16761111111111113	0.6626070267976937	0.2450242849517831
4	1	Popularity	0.5197037037037037	0.5371297731753155	0.1645185185185185	0.6569298917096289	0.24139020166922429
4	1	kNN (test)	0.5169259259259259	0.5649182746774435	0.16698148148148148	0.6606325503455308	0.24421190593774045
4	1	Normalized kNN (test)	0.49425925925925923	0.5539461887738453	0.16411111111111112	0.649834722706028	0.24011369311266165
4	1	kNN (full)	0.4285555555555555	0.5396916042299155	0.157	0.6187460984271657	0.2290605442389756
4	0	Average Rating	0.42942592592592593	0.573270555392706	0.1675	0.6634666797587614	0.24505293228774994
4	0	iMF (test)	0.42942592592592593	0.5791515024534725	0.1686666666666667	0.6645474901244716	0.24620391735647332
4	0	Normalized kNN (full)	0.13431481481481483	0.2699525806390827	0.06496296296296296	0.25380367013235483	0.0931529439227938
4	0	Random	0.42942592592592593	0.5296727134529629	0.16518518518518518	0.6570547806541506	0.24195606175959694
4	0	iMF (full)	0.42942592592592593	0.5742944867939695	0.1685185185185185	0.6650318166441578	0.24616336670138433
4	0	Popularity	0.42942592592592593	0.5466374252230087	0.16594444444444445	0.6598415011906827	0.24311933132551253
4	0	kNN (test)	0.4275740740740741	0.5680543432043681	0.1675	0.6619206362308389	0.24484996108641655
4	0	Normalized kNN (test)	0.41801851851851857	0.5709790701632471	0.16540740740740742	0.6520379800967855	0.24158002112991564
4	0	kNN (full)	0.3874074074074074	0.5419481380945499	0.15731481481481482	0.61930962723375	0.22941378559367895
