fold	target size	recommender system	Coverage@10	nDCG@10	P@10	Recall@10
1	0	Random	3.7306472673008767E-4	1.8833151403244356E-4	1.8653236336504383E-4	2.5516981308811192E-5
1	0	iMF (full)	3.7306472673008767E-4	3.379137936713831E-4	3.357582540570789E-4	6.29849538635213E-5
1	0	Popularity	3.7306472673008767E-4	3.1295052245440135E-4	3.1710501772057455E-4	6.508445232563867E-5
1	0	Normalized kNN (test)	3.7306472673008767E-4	3.147679322474266E-4	2.9845178138407017E-4	5.555595930525981E-5
1	0	Average Rating	3.7306472673008767E-4	3.0297187976250495E-4	2.9845178138407017E-4	5.555595930525981E-5
1	0	Normalized kNN (full)	3.7306472673008767E-4	3.348038300078449E-4	3.357582540570789E-4	6.29849538635213E-5
1	0	kNN (full/test)	3.7306472673008767E-4	3.0778459653955963E-4	3.171050177205745E-4	5.7332458003974515E-5
1	0	iMF (test)	3.7306472673008767E-4	3.435162931228311E-4	3.357582540570789E-4	6.29849538635213E-5
2	0	Random	7.534375588623093E-4	4.530151808605325E-4	4.332265963458278E-4	3.9242892150587863E-5
2	0	iMF (full)	7.534375588623093E-4	6.66369017813415E-4	6.404219250329628E-4	7.260161305383939E-5
2	0	Popularity	7.534375588623093E-4	6.294257561925955E-4	6.592578640045206E-4	7.751656592427391E-5
2	0	Normalized kNN (test)	7.534375588623093E-4	5.928664844906033E-4	6.027500470898474E-4	7.009015452429835E-5
2	0	Average Rating	7.534375588623093E-4	5.816236726547832E-4	5.839141081182898E-4	6.883442525952784E-5
2	0	Normalized kNN (full)	7.534375588623093E-4	6.486748743650222E-4	6.215859860614051E-4	7.300322016104077E-5
2	0	kNN (full/test)	7.534375588623093E-4	6.594969516308168E-4	6.592578640045206E-4	7.835371876745426E-5
2	0	iMF (test)	7.534375588623093E-4	6.843472018174208E-4	6.780938029760784E-4	7.878926450343323E-5
3	0	Random	7.585814526834819E-4	4.4577460301970423E-4	4.7411340792717616E-4	4.6738330971296E-5
3	0	iMF (full)	7.585814526834819E-4	6.342076103531027E-4	6.068651621467855E-4	6.156821795439652E-5
3	0	Popularity	7.585814526834819E-4	5.101567094707389E-4	5.689360895126114E-4	5.8536707548281354E-5
3	0	Normalized kNN (test)	7.585814526834819E-4	6.487566058479336E-4	6.258296984638725E-4	6.392396143809754E-5
3	0	Average Rating	7.585814526834819E-4	6.422928411531889E-4	6.258296984638725E-4	6.432459808498547E-5
3	0	Normalized kNN (full)	7.585814526834819E-4	5.217356453927028E-4	5.310070168784372E-4	5.3453469341618844E-5
3	0	kNN (full/test)	7.585814526834819E-4	5.774498969109394E-4	5.879006258296984E-4	5.9627553821397166E-5
3	0	iMF (test)	7.585814526834819E-4	7.316481970078462E-4	7.206523800493078E-4	7.306656905406958E-5
4	0	Random	8.085708510208206E-4	3.5916993438289956E-4	3.840711542348898E-4	6.058567797207908E-5
4	0	iMF (full)	8.085708510208206E-4	6.764362495750118E-4	6.670709520921771E-4	1.1078839204337912E-4
4	0	Popularity	8.085708510208206E-4	6.289357485458229E-4	6.266424095411361E-4	9.974738071511235E-5
4	0	Normalized kNN (test)	8.085708510208206E-4	7.192391168637314E-4	7.074994946432181E-4	1.0723414785419404E-4
4	0	Average Rating	8.085708510208206E-4	7.149456239117772E-4	7.074994946432181E-4	1.1398997009627589E-4
4	0	Normalized kNN (full)	8.085708510208206E-4	7.646531811497413E-4	7.479280371942592E-4	1.2260763311373462E-4
4	0	kNN (full/test)	8.085708510208206E-4	7.519025797808307E-4	7.277137659187386E-4	1.282896953319219E-4
4	0	iMF (test)	8.085708510208206E-4	6.79932020834632E-4	6.872852233676975E-4	1.194159060702314E-4
5	0	Random	3.660768761439902E-4	4.809909105841081E-4	2.1354484441732762E-4	3.2322263865888025E-4
5	0	iMF (full)	3.660768761439902E-4	5.541763864403904E-4	3.050640634533252E-4	3.341177837822133E-4
5	0	Popularity	3.660768761439902E-4	5.057652905350045E-4	2.4405125076266013E-4	3.268543536999913E-4
5	0	Normalized kNN (test)	3.660768761439902E-4	5.618031871359052E-4	3.050640634533252E-4	3.341177837822133E-4
5	0	Average Rating	3.660768761439902E-4	5.453854893310206E-4	3.050640634533252E-4	3.341177837822133E-4
5	0	Normalized kNN (full)	3.660768761439902E-4	6.101281269066504E-4	3.660768761439902E-4	3.4138121386443536E-4
5	0	kNN (full/test)	3.660768761439902E-4	5.677661855175246E-4	3.3557046979865775E-4	3.3774949882332437E-4
5	0	iMF (test)	3.660768761439902E-4	6.101281269066504E-4	3.660768761439902E-4	3.4138121386443536E-4
1	1	Random	0.09653049804141019	1.215507949469436E-4	1.1191941801902629E-4	1.4534989353120298E-5
1	1	iMF (full)	0.09653049804141019	3.0645840764849993E-4	3.1710501772057455E-4	6.12084551648066E-5
1	1	Popularity	0.09653049804141019	3.1295052245440135E-4	3.1710501772057455E-4	6.508445232563867E-5
1	1	Normalized kNN (test)	0.09653049804141019	3.147679322474266E-4	2.9845178138407017E-4	5.555595930525981E-5
1	1	Average Rating	0.09653049804141019	3.0297187976250495E-4	2.9845178138407017E-4	5.555595930525981E-5
1	1	Normalized kNN (full)	0.09653049804141019	3.348038300078449E-4	3.357582540570789E-4	6.29849538635213E-5
1	1	kNN (full/test)	0.09653049804141019	3.0778459653955963E-4	3.171050177205745E-4	5.7332458003974515E-5
1	1	iMF (test)	0.09653049804141019	3.58440912333767E-4	3.544114903935833E-4	6.863744972306807E-5
2	1	Random	0.09642117159540403	4.486113990109194E-4	4.332265963458278E-4	4.324666661797212E-5
2	1	iMF (full)	0.09642117159540403	6.806653956966923E-4	6.592578640045206E-4	7.669638239548237E-5
2	1	Popularity	0.09642117159540403	6.294257561925955E-4	6.592578640045206E-4	7.751656592427391E-5
2	1	Normalized kNN (test)	0.09642117159540403	5.928664844906033E-4	6.027500470898474E-4	7.009015452429835E-5
2	1	Average Rating	0.09642117159540403	5.816236726547832E-4	5.839141081182898E-4	6.883442525952784E-5
2	1	Normalized kNN (full)	0.09642117159540403	6.486748743650222E-4	6.215859860614051E-4	7.300322016104077E-5
2	1	kNN (full/test)	0.09642117159540403	6.594969516308168E-4	6.592578640045206E-4	7.835371876745426E-5
2	1	iMF (test)	0.09642117159540403	7.054627282761152E-4	6.969297419476361E-4	8.088214661138409E-5
3	1	Random	0.09671913521714394	3.2823229232390426E-4	3.4136165370756685E-4	3.3313758442437304E-5
3	1	iMF (full)	0.09671913521714394	5.867875118266328E-4	5.689360895126114E-4	5.742667028516648E-5
3	1	Popularity	0.09671913521714394	5.101567094707389E-4	5.689360895126114E-4	5.8536707548281354E-5
3	1	Normalized kNN (test)	0.09671913521714394	6.307804320626973E-4	6.068651621467855E-4	6.236949124817239E-5
3	1	Average Rating	0.09671913521714394	6.309171277272238E-4	6.258296984638725E-4	6.432459808498547E-5
3	1	Normalized kNN (full)	0.09671913521714394	5.532499298371809E-4	5.689360895126114E-4	5.736368301524505E-5
3	1	kNN (full/test)	0.09671913521714394	5.774498969109394E-4	5.879006258296984E-4	5.9627553821397166E-5
3	1	iMF (test)	0.09671913521714394	7.029363932725892E-4	6.827233074151336E-4	6.931121532791374E-5
4	1	Random	0.09626035981402871	4.2617591294047717E-4	4.042854255104103E-4	6.379710703436938E-5
4	1	iMF (full)	0.09626035981402871	6.70324836345685E-4	6.670709520921771E-4	1.1078839204337912E-4
4	1	Popularity	0.09626035981402871	6.289357485458229E-4	6.266424095411361E-4	9.974738071511235E-5
4	1	Normalized kNN (test)	0.09626035981402871	7.192391168637314E-4	7.074994946432181E-4	1.0723414785419404E-4
4	1	Average Rating	0.09626035981402871	7.149456239117772E-4	7.074994946432181E-4	1.1398997009627589E-4
4	1	Normalized kNN (full)	0.09626035981402871	7.786881967019501E-4	7.681423084697796E-4	1.2473545114273678E-4
4	1	kNN (full/test)	0.09626035981402871	7.519025797808307E-4	7.277137659187386E-4	1.282896953319219E-4
4	1	iMF (test)	0.09626035981402871	6.618845707397476E-4	6.872852233676975E-4	1.194159060702314E-4
5	1	Random	0.09328859060402685	5.087418696831973E-4	2.745576571079927E-4	3.304860687411023E-4
5	1	iMF (full)	0.09328859060402685	5.303711945561165E-4	2.745576571079927E-4	3.304860687411023E-4
5	1	Popularity	0.09328859060402685	5.057652905350045E-4	2.4405125076266013E-4	3.268543536999913E-4
5	1	Normalized kNN (test)	0.09328859060402685	5.618031871359052E-4	3.050640634533252E-4	3.341177837822133E-4
5	1	Average Rating	0.09328859060402685	5.453854893310206E-4	3.050640634533252E-4	3.341177837822133E-4
5	1	Normalized kNN (full)	0.09328859060402685	6.101281269066504E-4	3.660768761439902E-4	3.4138121386443536E-4
5	1	kNN (full/test)	0.09328859060402685	5.677661855175246E-4	3.3557046979865775E-4	3.3774949882332437E-4
5	1	iMF (test)	0.09328859060402685	5.889471562120875E-4	3.3557046979865775E-4	3.3774949882332437E-4
1	2	Random	0.1923148666293602	1.60630023526664E-4	1.6787912702853944E-4	1.986448544926441E-5
1	2	iMF (full)	0.1923148666293602	3.173866750089992E-4	3.357582540570789E-4	6.29849538635213E-5
1	2	Popularity	0.1923148666293602	3.1295052245440135E-4	3.1710501772057455E-4	6.508445232563867E-5
1	2	Normalized kNN (test)	0.1923148666293602	3.147679322474266E-4	2.9845178138407017E-4	5.555595930525981E-5
1	2	Average Rating	0.1923148666293602	3.0297187976250495E-4	2.9845178138407017E-4	5.555595930525981E-5
1	2	Normalized kNN (full)	0.1923148666293602	3.348038300078449E-4	3.357582540570789E-4	6.29849538635213E-5
1	2	kNN (full/test)	0.1923148666293602	3.0778459653955963E-4	3.171050177205745E-4	5.7332458003974515E-5
1	2	iMF (test)	0.1923148666293602	3.5718277977212816E-4	3.544114903935833E-4	6.863744972306807E-5
2	2	Random	0.19272932755697872	3.2018059014191324E-4	3.013750235449237E-4	2.1884759123410473E-5
2	2	iMF (full)	0.19272932755697872	6.595873712954929E-4	6.404219250329628E-4	7.260161305383939E-5
2	2	Popularity	0.19272932755697872	6.294257561925955E-4	6.592578640045206E-4	7.751656592427391E-5
2	2	Normalized kNN (test)	0.19272932755697872	5.928664844906033E-4	6.027500470898474E-4	7.009015452429835E-5
2	2	Average Rating	0.19272932755697872	5.816236726547832E-4	5.839141081182898E-4	6.883442525952784E-5
2	2	Normalized kNN (full)	0.19272932755697872	6.486748743650222E-4	6.215859860614051E-4	7.300322016104077E-5
2	2	kNN (full/test)	0.19272932755697872	6.594969516308168E-4	6.592578640045206E-4	7.835371876745426E-5
2	2	iMF (test)	0.19272932755697872	6.71656530294232E-4	6.780938029760784E-4	7.878926450343323E-5
3	2	Random	0.19252797269106772	2.1120114346811887E-4	2.2757443580504456E-4	2.1443656103503783E-5
3	2	iMF (full)	0.19252797269106772	5.946146454735091E-4	5.689360895126114E-4	5.8136070901393426E-5
3	2	Popularity	0.19252797269106772	5.101567094707389E-4	5.689360895126114E-4	5.8536707548281354E-5
3	2	Normalized kNN (test)	0.19252797269106772	6.487566058479336E-4	6.258296984638725E-4	6.392396143809754E-5
3	2	Average Rating	0.19252797269106772	6.422928411531889E-4	6.258296984638725E-4	6.432459808498547E-5
3	2	Normalized kNN (full)	0.19252797269106772	4.8258982095972545E-4	4.7411340792717616E-4	4.758814883117955E-5
3	2	kNN (full/test)	0.19252797269106772	5.774498969109394E-4	5.879006258296984E-4	5.9627553821397166E-5
3	2	iMF (test)	0.19252797269106772	7.159750851464268E-4	7.016878437322208E-4	7.07252682741823E-5
4	2	Random	0.19197493430361837	4.5537560946284596E-4	4.4471396806145143E-4	5.912969878371557E-5
4	2	iMF (full)	0.19197493430361837	6.853775084330294E-4	6.872852233676975E-4	1.1211827831150546E-4
4	2	Popularity	0.19197493430361837	6.289357485458229E-4	6.266424095411361E-4	9.974738071511235E-5
4	2	Normalized kNN (test)	0.19197493430361837	7.058463084031716E-4	6.872852233676975E-4	1.0510632982519186E-4
4	2	Average Rating	0.19197493430361837	7.001156416802511E-4	6.872852233676975E-4	1.1186215206727372E-4
4	2	Normalized kNN (full)	0.19197493430361837	7.786881967019501E-4	7.681423084697796E-4	1.2473545114273678E-4
4	2	kNN (full/test)	0.19197493430361837	7.519025797808307E-4	7.277137659187386E-4	1.282896953319219E-4
4	2	iMF (test)	0.19197493430361837	7.230014564169611E-4	7.074994946432181E-4	1.2074579233835774E-4
5	2	Random	0.18682123245881635	4.229247755479746E-4	2.1354484441732762E-4	3.2322263865888025E-4
5	2	iMF (full)	0.18682123245881635	5.274287763962843E-4	2.745576571079927E-4	3.304860687411023E-4
5	2	Popularity	0.18682123245881635	3.992738109154598E-4	2.4405125076266013E-4	3.268543536999913E-4
5	2	Normalized kNN (test)	0.18682123245881635	4.6827860007589027E-4	3.050640634533252E-4	3.341177837822133E-4
5	2	Average Rating	0.18682123245881635	4.518609022710055E-4	3.050640634533252E-4	3.341177837822133E-4
5	2	Normalized kNN (full)	0.18682123245881635	5.856378246333702E-4	3.660768761439902E-4	3.4138121386443536E-4
5	2	kNN (full/test)	0.18682123245881635	5.303089906847148E-4	3.3557046979865775E-4	3.3774949882332437E-4
5	2	iMF (test)	0.18682123245881635	5.662294084652947E-4	3.3557046979865775E-4	3.3774949882332437E-4
1	5	Random	0.4800596903562768	2.235351275256478E-4	2.2383883603805264E-4	3.682197302790476E-5
1	5	iMF (full)	0.4800596903562768	3.173866750089992E-4	3.357582540570789E-4	6.29849538635213E-5
1	5	Popularity	0.4800596903562768	3.1295052245440135E-4	3.1710501772057455E-4	6.508445232563867E-5
1	5	Normalized kNN (test)	0.4800596903562768	3.147679322474266E-4	2.9845178138407017E-4	5.555595930525981E-5
1	5	Average Rating	0.4800596903562768	2.9002070984331503E-4	2.797985450475658E-4	4.990346344571302E-5
1	5	Normalized kNN (full)	0.4800596903562768	3.348038300078449E-4	3.357582540570789E-4	6.29849538635213E-5
1	5	kNN (full/test)	0.4800596903562768	3.0778459653955963E-4	3.171050177205745E-4	5.7332458003974515E-5
1	5	iMF (test)	0.4800596903562768	3.5538362910472846E-4	3.544114903935833E-4	6.863744972306807E-5
2	5	Random	0.4803729515916369	4.192212170467064E-4	3.578828404595969E-4	3.505712793468614E-5
2	5	iMF (full)	0.4803729515916369	6.534187405011631E-4	6.215859860614051E-4	7.050873094588852E-5
2	5	Popularity	0.4803729515916369	6.294257561925955E-4	6.592578640045206E-4	7.751656592427391E-5
2	5	Normalized kNN (test)	0.4803729515916369	5.928664844906033E-4	6.027500470898474E-4	7.009015452429835E-5
2	5	Average Rating	0.4803729515916369	5.816236726547832E-4	5.839141081182898E-4	6.883442525952784E-5
2	5	Normalized kNN (full)	0.4803729515916369	6.486748743650222E-4	6.215859860614051E-4	7.300322016104077E-5
2	5	kNN (full/test)	0.4803729515916369	6.594969516308168E-4	6.592578640045206E-4	7.835371876745426E-5
2	5	iMF (test)	0.4803729515916369	7.014791572477179E-4	6.969297419476361E-4	8.088214661138409E-5
3	5	Random	0.48035274037549786	1.6157270830535452E-4	1.7068082685378343E-4	1.6365166183026612E-5
3	5	iMF (full)	0.48035274037549786	6.054788928492896E-4	6.068651621467855E-4	6.164564792813169E-5
3	5	Popularity	0.48035274037549786	5.101567094707389E-4	5.689360895126114E-4	5.8536707548281354E-5
3	5	Normalized kNN (test)	0.48035274037549786	6.487566058479336E-4	6.258296984638725E-4	6.392396143809754E-5
3	5	Average Rating	0.48035274037549786	6.422928411531889E-4	6.258296984638725E-4	6.432459808498547E-5
3	5	Normalized kNN (full)	0.48035274037549786	5.090677548785096E-4	5.120424805613504E-4	5.1498362504805755E-5
3	5	kNN (full/test)	0.48035274037549786	5.774498969109394E-4	5.879006258296984E-4	5.9627553821397166E-5
3	5	iMF (test)	0.48035274037549786	7.257374107058172E-4	7.206523800493078E-4	7.306656905406958E-5
4	5	Random	0.47905801495856076	6.185213796912575E-4	5.86213866990095E-4	9.737328745127199E-5
4	5	iMF (full)	0.47905801495856076	6.788945771209079E-4	6.872852233676975E-4	1.1211827831150546E-4
4	5	Popularity	0.47905801495856076	6.109495082725815E-4	6.064281382656155E-4	9.166167220490414E-5
4	5	Normalized kNN (test)	0.47905801495856076	6.717620101166515E-4	6.872852233676976E-4	9.914843934398583E-5
4	5	Average Rating	0.47905801495856076	6.507326970321856E-4	6.670709520921771E-4	9.781855307585946E-5
4	5	Normalized kNN (full)	0.47905801495856076	7.786881967019501E-4	7.681423084697796E-4	1.2473545114273678E-4
4	5	kNN (full/test)	0.47905801495856076	7.519025797808307E-4	7.277137659187386E-4	1.282896953319219E-4
4	5	iMF (test)	0.47905801495856076	7.192764187915409E-4	7.074994946432181E-4	1.2074579233835774E-4
5	5	Random	0.4665344722391702	2.9352717595698875E-4	1.2202562538133008E-4	3.123274935355472E-4
5	5	iMF (full)	0.4665344722391702	5.400257443335311E-4	2.745576571079927E-4	3.304860687411023E-4
5	5	Popularity	0.4665344722391702	5.057652905350045E-4	2.4405125076266013E-4	3.268543536999913E-4
5	5	Normalized kNN (test)	0.4665344722391702	5.373128848626252E-4	3.050640634533252E-4	3.341177837822133E-4
5	5	Average Rating	0.4665344722391702	5.453854893310206E-4	3.050640634533252E-4	3.341177837822133E-4
5	5	Normalized kNN (full)	0.4665344722391702	6.101281269066504E-4	3.660768761439902E-4	3.4138121386443536E-4
5	5	kNN (full/test)	0.4665344722391702	5.677661855175246E-4	3.3557046979865775E-4	3.3774949882332437E-4
5	5	iMF (test)	0.4665344722391702	6.101281269066504E-4	3.660768761439902E-4	3.4138121386443536E-4
1	10	Random	0.960063421003544	2.3680536138507844E-4	2.42492072374557E-4	3.859847172661946E-5
1	10	iMF (full)	0.960063421003544	3.325385724953871E-4	3.357582540570789E-4	6.29849538635213E-5
1	10	Popularity	0.960063421003544	3.1295052245440135E-4	3.1710501772057455E-4	6.508445232563867E-5
1	10	Normalized kNN (test)	0.960063421003544	3.147679322474266E-4	2.9845178138407017E-4	5.555595930525981E-5
1	10	Average Rating	0.960063421003544	3.0297187976250495E-4	2.9845178138407017E-4	5.555595930525981E-5
1	10	Normalized kNN (full)	0.960063421003544	3.348038300078449E-4	3.357582540570789E-4	6.29849538635213E-5
1	10	kNN (full/test)	0.960063421003544	3.0778459653955963E-4	3.171050177205745E-4	5.7332458003974515E-5
1	10	iMF (test)	0.960063421003544	3.5718277977212816E-4	3.544114903935833E-4	6.863744972306807E-5
2	10	Random	0.9583349029949143	4.2173412693110956E-4	4.332265963458278E-4	4.373926859943223E-5
2	10	iMF (full)	0.9583349029949143	6.625468543817321E-4	6.404219250329628E-4	7.260161305383939E-5
2	10	Popularity	0.9583349029949143	6.294257561925955E-4	6.592578640045206E-4	7.751656592427391E-5
2	10	Normalized kNN (test)	0.9583349029949143	5.624117777240993E-4	5.65078169146732E-4	6.472268660349606E-5
2	10	Average Rating	0.9583349029949143	5.097682763167613E-4	5.274062912036165E-4	6.219425875956623E-5
2	10	Normalized kNN (full)	0.9583349029949143	6.486748743650222E-4	6.215859860614051E-4	7.300322016104077E-5
2	10	kNN (full/test)	0.9583349029949143	6.594969516308168E-4	6.592578640045206E-4	7.835371876745426E-5
2	10	iMF (test)	0.9583349029949143	6.809995503417885E-4	6.592578640045206E-4	7.469449516179025E-5
3	10	Random	0.9590176370187748	2.8077047002570294E-4	2.655035084392187E-4	2.5662633746469E-5
3	10	iMF (full)	0.9590176370187748	5.515682844694653E-4	5.310070168784372E-4	5.41628699578458E-5
3	10	Popularity	0.9590176370187748	5.101567094707389E-4	5.689360895126114E-4	5.8536707548281354E-5
3	10	Normalized kNN (test)	0.9590176370187748	6.487566058479336E-4	6.258296984638725E-4	6.392396143809754E-5
3	10	Average Rating	0.9590176370187748	6.164576413393984E-4	6.068651621467855E-4	6.198329730509819E-5
3	10	Normalized kNN (full)	0.9590176370187748	5.113708168023264E-4	5.120424805613504E-4	5.1498362504805755E-5
3	10	kNN (full/test)	0.9590176370187748	5.774498969109394E-4	5.879006258296984E-4	5.9627553821397166E-5
3	10	iMF (test)	0.9590176370187748	7.095904132391718E-4	7.016878437322208E-4	7.07252682741823E-5
4	10	Random	0.9550232464119669	4.6796602264360276E-4	4.851425106124924E-4	7.587247434895665E-5
4	10	iMF (full)	0.9550232464119669	6.517092301425462E-4	6.468566808166566E-4	1.0945850577525277E-4
4	10	Popularity	0.9550232464119669	5.982220019675005E-4	6.064281382656155E-4	9.166167220490414E-5
4	10	Normalized kNN (test)	0.9550232464119669	6.627570856422537E-4	6.670709520921771E-4	9.106273083377761E-5
4	10	Average Rating	0.9550232464119669	6.173841447810187E-4	6.064281382656155E-4	7.356142754523485E-5
4	10	Normalized kNN (full)	0.9550232464119669	7.306624218069253E-4	7.074994946432181E-4	1.0643621609331822E-4
4	10	kNN (full/test)	0.9550232464119669	7.36054941014169E-4	7.074994946432181E-4	1.2020398682171367E-4
4	10	iMF (test)	0.9550232464119669	7.06507789061685E-4	7.074994946432181E-4	1.1398997009627589E-4
5	10	Random	0.9341366687004271	2.5949152488792884E-4	1.8303843807199513E-4	3.1959092361776926E-4
5	10	iMF (full)	0.9341366687004271	4.2468308139643676E-4	2.745576571079927E-4	3.304860687411023E-4
5	10	Popularity	0.9341366687004271	4.601108993009455E-4	2.4405125076266013E-4	3.268543536999913E-4
5	10	Normalized kNN (test)	0.9341366687004271	4.553117075163606E-4	3.050640634533252E-4	3.341177837822133E-4
5	10	Average Rating	0.9341366687004271	4.194855935434003E-4	2.745576571079927E-4	3.304860687411023E-4
5	10	Normalized kNN (full)	0.9341366687004271	4.791463450138255E-4	3.660768761439902E-4	3.4138121386443536E-4
5	10	kNN (full/test)	0.9341366687004271	5.303089906847148E-4	3.3557046979865775E-4	3.3774949882332437E-4
5	10	iMF (test)	0.9341366687004271	5.856378246333702E-4	3.660768761439902E-4	3.4138121386443536E-4
1	20	Random	0.9998880805819809	1.6855623035141783E-4	1.3057265435553067E-4	1.6311488051835E-5
1	20	iMF (full)	0.9998880805819809	3.3485651044234455E-4	3.357582540570789E-4	6.29849538635213E-5
1	20	Popularity	0.9998880805819809	3.1295052245440135E-4	3.1710501772057455E-4	6.508445232563867E-5
1	20	Normalized kNN (test)	0.9998880805819809	3.147679322474266E-4	2.9845178138407017E-4	5.555595930525981E-5
1	20	Average Rating	0.9998880805819809	2.781533738614177E-4	2.6114530871106133E-4	4.4250967586166244E-5
1	20	Normalized kNN (full)	0.9998880805819809	3.348038300078449E-4	3.357582540570789E-4	6.29849538635213E-5
1	20	kNN (full/test)	0.9998880805819809	3.0778459653955963E-4	3.171050177205745E-4	5.7332458003974515E-5
1	20	iMF (test)	0.9998880805819809	3.58440912333767E-4	3.544114903935833E-4	6.863744972306807E-5
2	20	Random	0.9998681484271992	3.9314445349800516E-4	3.955547184027124E-4	4.1176902126724824E-5
2	20	iMF (full)	0.9998681484271992	6.410814789125033E-4	6.215859860614051E-4	7.050873094588852E-5
2	20	Popularity	0.9998681484271992	6.294257561925955E-4	6.592578640045206E-4	7.751656592427391E-5
2	20	Normalized kNN (test)	0.9998681484271992	5.805292229019435E-4	6.027500470898474E-4	7.009015452429835E-5
2	20	Average Rating	0.9998681484271992	5.352522834165913E-4	5.462422301751742E-4	6.346695733872554E-5
2	20	Normalized kNN (full)	0.9998681484271992	6.360928840313738E-4	6.027500470898474E-4	6.890845081939777E-5
2	20	kNN (full/test)	0.9998681484271992	6.594969516308168E-4	6.592578640045206E-4	7.835371876745426E-5
2	20	iMF (test)	0.9998681484271992	6.716565302942321E-4	6.780938029760784E-4	7.67873772697411E-5
3	20	Random	0.9998672482457804	2.862448597283974E-4	3.2239711739047986E-4	3.0895027688814845E-5
3	20	iMF (full)	0.9998672482457804	5.941687862954161E-4	5.879006258296984E-4	6.009117773820653E-5
3	20	Popularity	0.9998672482457804	5.101567094707389E-4	5.689360895126114E-4	5.8536707548281354E-5
3	20	Normalized kNN (test)	0.9998672482457804	6.366912183647264E-4	6.068651621467855E-4	6.236949124817239E-5
3	20	Average Rating	0.9998672482457804	6.124099234941976E-4	5.879006258296984E-4	6.0414384411359286E-5
3	20	Normalized kNN (full)	0.9998672482457804	5.095230766353612E-4	5.120424805613504E-4	5.1498362504805755E-5
3	20	kNN (full/test)	0.9998672482457804	5.774498969109394E-4	5.879006258296984E-4	5.9627553821397166E-5
3	20	iMF (test)	0.9998672482457804	7.141273449794614E-4	7.016878437322208E-4	7.118889219099166E-5
4	20	Random	0.9999393571861734	3.9598361873102543E-4	3.840711542348899E-4	6.163973597718664E-5
4	20	iMF (full)	0.9999393571861734	6.522217727103567E-4	6.468566808166566E-4	1.0866057401437694E-4
4	20	Popularity	0.9999393571861734	6.006030805084871E-4	6.064281382656155E-4	9.166167220490414E-5
4	20	Normalized kNN (test)	0.9999393571861734	6.435392194245656E-4	6.468566808166566E-4	8.893491280477545E-5
4	20	Average Rating	0.9999393571861734	5.949722049820813E-4	5.86213866990095E-4	7.14336095162327E-5
4	20	Normalized kNN (full)	0.9999393571861734	7.646531811497413E-4	7.479280371942592E-4	1.2260763311373462E-4
4	20	kNN (full/test)	0.9999393571861734	7.390421010666703E-4	7.074994946432181E-4	1.2020398682171367E-4
4	20	iMF (test)	0.9999393571861734	6.695065852479848E-4	6.670709520921771E-4	1.0457437531794132E-4
5	20	Random	0.9997864551555827	2.582578170400815E-4	1.830384380719951E-4	1.7069060693221768E-4
5	20	iMF (full)	0.9997864551555827	5.058808922828364E-4	2.745576571079927E-4	3.304860687411023E-4
5	20	Popularity	0.9997864551555827	4.50100125908386E-4	2.4405125076266013E-4	3.268543536999913E-4
5	20	Normalized kNN (test)	0.9997864551555827	3.813964042852397E-4	3.050640634533252E-4	3.341177837822133E-4
5	20	Average Rating	0.9997864551555827	3.506981749819101E-4	3.050640634533252E-4	3.341177837822133E-4
5	20	Normalized kNN (full)	0.9997864551555827	4.652169106775148E-4	3.660768761439902E-4	3.4138121386443536E-4
5	20	kNN (full/test)	0.9997864551555827	4.961376888406282E-4	3.050640634533252E-4	3.341177837822133E-4
5	20	iMF (test)	0.9997864551555827	4.742415984575096E-4	3.3557046979865775E-4	3.3774949882332437E-4
1	50	Random	1.0	1.8932217758340776E-4	1.6787912702853944E-4	2.3740482610096485E-5
1	50	iMF (full)	1.0	3.173866750089992E-4	3.357582540570789E-4	6.29849538635213E-5
1	50	Popularity	1.0	3.1295052245440135E-4	3.1710501772057455E-4	6.508445232563867E-5
1	50	Normalized kNN (test)	1.0	2.8945820544437373E-4	2.797985450475658E-4	5.37794606065451E-5
1	50	Average Rating	1.0	2.9002070984331503E-4	2.797985450475658E-4	4.990346344571302E-5
1	50	Normalized kNN (full)	1.0	3.348038300078449E-4	3.357582540570789E-4	6.29849538635213E-5
1	50	kNN (full/test)	1.0	3.0778459653955963E-4	3.171050177205745E-4	5.7332458003974515E-5
1	50	iMF (test)	1.0	3.5718277977212816E-4	3.544114903935833E-4	6.863744972306807E-5
2	50	Random	1.0	2.881408799954762E-4	2.637031456018083E-4	2.3394044375642483E-5
2	50	iMF (full)	1.0	6.712730189659494E-4	6.404219250329628E-4	7.260161305383939E-5
2	50	Popularity	1.0	6.294257561925955E-4	6.592578640045206E-4	7.751656592427391E-5
2	50	Normalized kNN (test)	1.0	5.365043010263985E-4	5.274062912036165E-4	6.219425875956623E-5
2	50	Average Rating	1.0	5.031643127240836E-4	4.897344132605009E-4	5.682679083876395E-5
2	50	Normalized kNN (full)	1.0	6.313166281578055E-4	6.027500470898474E-4	6.890845081939777E-5
2	50	kNN (full/test)	1.0	6.584025018779772E-4	6.592578640045206E-4	7.835371876745426E-5
2	50	iMF (test)	1.0	6.716565302942321E-4	6.780938029760784E-4	7.67873772697411E-5
3	50	Random	1.0	3.248497383866166E-4	3.0343258107339276E-4	2.96493214682287E-5
3	50	iMF (full)	1.0	6.299307755225824E-4	6.068651621467855E-4	6.164564792813169E-5
3	50	Popularity	1.0	5.101567094707389E-4	5.689360895126114E-4	5.8536707548281354E-5
3	50	Normalized kNN (test)	1.0	5.94812105329872E-4	5.499715531955243E-4	5.770608067839688E-5
3	50	Average Rating	1.0	5.27499147349129E-4	5.120424805613504E-4	5.342411576551023E-5
3	50	Normalized kNN (full)	1.0	5.085683360931052E-4	5.120424805613504E-4	5.1498362504805755E-5
3	50	kNN (full/test)	1.0	5.774498969109394E-4	5.879006258296984E-4	5.9627553821397166E-5
3	50	iMF (test)	1.0	7.15372582115441E-4	7.016878437322208E-4	7.157508613406585E-5
4	50	Random	1.0	3.6766926230632395E-4	3.234283404083283E-4	4.8244333403866555E-5
4	50	iMF (full)	1.0	6.165839909025077E-4	6.266424095411361E-4	1.0137279726504456E-4
4	50	Popularity	1.0	5.655946646305356E-4	5.659995957145744E-4	7.549025518448773E-5
4	50	Normalized kNN (test)	1.0	5.876469313130568E-4	5.659995957145744E-4	6.930579148723052E-5
4	50	Average Rating	1.0	5.549427176911048E-4	5.45785324439054E-4	6.717797345822837E-5
4	50	Normalized kNN (full)	1.0	7.195947791286289E-4	6.872852233676975E-4	1.0430839806431607E-4
4	50	kNN (full/test)	1.0	7.090025664448867E-4	6.872852233676975E-4	1.1211827831150546E-4
4	50	iMF (test)	1.0	7.067304789175031E-4	7.479280371942592E-4	1.2340556487461045E-4
5	50	Random	1.0	4.1392753322503444E-5	6.101281269066504E-5	7.263430082222028E-6
5	50	iMF (full)	1.0	5.369368838308784E-4	2.745576571079927E-4	3.304860687411023E-4
5	50	Popularity	1.0	3.1871611641497437E-4	2.1354484441732762E-4	1.7432232197332867E-4
5	50	Normalized kNN (test)	1.0	3.1574656834922765E-4	2.745576571079927E-4	1.815857520555507E-4
5	50	Average Rating	1.0	1.9892867255519192E-4	1.830384380719951E-4	2.1790290246666084E-5
5	50	Normalized kNN (full)	1.0	5.036366472871057E-4	3.660768761439902E-4	3.4138121386443536E-4
5	50	kNN (full/test)	1.0	5.221117942834656E-4	3.3557046979865775E-4	3.3774949882332437E-4
5	50	iMF (test)	1.0	5.644737356725914E-4	3.660768761439902E-4	3.4138121386443536E-4
1	100	Random	1.0	9.926148918482763E-5	7.461294534601754E-5	7.105994794858813E-6
1	100	iMF (full)	1.0	3.325385724953871E-4	3.357582540570789E-4	6.29849538635213E-5
1	100	Popularity	1.0	3.1295052245440135E-4	3.1710501772057455E-4	6.508445232563867E-5
1	100	Normalized kNN (test)	1.0	3.147679322474266E-4	2.9845178138407017E-4	5.555595930525981E-5
1	100	Average Rating	1.0	2.6579481697755475E-4	2.42492072374557E-4	3.859847172661946E-5
1	100	Normalized kNN (full)	1.0	3.348038300078449E-4	3.357582540570789E-4	6.29849538635213E-5
1	100	kNN (full/test)	1.0	3.0778459653955963E-4	3.171050177205745E-4	5.7332458003974515E-5
1	100	iMF (test)	1.0	3.5538362910472846E-4	3.544114903935833E-4	6.863744972306807E-5
2	100	Random	1.0	2.7713539624090345E-4	3.013750235449237E-4	2.841696143472454E-5
2	100	iMF (full)	1.0	6.308737923231691E-4	6.027500470898474E-4	6.723414513303709E-5
2	100	Popularity	1.0	6.032697110101592E-4	6.215859860614052E-4	7.214909800347163E-5
2	100	Normalized kNN (test)	1.0	5.330504245733191E-4	5.462422301751742E-4	5.78058464993694E-5
2	100	Average Rating	1.0	4.656409692035161E-4	4.5206253531738556E-4	4.5815181392994295E-5
2	100	Normalized kNN (full)	1.0	6.233685501904368E-4	5.839141081182898E-4	6.765272155462727E-5
2	100	kNN (full/test)	1.0	6.594969516308168E-4	6.592578640045206E-4	7.835371876745426E-5
2	100	iMF (test)	1.0	6.607116436263341E-4	6.40421925032963E-4	7.059972582014725E-5
3	100	Random	1.0	1.9661890536563798E-4	2.4653897212213163E-4	2.3875873635338318E-5
3	100	iMF (full)	1.0	6.11917124363856E-4	6.068651621467855E-4	6.235504854435865E-5
3	100	Popularity	1.0	4.7303583266255367E-4	5.310070168784372E-4	5.542776716843102E-5
3	100	Normalized kNN (test)	1.0	5.407237045627587E-4	5.310070168784372E-4	5.6151610488471704E-5
3	100	Average Rating	1.0	4.6830526155387494E-4	4.172197989759151E-4	4.452728484895577E-5
3	100	Normalized kNN (full)	1.0	4.927349951435405E-4	4.930779442442633E-4	4.994389231488059E-5
3	100	kNN (full/test)	1.0	5.594737231257031E-4	5.689360895126114E-4	5.807308363147199E-5
3	100	iMF (test)	1.0	7.048141596232469E-4	6.827233074151337E-4	6.884759141110437E-5
4	100	Random	1.0	3.4316678101555334E-4	3.4364261168384877E-4	5.658616815830651E-5
4	100	iMF (full)	1.0	6.704619294700092E-4	6.670709520921771E-4	1.0323463804042145E-4
4	100	Popularity	1.0	4.852081206921554E-4	4.649282393369719E-4	4.7775425356734606E-5
4	100	Normalized kNN (test)	1.0	5.113447738593418E-4	4.851425106124924E-4	4.9676670169685605E-5
4	100	Average Rating	1.0	4.6227393729555375E-4	4.649282393369719E-4	5.510260614364112E-5
4	100	Normalized kNN (full)	1.0	7.171725771628674E-4	6.872852233676976E-4	1.1106422030639791E-4
4	100	kNN (full/test)	1.0	6.507653253725259E-4	6.064281382656155E-4	8.65312665127545E-5
4	100	iMF (test)	1.0	6.020921561866582E-4	6.266424095411361E-4	8.786115278088085E-5
5	100	Random	1.0	1.4441341379152288E-4	1.2202562538133008E-4	1.4526860164444056E-5
5	100	iMF (full)	1.0	4.2513017396068355E-4	2.745576571079927E-4	3.304860687411023E-4
5	100	Popularity	1.0	3.8775040120170935E-4	2.1354484441732762E-4	1.7432232197332867E-4
5	100	Normalized kNN (test)	1.0	1.8817253942529823E-4	1.525320317266626E-4	1.815857520555507E-5
5	100	Average Rating	1.0	1.3370558086498786E-4	1.2202562538133008E-4	1.4526860164444056E-5
5	100	Normalized kNN (full)	1.0	4.4874601824159875E-4	3.050640634533252E-4	3.341177837822133E-4
5	100	kNN (full/test)	1.0	5.221117942834656E-4	3.3557046979865775E-4	3.3774949882332437E-4
5	100	iMF (test)	1.0	3.808293941009752E-4	3.3557046979865775E-4	3.3774949882332437E-4
1	200	Random	1.0	6.376029804456308E-5	7.461294534601754E-5	7.105994794858813E-6
1	200	iMF (full)	1.0	2.9844744482200114E-4	3.1710501772057455E-4	6.12084551648066E-5
1	200	Popularity	1.0	2.9600300068477475E-4	2.9845178138407017E-4	6.330795362692396E-5
1	200	Normalized kNN (test)	1.0	2.3842532542770956E-4	2.42492072374557E-4	3.859847172661946E-5
1	200	Average Rating	1.0	2.149674297265561E-4	2.2383883603805264E-4	3.294597586707268E-5
1	200	Normalized kNN (full)	1.0	3.2293649402594755E-4	3.171050177205745E-4	5.7332458003974515E-5
1	200	kNN (full/test)	1.0	3.0778459653955963E-4	3.171050177205745E-4	5.7332458003974515E-5
1	200	iMF (test)	1.0	3.3180499663965443E-4	3.171050177205745E-4	5.7332458003974515E-5
2	200	Random	1.0	1.298582443919716E-4	1.3185157280090412E-4	1.2500236402224005E-5
2	200	iMF (full)	1.0	6.612076758839038E-4	6.40421925032963E-4	7.342179658263093E-5
2	200	Popularity	1.0	5.734318597069943E-4	6.027500470898474E-4	6.805432866182864E-5
2	200	Normalized kNN (test)	1.0	4.491941135659656E-4	4.7089847428894333E-4	5.8393132336477105E-5
2	200	Average Rating	1.0	4.4460966883020514E-4	4.5206253531738556E-4	5.1459322917961654E-5
2	200	Normalized kNN (full)	1.0	6.236132789354255E-4	5.839141081182898E-4	6.681556871144692E-5
2	200	kNN (full/test)	1.0	6.45324479286759E-4	6.592578640045206E-4	7.835371876745426E-5
2	200	iMF (test)	1.0	6.760677128075866E-4	6.592578640045206E-4	7.55146786905818E-5
3	200	Random	1.0	2.0346486915422007E-4	2.2757443580504456E-4	2.2644610118565904E-5
3	200	iMF (full)	1.0	6.08702980824949E-4	5.689360895126114E-4	5.773543425450549E-5
3	200	Popularity	1.0	4.2095053464677527E-4	4.7411340792717616E-4	4.879005877184335E-5
3	200	Normalized kNN (test)	1.0	4.678447044819524E-4	4.172197989759151E-4	4.374045425899365E-5
3	200	Average Rating	1.0	3.339680485724899E-4	3.4136165370756685E-4	3.5934469615555E-5
3	200	Normalized kNN (full)	1.0	5.06648122793713E-4	5.120424805613504E-4	5.189899915169368E-5
3	200	kNN (full/test)	1.0	5.469089168570915E-4	5.499715531955243E-4	5.6518613441546824E-5
3	200	iMF (test)	1.0	6.611652955882174E-4	6.447942347809596E-4	6.487439046755674E-5
4	200	Random	1.0	2.5924716388974313E-4	2.0214271275520516E-4	1.840168554711127E-5
4	200	iMF (full)	1.0	5.633016135768881E-4	5.86213866990095E-4	9.657535569039618E-5
4	200	Popularity	1.0	4.931084385966547E-4	4.851425106124924E-4	5.5063202106066994E-5
4	200	Normalized kNN (test)	1.0	4.7236398037954063E-4	4.4471396806145143E-4	3.866521186959943E-5
4	200	Average Rating	1.0	4.0623514184918736E-4	4.042854255104103E-4	3.680337109422254E-5
4	200	Normalized kNN (full)	1.0	6.054389893555757E-4	5.86213866990095E-4	7.579563647568711E-5
4	200	kNN (full/test)	1.0	6.022134729839122E-4	5.86213866990095E-4	7.764762624167048E-5
4	200	iMF (test)	1.0	5.574957605283799E-4	5.86213866990095E-4	7.818943175831455E-5
5	200	Random	1.0	1.2309382902577195E-4	9.151921903599755E-5	1.0895145123333042E-5
5	200	iMF (full)	1.0	4.1197780666092176E-4	2.745576571079927E-4	3.304860687411023E-4
5	200	Popularity	1.0	2.5873948368170446E-4	2.1354484441732762E-4	1.7432232197332867E-4
5	200	Normalized kNN (test)	1.0	1.3938352283259853E-4	1.2202562538133008E-4	1.4526860164444056E-5
5	200	Average Rating	1.0	8.41510537437054E-5	9.151921903599755E-5	1.0895145123333042E-5
5	200	Normalized kNN (full)	1.0	3.302995702949964E-4	2.745576571079927E-4	1.815857520555507E-4
5	200	kNN (full/test)	1.0	4.1618025190447345E-4	2.745576571079927E-4	1.815857520555507E-4
5	200	iMF (test)	1.0	4.162202235912684E-4	3.3557046979865775E-4	3.3774949882332437E-4
1	500	Random	1.0	9.418130339709839E-5	9.326618168252192E-5	8.882493493573516E-6
1	500	iMF (full)	1.0	3.2581693637184637E-4	3.171050177205745E-4	5.7332458003974515E-5
1	500	Popularity	1.0	2.9600300068477475E-4	2.9845178138407017E-4	6.330795362692396E-5
1	500	Normalized kNN (test)	1.0	2.8989420365304615E-4	2.797985450475658E-4	4.990346344571302E-5
1	500	Average Rating	1.0	1.624256478099026E-4	1.8653236336504383E-4	2.9392978469643273E-5
1	500	Normalized kNN (full)	1.0	3.189218830498854E-4	3.171050177205745E-4	5.7332458003974515E-5
1	500	kNN (full/test)	1.0	3.0778459653955963E-4	3.171050177205745E-4	5.7332458003974515E-5
1	500	iMF (test)	1.0	3.407598147084077E-4	3.357582540570789E-4	6.29849538635213E-5
2	500	Random	1.0	8.019054655766793E-5	9.417969485778867E-5	7.952952010213264E-6
2	500	iMF (full)	1.0	5.975804256761954E-4	5.65078169146732E-4	6.470571728910726E-5
2	500	Popularity	1.0	5.791602218261136E-4	5.839141081182898E-4	6.960370084515301E-5
2	500	Normalized kNN (test)	1.0	3.8186716202307305E-4	3.7671877943115466E-4	4.640246723010201E-5
2	500	Average Rating	1.0	2.8416670738067707E-4	3.013750235449237E-4	3.2025277097222195E-5
2	500	Normalized kNN (full)	1.0	5.833233596035424E-4	5.462422301751742E-4	6.428714086751709E-5
2	500	kNN (full/test)	1.0	6.576617408754187E-4	6.592578640045206E-4	7.835371876745426E-5
2	500	iMF (test)	1.0	6.234405318870439E-4	5.839141081182898E-4	6.763575224023847E-5
3	500	Random	1.0	2.0869691475258884E-5	1.8964536317087048E-5	1.5544701899251678E-6
3	500	iMF (full)	1.0	4.978337066923156E-4	4.7411340792717616E-4	4.837497942114167E-5
3	500	Popularity	1.0	4.2513633249649437E-4	4.7411340792717616E-4	4.9977526008693396E-5
3	500	Normalized kNN (test)	1.0	3.592543049626059E-4	3.603261900246539E-4	3.7812146478632924E-5
3	500	Average Rating	1.0	2.1018448436049275E-4	2.275744358050446E-4	2.3523313386076937E-5
3	500	Normalized kNN (full)	1.0	4.026406871986434E-4	4.172197989759151E-4	4.253854431832986E-5
3	500	kNN (full/test)	1.0	5.126255165170644E-4	5.310070168784372E-4	5.456350660473372E-5
3	500	iMF (test)	1.0	6.273943618476058E-4	6.068651621467855E-4	6.215164403078059E-5
4	500	Random	1.0	1.0025043874468294E-4	1.0107135637760258E-4	9.043226623259178E-6
4	500	iMF (full)	1.0	5.159452615525867E-4	5.255710531635334E-4	7.827612064097759E-5
4	500	Popularity	1.0	4.1431212723518833E-4	3.840711542348898E-4	3.3306262759519915E-5
4	500	Normalized kNN (test)	1.0	3.1841333703280675E-4	3.0321406913280777E-4	2.6134727921031155E-5
4	500	Average Rating	1.0	1.977883091998874E-4	2.2235698403072566E-4	1.9475445571005875E-5
4	500	Normalized kNN (full)	1.0	6.270458763264606E-4	5.659995957145744E-4	7.446575020756077E-5
4	500	kNN (full/test)	1.0	5.244184797560357E-4	4.649282393369719E-4	5.997688559155902E-5
4	500	iMF (test)	1.0	3.8005461024420955E-4	4.244996967859309E-4	5.1103096329868536E-5
5	500	Random	1.0	6.929901611325444E-5	9.151921903599755E-5	1.0895145123333042E-5
5	500	iMF (full)	1.0	2.3265420326356765E-4	1.525320317266626E-4	1.6705889189110666E-4
5	500	Popularity	1.0	2.531668591341734E-4	2.1354484441732762E-4	1.7432232197332867E-4
5	500	Normalized kNN (test)	1.0	1.2425792543962696E-4	1.2202562538133008E-4	1.4526860164444056E-5
5	500	Average Rating	1.0	8.832305925407487E-5	6.101281269066504E-5	7.263430082222028E-6
5	500	Normalized kNN (full)	1.0	1.925394532829003E-4	2.1354484441732762E-4	2.5422005287777098E-5
5	500	kNN (full/test)	1.0	3.1822944351506897E-4	2.4405125076266013E-4	1.7795403701443971E-4
5	500	iMF (test)	1.0	1.9436030801274633E-4	2.1354484441732762E-4	2.5422005287777098E-5
1	1000	Random	1.0	2.5902339838379873E-5	1.8653236336504385E-5	1.7764986987147033E-6
1	1000	iMF (full)	1.0	2.7708779904975065E-4	2.797985450475658E-4	4.990346344571302E-5
1	1000	Popularity	1.0	2.472353781805684E-4	2.6114530871106133E-4	5.587895906866249E-5
1	1000	Normalized kNN (test)	1.0	1.889970335587553E-4	2.0518559970154825E-4	3.504547432919005E-5
1	1000	Average Rating	1.0	1.9643201948154365E-4	1.8653236336504383E-4	3.326897563047535E-5
1	1000	Normalized kNN (full)	1.0	2.0421346099040307E-4	2.0518559970154825E-4	3.1169477168357974E-5
1	1000	kNN (full/test)	1.0	3.0778459653955963E-4	3.171050177205745E-4	5.7332458003974515E-5
1	1000	iMF (test)	1.0	3.1527578928100867E-4	2.9845178138407017E-4	5.1679962144427726E-5
2	1000	Random	1.0	3.0804555777038295E-5	3.7671877943115464E-5	3.365580687110166E-6
2	1000	iMF (full)	1.0	5.742098439512957E-4	5.462422301751742E-4	6.0610947947464276E-5
2	1000	Popularity	1.0	4.627232742683025E-4	5.085703522320588E-4	5.606366355545354E-5
2	1000	Normalized kNN (test)	1.0	2.4394547275926763E-4	2.82539084573366E-4	3.2771435066143805E-5
2	1000	Average Rating	1.0	1.5243849377844315E-4	1.8835938971557733E-4	1.910646427340802E-5
2	1000	Normalized kNN (full)	1.0	4.748630636727559E-4	4.7089847428894333E-4	5.555409225960464E-5
2	1000	kNN (full/test)	1.0	5.573375966826091E-4	5.839141081182898E-4	7.045782300272214E-5
2	1000	iMF (test)	1.0	4.7925838693099E-4	4.5206253531738556E-4	4.860331352670039E-5
3	1000	Random	1.0	9.151510245888488E-5	9.482268158543523E-5	8.95981818647589E-6
3	1000	iMF (full)	1.0	4.369460354835962E-4	4.3618433529300207E-4	4.5729662958100705E-5
3	1000	Popularity	1.0	3.587050148766113E-4	3.7929072634174094E-4	3.9907670559102625E-5
3	1000	Normalized kNN (test)	1.0	2.6128299207024236E-4	2.4653897212213163E-4	2.5077783576002102E-5
3	1000	Average Rating	1.0	1.2694625231352355E-4	1.7068082685378343E-4	1.7271798932563452E-5
3	1000	Normalized kNN (full)	1.0	2.6875008733930983E-4	3.0343258107339276E-4	3.123742535196668E-5
3	1000	kNN (full/test)	1.0	4.1322105763576315E-4	4.7411340792717616E-4	4.9900096034958225E-5
3	1000	iMF (test)	1.0	5.272951947326928E-4	5.120424805613504E-4	5.359246249119264E-5
4	1000	Random	1.0	4.448994669457857E-5	2.021427127552052E-5	1.3298862681263497E-6
4	1000	iMF (full)	1.0	4.888138791607516E-4	4.851425106124924E-4	6.315876162566874E-5
4	1000	Popularity	1.0	3.0989999159995567E-4	3.0321406913280777E-4	2.505111688774302E-5
4	1000	Normalized kNN (test)	1.0	3.23200951076211E-4	3.0321406913280777E-4	2.7218338954319293E-5
4	1000	Average Rating	1.0	1.4159115788465364E-4	1.6171417020416416E-4	1.4943981249982758E-5
4	1000	Normalized kNN (full)	1.0	5.296622410248787E-4	4.851425106124924E-4	5.5092755134247586E-5
4	1000	kNN (full/test)	1.0	4.991863463562451E-4	4.4471396806145143E-4	5.163505083711908E-5
4	1000	iMF (test)	1.0	3.2669153513663763E-4	3.638568829593693E-4	3.226205576380589E-5
5	1000	Random	1.0	0.0	0.0	0.0
5	1000	iMF (full)	1.0	1.5849449300349904E-4	1.2202562538133007E-4	1.6342717684999565E-4
5	1000	Popularity	1.0	1.605943553857577E-4	1.525320317266626E-4	1.815857520555507E-5
5	1000	Normalized kNN (test)	1.0	9.519495949413686E-5	9.151921903599755E-5	1.0895145123333042E-5
5	1000	Average Rating	1.0	3.3571044279755976E-5	3.050640634533252E-5	3.631715041111014E-6
5	1000	Normalized kNN (full)	1.0	1.3033694181448333E-4	1.525320317266626E-4	1.815857520555507E-5
5	1000	kNN (full/test)	1.0	2.519500288872093E-4	1.830384380719951E-4	1.7069060693221768E-4
5	1000	iMF (test)	1.0	1.2605412303937937E-4	1.525320317266626E-4	1.815857520555507E-5
1	2000	Random	1.0	0.0	0.0	0.0
1	2000	iMF (full)	1.0	2.3381457503215928E-4	2.4249207237455694E-4	4.635046604828362E-5
1	2000	Popularity	1.0	2.1214897506712362E-4	2.4249207237455694E-4	5.02264632091157E-5
1	2000	Normalized kNN (test)	1.0	1.4065865571150543E-4	1.6787912702853944E-4	2.3740482610096485E-5
1	2000	Average Rating	1.0	9.070472163171152E-5	1.1191941801902632E-4	1.841098651395238E-5
1	2000	Normalized kNN (full)	1.0	2.0641066217343997E-4	2.0518559970154825E-4	3.1169477168357974E-5
1	2000	kNN (full/test)	1.0	2.9424081358504257E-4	3.171050177205745E-4	5.7332458003974515E-5
1	2000	iMF (test)	1.0	2.9824195205633566E-4	2.797985450475658E-4	4.6027466284880944E-5
2	2000	Random	1.0	2.6156045182436336E-5	1.8835938971557732E-5	1.2726985791593063E-6
2	2000	iMF (full)	1.0	5.802928885852649E-4	5.462422301751742E-4	6.343301870994795E-5
2	2000	Popularity	1.0	4.316885879745976E-4	4.89734413260501E-4	5.479096497629423E-5
2	2000	Normalized kNN (test)	1.0	1.331882794689005E-4	1.695234507440196E-4	1.8704857166206638E-5
2	2000	Average Rating	1.0	2.8517110773405543E-5	3.7671877943115464E-5	2.5453971583186126E-6
2	2000	Normalized kNN (full)	1.0	3.401038465193504E-4	3.7671877943115466E-4	4.925847662136327E-5
2	2000	kNN (full/test)	1.0	5.344811188729395E-4	5.65078169146732E-4	6.918512442356285E-5
2	2000	iMF (test)	1.0	4.403870926203526E-4	4.1439065737427014E-4	4.607488568277057E-5
3	2000	Random	1.0	5.231313373257469E-5	5.689360895126115E-5	5.064047216663433E-6
3	2000	iMF (full)	1.0	3.034268908708182E-4	2.844680447563057E-4	2.979448699807064E-5
3	2000	Popularity	1.0	3.746372244404715E-4	3.98255262658828E-4	4.218598406906848E-5
3	2000	Normalized kNN (test)	1.0	2.1429118942272205E-4	2.275744358050446E-4	2.312267673918901E-5
3	2000	Average Rating	1.0	7.839748681205378E-5	9.482268158543523E-5	9.142607615972041E-6
3	2000	Normalized kNN (full)	1.0	2.450746341297469E-4	2.844680447563057E-4	2.9682955162041513E-5
3	2000	kNN (full/test)	1.0	4.01432095901419E-4	4.7411340792717616E-4	4.9900096034958225E-5
3	2000	iMF (test)	1.0	5.298813020604355E-4	4.930779442442633E-4	5.007813717826904E-5
4	2000	Random	1.0	0.0	0.0	0.0
4	2000	iMF (full)	1.0	3.3187607576151646E-4	3.436426116838488E-4	4.9574219671992914E-5
4	2000	Popularity	1.0	2.8164107532773527E-4	2.627855265817667E-4	2.1051607073970438E-5
4	2000	Normalized kNN (test)	1.0	2.156054514839149E-4	2.425712553062462E-4	2.1888942872420362E-5
4	2000	Average Rating	1.0	8.878306600914437E-5	1.212856276531231E-4	1.0944471436210181E-5
4	2000	Normalized kNN (full)	1.0	3.712824493754058E-4	4.042854255104103E-4	4.113584502549638E-5
4	2000	kNN (full/test)	1.0	4.588678834826722E-4	4.244996967859309E-4	4.354934232691086E-5
4	2000	iMF (test)	1.0	1.935170592212591E-4	2.0214271275520516E-4	1.894349106375534E-5
5	2000	Random	1.0	0.0	0.0	0.0
5	2000	iMF (full)	1.0	6.354291208368876E-5	6.101281269066504E-5	7.263430082222028E-6
5	2000	Popularity	1.0	1.309155380685194E-4	1.2202562538133008E-4	1.4526860164444056E-5
5	2000	Normalized kNN (test)	1.0	1.0893120091409152E-4	9.151921903599755E-5	1.0895145123333042E-5
5	2000	Average Rating	1.0	2.8916523602669552E-5	3.050640634533252E-5	3.631715041111014E-6
5	2000	Normalized kNN (full)	1.0	6.776321779741695E-5	9.151921903599755E-5	1.0895145123333042E-5
5	2000	kNN (full/test)	1.0	1.1472243948836201E-4	6.101281269066504E-5	1.561637467677736E-4
5	2000	iMF (test)	1.0	9.667974140008652E-5	1.2202562538133008E-4	1.4526860164444056E-5
1	3706	Random	1.0	0.0	0.0	0.0
1	3706	iMF (full)	1.0	1.7895641462184987E-4	1.6787912702853944E-4	2.7616479770928567E-5
1	3706	Popularity	1.0	1.996890260498992E-4	2.2383883603805258E-4	4.457396734956892E-5
1	3706	Normalized kNN (test)	1.0	1.1913724573443026E-4	1.4922589069203506E-4	2.1963983911381785E-5
1	3706	Average Rating	1.0	7.176549144471348E-5	9.326618168252192E-5	1.2758490654405596E-5
1	3706	Normalized kNN (full)	1.0	1.6415341360076057E-4	1.6787912702853944E-4	2.7616479770928567E-5
1	3706	kNN (full/test)	1.0	2.9022620260898046E-4	3.171050177205745E-4	5.7332458003974515E-5
1	3706	iMF (test)	1.0	2.524898625926438E-4	2.6114530871106133E-4	4.037497042533416E-5
2	3706	Random	1.0	4.233589436718216E-5	5.65078169146732E-5	4.621309951880681E-6
2	3706	iMF (full)	1.0	4.958025843064134E-4	4.332265963458278E-4	4.934947149562201E-5
2	3706	Popularity	1.0	3.424649121103196E-4	3.955547184027124E-4	4.281726918430793E-5
2	3706	Normalized kNN (test)	1.0	7.987709489272708E-5	1.1301563382934639E-4	1.4100516528714749E-5
2	3706	Average Rating	1.0	0.0	0.0	0.0
2	3706	Normalized kNN (full)	1.0	2.9562669039557074E-4	3.202109625164814E-4	3.979623935891799E-5
2	3706	kNN (full/test)	1.0	4.773445120884282E-4	4.89734413260501E-4	6.130619797321952E-5
2	3706	iMF (test)	1.0	4.264827228662154E-4	3.578828404595969E-4	4.145357573088989E-5
3	3706	Random	1.0	0.0	0.0	0.0
3	3706	iMF (full)	1.0	3.055817371898934E-4	2.844680447563057E-4	3.019512364495857E-5
3	3706	Popularity	1.0	2.702198791670029E-4	2.844680447563057E-4	2.9374191192702492E-5
3	3706	Normalized kNN (test)	1.0	1.1790189632539929E-4	1.1378721790252228E-4	1.149835109967307E-5
3	3706	Average Rating	1.0	1.4867868192428474E-5	1.8964536317087048E-5	1.8776768630779254E-6
3	3706	Normalized kNN (full)	1.0	2.002152479983824E-4	2.655035084392187E-4	2.7805278298963592E-5
3	3706	kNN (full/test)	1.0	3.5044871970203083E-4	4.172197989759151E-4	4.4836048818294793E-5
3	3706	iMF (test)	1.0	4.372462988662481E-4	4.172197989759151E-4	4.281320642537493E-5
4	3706	Random	1.0	1.2860478714160444E-5	2.021427127552052E-5	1.3298862681263497E-6
4	3706	iMF (full)	1.0	2.7846120861046595E-4	2.627855265817667E-4	2.8319681804515777E-5
4	3706	Popularity	1.0	2.6082043458966085E-4	2.425712553062462E-4	1.9179915289200023E-5
4	3706	Normalized kNN (test)	1.0	1.2830244148815537E-4	1.414998989286436E-4	1.2274357704336532E-5
4	3706	Average Rating	1.0	2.8864997783735057E-5	4.042854255104104E-5	3.2015780528967677E-6
4	3706	Normalized kNN (full)	1.0	3.059847031045044E-4	3.234283404083283E-4	2.8262545950033315E-5
4	3706	kNN (full/test)	1.0	4.1597199086197294E-4	3.638568829593693E-4	3.146412400293008E-5
4	3706	iMF (test)	1.0	2.2039121724144227E-4	2.2235698403072566E-4	1.9475445571005875E-5
5	3706	Random	1.0	0.0	0.0	0.0
5	3706	iMF (full)	1.0	5.954514972259338E-5	6.101281269066504E-5	7.263430082222028E-6
5	3706	Popularity	1.0	6.714208855951195E-5	3.050640634533252E-5	3.631715041111014E-6
5	3706	Normalized kNN (test)	1.0	2.5974105442837396E-5	3.050640634533252E-5	3.631715041111014E-6
5	3706	Average Rating	1.0	0.0	0.0	0.0
5	3706	Normalized kNN (full)	1.0	4.4128277130281995E-5	6.101281269066504E-5	7.263430082222028E-6
5	3706	kNN (full/test)	1.0	9.866935346342975E-5	6.101281269066504E-5	1.561637467677736E-4
5	3706	iMF (test)	1.0	4.5097465196904387E-5	6.101281269066504E-5	7.263430082222028E-6
