====================
Dataset: ml100k
====================

P@10
Target size	Expected intersection ratio in top n	Ratio of ties	Ratio of ties at zero	Sum of p-values
0	0.6726577348012521	0.6502886767998113	0.01661364439731354	364.38657382838346
1	0.6569272496762066	0.6205962059620596	0.019264757864969947
2	0.6393002404531057	0.592847885000589	0.016584187581006247
5	0.5772974220291114	0.5018263226110521	0.019294214681277237
10	0.44853606554864384	0.38429362554495117	0.017850830682219872
20	0.3084089577382711	0.3200777659950513	0.025627430187345354
50	0.16583511718753335	0.2818133616118769	0.05349357841404501
100	0.09705958705064502	0.28746907034287733	0.09334865087781313
200	0.05301874542466465	0.30252150347590434	0.12021326735006478
500	0.02203229631468	0.3323318015788853	0.1871980676328503
1000	0.010822374254583895	0.356486390950866	0.2289972899728997
1682	0.006279079607348137	0.3639978791092258	0.245787675268057	68.40809178109855

Recall@10
Target size	Expected intersection ratio in top n	Ratio of ties	Ratio of ties at zero	Sum of p-values
0	0.6726577348012521	0.6502886767998113	0.01661364439731354	449.91614039100995
1	0.6569272496762066	0.6205962059620596	0.019264757864969947
2	0.6393002404531057	0.592847885000589	0.016584187581006247
5	0.5772974220291114	0.5018263226110521	0.019294214681277237
10	0.44853606554864384	0.38429362554495117	0.017850830682219872
20	0.3084089577382711	0.3200777659950513	0.025627430187345354
50	0.16583511718753335	0.2818133616118769	0.05349357841404501
100	0.09705958705064502	0.28746907034287733	0.09334865087781313
200	0.05301874542466465	0.30252150347590434	0.12021326735006478
500	0.02203229631468	0.3323318015788853	0.1871980676328503
1000	0.010822374254583895	0.356486390950866	0.2289972899728997
1682	0.006279079607348137	0.3639978791092258	0.245787675268057	94.32242468693735

nDCG@10
Target size	Expected intersection ratio in top n	Ratio of ties	Ratio of ties at zero	Sum of p-values
0	0.6726577348012521	0.21535878402262287	0.01661364439731354	363.8015065643658
1	0.6569272496762066	0.15367621067515022	0.019264757864969947
2	0.6393002404531057	0.13635560268646163	0.016584187581006247
5	0.5772974220291114	0.09043242606339107	0.019294214681277237
10	0.44853606554864384	0.06807470248615527	0.017850830682219872
20	0.3084089577382711	0.06238953693884765	0.025627430187345354
50	0.16583511718753335	0.0803581948862967	0.05349357841404501
100	0.09705958705064502	0.1119948156003299	0.09334865087781313
200	0.05301874542466465	0.14080358194886294	0.12021326735006478
500	0.02203229631468	0.20484270060091903	0.1871980676328503
1000	0.010822374254583895	0.24525745257452577	0.2289972899728997
1682	0.006279079607348137	0.26139978791092267	0.245787675268057	78.91541837114404

FScore@10
Target size	Expected intersection ratio in top n	Ratio of ties	Ratio of ties at zero	Sum of p-values
0	0.6726577348012521	0.6502886767998113	0.01661364439731354	374.27853959154754
1	0.6569272496762066	0.6205962059620596	0.019264757864969947
2	0.6393002404531057	0.592847885000589	0.016584187581006247
5	0.5772974220291114	0.5018263226110521	0.019294214681277237
10	0.44853606554864384	0.38429362554495117	0.017850830682219872
20	0.3084089577382711	0.3200777659950513	0.025627430187345354
50	0.16583511718753335	0.2818133616118769	0.05349357841404501
100	0.09705958705064502	0.28746907034287733	0.09334865087781313
200	0.05301874542466465	0.30252150347590434	0.12021326735006478
500	0.02203229631468	0.3323318015788853	0.1871980676328503
1000	0.010822374254583895	0.356486390950866	0.2289972899728997
1682	0.006279079607348137	0.3639978791092258	0.245787675268057	75.97004280768404

