====================
Dataset: ml1m
====================

P@10
Target size	iMF (full)	iMF (test)	kNN (full)	kNN (test)	Normalized kNN (full)	Normalized kNN (test)	Average Rating	Popularity	Random
0	0.6596324503311258	0.6844370860927154	0.6577947019867549	0.6592781456953642	0.6424470198675496	0.6731490066225165	0.6652350993377484	0.6238079470198675	0.5501655629139073
1	0.6583145695364239	0.6837350993377482	0.656976821192053	0.6588940397350993	0.6354933774834437	0.6715960264900662	0.6631026490066224	0.6236788079470198	0.5320198675496689
2	0.6574933774834437	0.6834172185430465	0.6559238410596027	0.6583675496688741	0.6285662251655629	0.6704437086092714	0.6625264900662251	0.6226556291390728	0.5143013245033112
5	0.6453344370860927	0.6605827814569537	0.633225165562914	0.6330662251655629	0.5977119205298014	0.6187350993377484	0.6031026490066225	0.587728476821192	0.46608940397350984
10	0.6312549668874172	0.634023178807947	0.6098112582781458	0.6078543046357616	0.5604271523178809	0.5479039735099337	0.5244834437086092	0.5487913907284769	0.3954205298013245
20	0.6189039735099338	0.602973509933775	0.5862483443708608	0.580701986754967	0.525	0.4671754966887417	0.4314834437086093	0.49971523178807953	0.3104139072847682
50	0.6025662251655629	0.5643741721854304	0.5720662251655629	0.5687152317880795	0.4917980132450331	0.4137582781456953	0.3911523178807947	0.47865562913907284	0.19683112582781456
100	0.5799437086092716	0.5132185430463576	0.5499933774834437	0.5464271523178807	0.46501324503311264	0.3446556291390729	0.2863708609271523	0.42873509933774834	0.12847350993377485
200	0.5453973509933775	0.4481754966887418	0.5039834437086094	0.49785430463576164	0.42566556291390734	0.28449668874172185	0.2071688741721854	0.3566523178807947	0.07996688741721855
500	0.47779470198675494	0.3304735099337749	0.4330794701986755	0.4269801324503312	0.35302317880794704	0.17833443708609273	0.10940728476821193	0.29092052980132455	0.03765562913907285
1000	0.4183245033112583	0.25067218543046366	0.3675066225165563	0.3608509933774834	0.2810364238410596	0.12659602649006624	0.08339735099337749	0.23798675496688743	0.02098675496688742
2000	0.3592516556291391	0.18683774834437086	0.3195794701986755	0.3171887417218543	0.2145364238410596	0.08903973509933776	0.06168874172185431	0.19432781456953643	0.01037748344370861
3706	0.2925331125827815	0.12461258278145697	0.25535099337748346	0.2527980132450331	0.14577152317880798	0.04652317880794702	0.017751655629139072	0.14585761589403975	0.0057417218543046366

Recall@10
Target size	iMF (full)	iMF (test)	kNN (full)	kNN (test)	Normalized kNN (full)	Normalized kNN (test)	Average Rating	Popularity	Random
0	0.6189504004488866	0.6348144018031534	0.6178957749981145	0.6197668933971597	0.6053904728011309	0.6303003318021156	0.6262051375580585	0.6026498714450298	0.5666366225623749
1	0.6173742139595941	0.6342805983670013	0.6167404751838743	0.6191587778188454	0.5967177803305536	0.6288322885829448	0.6233937997809926	0.6024117762069345	0.5500541789649909
2	0.6160526092609192	0.6338028547916383	0.6151810895731642	0.6183667384564417	0.5875598123485517	0.6272532223217594	0.6225038131120324	0.6009164485029976	0.5323624613360052
5	0.602187176850415	0.6125817140437751	0.59394977887481	0.5954957054913774	0.5512698547776078	0.5857524858782235	0.5706771667694882	0.5680279526222167	0.47601870869024887
10	0.5817523270219993	0.5842968795686471	0.56517150313623	0.5666610969789756	0.49126609637616614	0.5103023643451194	0.4729275608224274	0.5204311396598859	0.37244871104166444
20	0.5637802038834472	0.5506355431876886	0.5369048221334879	0.5358061089295155	0.43370248020722874	0.4154862666620619	0.3481680516300851	0.46795389949435534	0.2576230753655726
50	0.5398979528428443	0.5061512937558351	0.5124126820550804	0.5121184787223428	0.38539934637036977	0.32473454116758177	0.291469391962415	0.4173407524776331	0.13918866651612732
100	0.5104620256950735	0.4489103170228056	0.4840420183930475	0.4833407721759985	0.3602656253268246	0.2542080581868641	0.20519836282111775	0.352166295326016	0.0804796847826206
200	0.4700822245935329	0.3727506494238688	0.4336953293215459	0.42898872421150075	0.3326831919227299	0.20225002278816	0.14944012102244741	0.2693172675521942	0.04647364646513704
500	0.3939653573976555	0.2622983740541124	0.35678853478449973	0.35100366780723186	0.2871336215424395	0.11998569952962926	0.07302819650601165	0.2046240881164393	0.019892852321880584
1000	0.3340592614279882	0.18937334294926905	0.2958203233207671	0.28788399412000504	0.2385736188699815	0.0787037420042204	0.05342918289943936	0.15724603757166483	0.011031373837526585
2000	0.2777494246195105	0.13747325983413147	0.24769271958141834	0.2441940068250493	0.18730003164114528	0.04985179401002364	0.039830384574155574	0.12069935776524399	0.004901363028304178
3706	0.21810924447019162	0.08769370377560934	0.1930634433874316	0.1883353201487087	0.13202564500377217	0.0226878163320884	0.010133608035020277	0.08578244950624694	0.0028244485630495595

nDCG@10
Target size	iMF (full)	iMF (test)	kNN (full)	kNN (test)	Normalized kNN (full)	Normalized kNN (test)	Average Rating	Popularity	Random
0	0.8393064133116905	0.8692369149758827	0.8377876110468703	0.8402956325697188	0.8145081658270256	0.8578191151659006	0.8470344114606438	0.7938347100298613	0.6936099575198419
1	0.8377252420339175	0.8682203867414671	0.8362555933716378	0.8396125785682175	0.8022442902981552	0.8553454602028531	0.8438231633471623	0.7936243688932303	0.6588398411468133
2	0.8363071448808064	0.8676332713335683	0.8348319649042987	0.8387454463948627	0.7916583745902576	0.8533811442462282	0.8431138921103658	0.7921232348519924	0.6292229339504344
5	0.8156828635028344	0.8243705889015287	0.7994604614868608	0.7981832830036207	0.7473002956179341	0.7587835058853567	0.7326941322819595	0.7152569462484821	0.5566858110121635
10	0.7954608906148474	0.7845327429908229	0.767349273992119	0.7629148201025302	0.6989066425284644	0.6678475368214689	0.636785772257206	0.6496052079587411	0.4585927811690265
20	0.7768153005813984	0.7397505789266539	0.7367351928577911	0.7285470113435738	0.6527109218762662	0.5696268195242722	0.5255498490427346	0.586811627462194	0.3499752259079221
50	0.7584511928771472	0.6934224930418788	0.7214878453343807	0.7153693420786362	0.6141676081592558	0.5013164483783912	0.4883058654676068	0.5624010875481107	0.2160365963450948
100	0.7280622154262529	0.6278471329100161	0.6946203635423649	0.6893051163714102	0.5812189090282278	0.41505319889157377	0.36489737505827097	0.5147363137224892	0.13810883312010583
200	0.6851690129512468	0.5449797820242337	0.6414482594552875	0.6343708014738378	0.5318419590463985	0.32921285342342604	0.24222771603231347	0.44255260764634696	0.08482413952861415
500	0.5946289368193461	0.3938639490385754	0.5464331602423471	0.5384102778491489	0.4350626408109678	0.1937225131575949	0.12202684922909632	0.34415475364008286	0.039473463079525074
1000	0.5197911685056145	0.296312311915488	0.4679821689621887	0.4604700561123824	0.3440227757037023	0.13286261599078672	0.08633557666574039	0.2733323381069636	0.022324402007305892
2000	0.4464820813831655	0.21963862505781986	0.4044354048692306	0.40119729953865557	0.2589616802564622	0.08531856450519994	0.057696667664452694	0.22078533942232953	0.01079774088990455
3706	0.3607548470858607	0.14435285980668713	0.3215042376916797	0.31880437067422224	0.17084715074487478	0.041859512890721054	0.014045427521226778	0.1712755158808908	0.006138804508640032

FScore@10
Target size	iMF (full)	iMF (test)	kNN (full)	kNN (test)	Normalized kNN (full)	Normalized kNN (test)	Average Rating	Popularity	Random
0	0.5283485689191757	0.5457848541905618	0.5270600102002491	0.5286798468417129	0.5144057015804342	0.5397966734000769	0.5347932930361384	0.507573982868591	0.46434749718695834
1	0.5270230631404893	0.5452400901454153	0.5261100370665488	0.5282289771800774	0.5069854434625363	0.5383810074562546	0.5324458872392122	0.5074155406193145	0.4484545868449432
2	0.5259720091513572	0.5448661621252164	0.5248824381785451	0.5276132902576327	0.49943112158791114	0.5370977836269939	0.5317605129942915	0.5062344959828751	0.4319343633512168
5	0.5141907386413099	0.5246109246491274	0.5049874988522743	0.5057237191281105	0.4694442020224187	0.4948950525295704	0.4811597589452363	0.47485715954801255	0.38475561725638774
10	0.4994987790994324	0.5001587043555114	0.48217692757852193	0.4816486985769875	0.4292729343354698	0.42867151619356303	0.4038536979520012	0.4361249651446859	0.3118713719618828
20	0.4865813254926482	0.47245189415072036	0.46003593461143255	0.4566617370320512	0.3916612065865828	0.35490043539276883	0.31285174915824243	0.3925576128557452	0.22941601645354132
50	0.46954484975635913	0.4373456334107265	0.4438718942973482	0.44220534905262465	0.35860274250223156	0.2962607606800894	0.2727377796208981	0.36496110552296346	0.13246201773879127
100	0.44702175860446325	0.3917618611574906	0.42248888111917504	0.4204751395534682	0.3374295126652834	0.2385493989940632	0.19457677340031326	0.31507088632622804	0.08055475402099777
200	0.41469802238015935	0.33310515321042744	0.3811967856906581	0.37652028785540403	0.3092091658574043	0.19265300727359408	0.1410214023442596	0.24988204988439033	0.047627218426595556
500	0.3532955709125045	0.2382422525467096	0.3185892286451682	0.3136433767586727	0.26007906079130355	0.11780159378318747	0.07104800995333073	0.19528420701580762	0.02107073492910641
1000	0.3028262230316896	0.17506690195851088	0.2657407391678276	0.25989145317532086	0.21001381032281885	0.08026075339800269	0.05292584770054602	0.1537136377858667	0.011537373178008617
2000	0.25487712259959705	0.12803302944901224	0.225852543010791	0.22354220691597929	0.16166671191685353	0.05354624315082997	0.0392910543785602	0.12082400138393763	0.005403284422535331
3706	0.20276579089706015	0.08322334281931226	0.17730604441116202	0.1742089400590302	0.111395734402065	0.025918820102733442	0.010573610404805351	0.08764393580732584	0.003009760804019254

