====================
Dataset: ml1m-nofill
====================

Coverage@10
Target size	iMF (full)	iMF (test)	kNN (full/test)	Normalized kNN (full)	Normalized kNN (test)	Average Rating	Popularity	Random
0	0.8860662251655629	0.8860662251655629	0.8763178807947021	0.6772913907284768	0.8852715231788079	0.8859867549668874	0.8859867549668874	0.8860662251655629
1	0.9134867549668876	0.9134867549668876	0.8880529801324503	0.6779205298013243	0.90691059602649	0.913205298013245	0.913205298013245	0.9134867549668876
2	0.9374470198675496	0.9374470198675496	0.899043046357616	0.6785761589403972	0.926294701986755	0.9370596026490066	0.9370596026490066	0.9374470198675496
5	0.9854370860927151	0.9854370860927151	0.9281324503311257	0.6802185430463575	0.9699271523178808	0.9849569536423841	0.9849569536423841	0.9854370860927151
10	0.999996688741722	0.999996688741722	0.9623576158940397	0.6830860927152318	0.9972317880794701	0.9999933774834437	0.9999933774834437	0.999996688741722
20	1.0	1.0	0.9912218543046357	0.6889470198675497	1.0	1.0	1.0	1.0
50	1.0	1.0	0.9998940397350993	0.7040596026490066	1.0	1.0	1.0	1.0
100	1.0	1.0	1.0	0.7275397350993378	1.0	1.0	1.0	1.0
200	1.0	1.0	1.0	0.7656754966887418	1.0	1.0	1.0	1.0
500	1.0	1.0	1.0	0.8486854304635761	1.0	1.0	1.0	1.0
1000	1.0	1.0	1.0	0.9178642384105962	1.0	1.0	1.0	1.0
2000	1.0	1.0	1.0	0.9728741721854306	1.0	1.0	1.0	1.0
3706	1.0	1.0	1.0	0.995794701986755	1.0	1.0	1.0	1.0

====================
Dataset: yahoo-nofill
====================

Coverage@10
Target size	iMF (full)	iMF (test)	kNN (full/test)	Normalized kNN (full)	Normalized kNN (test)	Average Rating	Popularity	Random
0	0.4305296296296296	0.4305296296296296	0.413674074074074	0.13516296296296298	0.41452592592592585	0.4305296296296296	0.4305296296296296	0.4305296296296296
1	0.5201111111111112	0.5201111111111112	0.47304444444444443	0.13677037037037038	0.4707148148148148	0.5201111111111112	0.5201111111111112	0.5201111111111112
2	0.6071518518518518	0.6071518518518518	0.5315851851851853	0.13854814814814814	0.5269259259259259	0.6071518518518518	0.6071518518518518	0.6071518518518518
5	0.8400333333333334	0.8400333333333334	0.696537037037037	0.14287037037037037	0.6840444444444445	0.8400333333333334	0.8400333333333334	0.8400333333333334
10	0.9995	0.9995	0.9028851851851851	0.15098148148148147	0.8853814814814814	0.9995	0.9995	0.9995
20	1.0	1.0	0.9980518518518519	0.16774074074074075	0.995874074074074	1.0	1.0	1.0
50	1.0	1.0	1.0	0.21699629629629627	1.0	1.0	1.0	1.0
100	1.0	1.0	1.0	0.296262962962963	1.0	1.0	1.0	1.0
200	1.0	1.0	1.0	0.4476037037037037	1.0	1.0	1.0	1.0
500	1.0	1.0	1.0	0.7936666666666666	1.0	1.0	1.0	1.0
1000	1.0	1.0	1.0	0.9812777777777779	1.0	1.0	1.0	1.0

