====================
Dataset: ml1m
====================

P@10
Target size	Expected intersection ratio in top n	Ratio of ties	Ratio of ties at zero	Sum of p-values
0	0.5744670846998197	0.5668000367917586	0.008549484915378953	154.4607380677311
1	0.558021370582613	0.5451434878587196	0.008563281824871228
2	0.5404658877207409	0.5265912435614423	0.008554083885209712
5	0.48439192811609966	0.44623344370860923	0.008673657100809418
10	0.37863397834708484	0.34832137601177326	0.009174944812362036
20	0.2602936753459655	0.27252575423105224	0.009855592347314203
50	0.14015218885107408	0.24054911699779247	0.015976821192052983
100	0.08290198338537887	0.21312545989698306	0.02912067696835909
200	0.04615575944159202	0.2106650110375276	0.0423841059602649
500	0.020153338538366435	0.2180693524650478	0.07187729948491538
1000	0.010632094928660255	0.2435476453274466	0.1060752391464312
2000	0.005457751355857626	0.2771569168506255	0.15413907284768213
3706	0.002804388214482436	0.3365020235467256	0.23711368653421636	43.82194827884588

Recall@10
Target size	Expected intersection ratio in top n	Ratio of ties	Ratio of ties at zero	Sum of p-values
0	0.5744670846998197	0.5668000367917586	0.008549484915378953	189.19632666290101
1	0.558021370582613	0.5451434878587196	0.008563281824871228
2	0.5404658877207409	0.5265912435614423	0.008554083885209712
5	0.48439192811609966	0.44623344370860923	0.008673657100809418
10	0.37863397834708484	0.34832137601177326	0.009174944812362036
20	0.2602936753459655	0.27252575423105224	0.009855592347314203
50	0.14015218885107408	0.24054911699779247	0.015976821192052983
100	0.08290198338537887	0.21312545989698306	0.02912067696835909
200	0.04615575944159202	0.2106650110375276	0.0423841059602649
500	0.020153338538366435	0.2180693524650478	0.07187729948491538
1000	0.010632094928660255	0.2435476453274466	0.1060752391464312
2000	0.005457751355857626	0.2771569168506255	0.15413907284768213
3706	0.002804388214482436	0.3365020235467256	0.23711368653421636	51.7806919843826

nDCG@10
Target size	Expected intersection ratio in top n	Ratio of ties	Ratio of ties at zero	Sum of p-values
0	0.5744670846998197	0.19339587932303165	0.008549484915378953	130.43282185808457
1	0.558021370582613	0.15846210448859457	0.008563281824871228
2	0.5404658877207409	0.14912159676232528	0.008554083885209712
5	0.48439192811609966	0.08245493009565857	0.008673657100809418
10	0.37863397834708484	0.05435522442972774	0.009174944812362036
20	0.2602936753459655	0.04074227373068433	0.009855592347314203
50	0.14015218885107408	0.04541022810890361	0.015976821192052983
100	0.08290198338537887	0.05047369389256808	0.02912067696835909
200	0.04615575944159202	0.05987858719646799	0.0423841059602649
500	0.020153338538366435	0.08486019131714495	0.07187729948491538
1000	0.010632094928660255	0.1179957689477557	0.1060752391464312
2000	0.005457751355857626	0.16502023546725533	0.15413907284768213
3706	0.002804388214482436	0.24664275202354669	0.23711368653421636	46.23837915562033

FScore@10
Target size	Expected intersection ratio in top n	Ratio of ties	Ratio of ties at zero	Sum of p-values
0	0.5744670846998197	0.5668000367917586	0.008549484915378953	169.09287615677408
1	0.558021370582613	0.5451434878587196	0.008563281824871228
2	0.5404658877207409	0.5265912435614423	0.008554083885209712
5	0.48439192811609966	0.44623344370860923	0.008673657100809418
10	0.37863397834708484	0.34832137601177326	0.009174944812362036
20	0.2602936753459655	0.27252575423105224	0.009855592347314203
50	0.14015218885107408	0.24054911699779247	0.015976821192052983
100	0.08290198338537887	0.21312545989698306	0.02912067696835909
200	0.04615575944159202	0.2106650110375276	0.0423841059602649
500	0.020153338538366435	0.2180693524650478	0.07187729948491538
1000	0.010632094928660255	0.2435476453274466	0.1060752391464312
2000	0.005457751355857626	0.2771569168506255	0.15413907284768213
3706	0.002804388214482436	0.3365020235467256	0.23711368653421636	37.14589806855491

