fold	target size	recommender system	Coverage@10	nDCG@10	P@10	Recall@10
1	0	Random	0.7222516556291391	0.7149362295018524	0.4440728476821192	0.7068351029200374
1	0	iMF (full)	0.7222516556291391	0.8224030921997342	0.5111754966887417	0.7516082652130152
1	0	Popularity	0.7222350993377483	0.7860373997766921	0.4856953642384106	0.734902121489122
1	0	Normalized kNN (test)	0.7215728476821193	0.8339667001664134	0.5160761589403974	0.7567928827714309
1	0	Average Rating	0.7222350993377483	0.8281290670527434	0.5131788079470199	0.7553531853940658
1	0	Normalized kNN (full)	0.5561092715231788	0.6254232149837176	0.40478476821192055	0.4845649686693917
1	0	kNN (full/test)	0.7144370860927152	0.8151520192311813	0.5055794701986754	0.7388760436148358
1	0	iMF (test)	0.7222516556291391	0.8468017769524846	0.5261920529801324	0.7636398685182406
2	0	Random	0.7262582781456954	0.7149322468385224	0.44461920529801324	0.710743667694513
2	0	iMF (full)	0.7262582781456954	0.8251887973771965	0.5112582781456954	0.7551277210211188
2	0	Popularity	0.7261754966887418	0.7862428050908479	0.48579470198675495	0.7382026814461214
2	0	Normalized kNN (test)	0.7254635761589404	0.8344412084688583	0.5160099337748344	0.7598540190998002
2	0	Average Rating	0.7261754966887418	0.8287278940702468	0.5131788079470199	0.758632257124135
2	0	Normalized kNN (full)	0.556771523178808	0.6220038041968152	0.40302980132450333	0.485266597629451
2	0	kNN (full/test)	0.7180960264900662	0.8144369795453746	0.505728476821192	0.741550787551389
2	0	iMF (test)	0.7262582781456954	0.8508728705658586	0.5274337748344371	0.7683662503485028
3	0	Random	0.7266225165562914	0.7120897047555315	0.44559602649006624	0.7062805548792784
3	0	iMF (full)	0.7266225165562914	0.8243082936608817	0.5117384105960265	0.7512379376265531
3	0	Popularity	0.72658940397351	0.7853882966931106	0.48647350993377486	0.734441847068169
3	0	Normalized kNN (test)	0.7259271523178809	0.8371838389608709	0.5187086092715232	0.7574230198379914
3	0	Average Rating	0.72658940397351	0.8315252176365401	0.5165066225165562	0.756541699199203
3	0	Normalized kNN (full)	0.5595198675496689	0.6213164568016255	0.40602649006622515	0.48184772072250565
3	0	kNN (full/test)	0.7186920529801324	0.8173543099103138	0.5083443708609272	0.7409327954853788
3	0	iMF (test)	0.7266225165562914	0.8487437119930885	0.5286754966887417	0.7645099495636644
4	0	Random	0.7259768211920529	0.7114680054005235	0.44483443708609277	0.7067680041703638
4	0	iMF (full)	0.7259768211920529	0.8238572438741752	0.5133278145695365	0.7520351295484208
4	0	Popularity	0.7259271523178809	0.7853138264838483	0.4878973509933775	0.736175649803738
4	0	Normalized kNN (test)	0.7254139072847682	0.8368513635573029	0.5204966887417218	0.7595317610151908
4	0	Average Rating	0.7259271523178809	0.8319239075299774	0.5177980132450332	0.7586468498980233
4	0	Normalized kNN (full)	0.5587748344370861	0.6247973309129167	0.4071854304635762	0.4866384424081595
4	0	kNN (full/test)	0.7183443708609272	0.8170259155934972	0.5099503311258278	0.7433971829117765
4	0	iMF (test)	0.7259768211920529	0.848325600228856	0.5298841059602649	0.766084666959562
5	0	Random	0.7280298013245033	0.7157591339441705	0.4452152317880795	0.7105220242163428
5	0	iMF (full)	0.7280298013245033	0.8252169807417401	0.5112582781456954	0.7554199722521645
5	0	Popularity	0.727996688741722	0.7890893531197701	0.48774834437086095	0.7403436344859607
5	0	Normalized kNN (test)	0.7274668874172184	0.8371094703881983	0.5183940397350993	0.7623372105555878
5	0	Average Rating	0.727996688741722	0.8310717904870912	0.5152483443708609	0.760466839956376
5	0	Normalized kNN (full)	0.5582450331125828	0.6283628310458813	0.40516556291390726	0.490676644538821
5	0	kNN (full/test)	0.7200827814569537	0.8185944457959365	0.508112582781457	0.7453954002311494
5	0	iMF (test)	0.7280298013245033	0.8501698470102416	0.5279966887417218	0.768569534652544
1	1	Random	0.7724337748344371	0.6666124731076051	0.42827814569536427	0.6914483719683006
1	1	iMF (full)	0.7724337748344371	0.8175856333047028	0.5102649006622516	0.7501643598581166
1	1	Popularity	0.7723675496688742	0.7767646608643576	0.48263245033112584	0.7312196590797782
1	1	Normalized kNN (test)	0.7622350993377482	0.8177467739025988	0.5105298013245033	0.7514298451538424
1	1	Average Rating	0.7723675496688742	0.804368162659402	0.5058774834437086	0.7482533239035212
1	1	Normalized kNN (full)	0.5578476821192053	0.6240207426791874	0.4042384105960265	0.48420483048416685
1	1	kNN (full/test)	0.7389735099337748	0.8113651596734183	0.5041390728476821	0.7373863260375839
1	1	iMF (test)	0.7724337748344371	0.8400662731070333	0.5233443708609271	0.7610816506760739
2	1	Random	0.7758609271523178	0.665515469202135	0.4310761589403973	0.6964041961168961
2	1	iMF (full)	0.7758609271523178	0.8204785725530825	0.5101158940397351	0.7535337698917779
2	1	Popularity	0.7756456953642383	0.7763549634283066	0.48250000000000004	0.7345085810192516
2	1	Normalized kNN (test)	0.7657947019867549	0.8171516945111358	0.5103807947019867	0.7543718473869928
2	1	Average Rating	0.7756456953642383	0.8041445792251759	0.5059602649006623	0.7514922380355136
2	1	Normalized kNN (full)	0.5582450331125828	0.6210149155911677	0.4024834437086093	0.4848822080064917
2	1	kNN (full/test)	0.7423013245033112	0.8108752986208088	0.5041887417218543	0.7398290514279553
2	1	iMF (test)	0.7758609271523178	0.8438594745911339	0.5250993377483444	0.7661445762882098
3	1	Random	0.7764735099337747	0.6672553075583123	0.43250000000000005	0.6923191566929808
3	1	iMF (full)	0.7764735099337747	0.8199661903167957	0.510066225165563	0.7490691200803803
3	1	Popularity	0.7762748344370861	0.7759525233066676	0.4835596026490066	0.7310849094691245
3	1	Normalized kNN (test)	0.7662748344370861	0.8208817807461396	0.5136092715231788	0.7524308801077622
3	1	Average Rating	0.7762748344370861	0.8083260448086335	0.5098841059602649	0.7500420656154606
3	1	Normalized kNN (full)	0.560794701986755	0.620226900673857	0.40528145695364237	0.48137879491962693
3	1	kNN (full/test)	0.7422185430463576	0.8140993765155099	0.5068211920529802	0.7391931899704677
3	1	iMF (test)	0.7764735099337747	0.8433139006175455	0.5266225165562914	0.7621796726997592
4	1	Random	0.7759602649006623	0.6648120025987644	0.43211920529801323	0.6938094779703127
4	1	iMF (full)	0.7759602649006623	0.8202290042820095	0.5118708609271523	0.7507743930985754
4	1	Popularity	0.7758609271523178	0.7756682397526379	0.48428807947019864	0.7319450758293737
4	1	Normalized kNN (test)	0.7655298013245033	0.8196572519581318	0.515182119205298	0.7546646372752551
4	1	Average Rating	0.7758609271523178	0.8073633585378905	0.5104635761589403	0.7518621013600713
4	1	Normalized kNN (full)	0.560298013245033	0.6237270947205363	0.406523178807947	0.48619865825911873
4	1	kNN (full/test)	0.7413576158940398	0.8136119963127652	0.5083940397350993	0.7417669884771206
4	1	iMF (test)	0.7759602649006623	0.8429388247910988	0.5275993377483443	0.7638157627133011
5	1	Random	0.7775331125827815	0.6676511904019006	0.4295364238410596	0.6943930488683094
5	1	iMF (full)	0.7775331125827815	0.8203042861792142	0.5096192052980132	0.7538703575676902
5	1	Popularity	0.7773013245033112	0.7796362471776407	0.4845695364238411	0.736697271437529
5	1	Normalized kNN (test)	0.7676655629139073	0.8210389357359064	0.5131953642384106	0.7572329611551041
5	1	Average Rating	0.7773013245033112	0.8081156551654218	0.5086258278145696	0.7538390852226471
5	1	Normalized kNN (full)	0.5593543046357616	0.6274933075313613	0.40455298013245033	0.49029141394416753
5	1	kNN (full/test)	0.7434437086092714	0.815461818499614	0.5066887417218543	0.7437226907253611
5	1	iMF (test)	0.7775331125827815	0.8451478545002439	0.5259437086092715	0.7667787971675032
1	2	Random	0.8188576158940397	0.629037465369358	0.4152483443708609	0.6765917895592685
1	2	iMF (full)	0.8188576158940397	0.8152325440126922	0.5093046357615894	0.7486135655894591
1	2	Popularity	0.8185927152317881	0.7682022645792407	0.4793708609271523	0.7274360566224756
1	2	Normalized kNN (test)	0.8002317880794702	0.8030879976745149	0.5057119205298013	0.746728424869471
1	2	Average Rating	0.8185927152317881	0.7839710998621654	0.49928807947019865	0.7417789211003127
1	2	Normalized kNN (full)	0.5589569536423841	0.6232912641172806	0.403592715231788	0.4837485224105974
1	2	kNN (full/test)	0.7606953642384107	0.8084779224209077	0.5026986754966888	0.7357202382674382
1	2	iMF (test)	0.8188576158940397	0.8348211281998836	0.5217384105960265	0.7597469581204077
2	2	Random	0.8217052980132451	0.62408842399105	0.414817880794702	0.6784945390006694
2	2	iMF (full)	0.8217052980132451	0.8172445168236662	0.5082119205298014	0.7513159391233607
2	2	Popularity	0.8214569536423841	0.7674791831104044	0.4796688741721854	0.730744735650982
2	2	Normalized kNN (test)	0.8030132450331126	0.8019620793932556	0.5056291390728477	0.7497170769076368
2	2	Average Rating	0.8214569536423841	0.7835044112166826	0.49887417218543045	0.7439604987824096
2	2	Normalized kNN (full)	0.5595364238410596	0.6195952261650777	0.40145695364238415	0.4841207159290319
2	2	kNN (full/test)	0.7636920529801324	0.807830432112083	0.502864238410596	0.7381772311552077
2	2	iMF (test)	0.8217052980132451	0.8388376326566038	0.5228476821192053	0.7640538372473188
3	2	Random	0.8220860927152317	0.6274137128489046	0.4164569536423841	0.6750277846008649
3	2	iMF (full)	0.8220860927152317	0.8168483785398833	0.5094867549668874	0.7481283801988622
3	2	Popularity	0.8217880794701987	0.7680039570605328	0.4801490066225165	0.72709241231158
3	2	Normalized kNN (test)	0.8033940397350994	0.8058992228654975	0.5079635761589404	0.746602117938021
3	2	Average Rating	0.8217880794701987	0.7869248281050858	0.5015728476821192	0.7419826437159547
3	2	Normalized kNN (full)	0.5619370860927152	0.6190722954232859	0.4043377483443708	0.4807307009671199
3	2	kNN (full/test)	0.7645695364238411	0.8104804890662249	0.5054801324503311	0.7377330383213857
3	2	iMF (test)	0.8220860927152317	0.8367677721129266	0.524271523178808	0.7597022460524804
4	2	Random	0.822251655629139	0.621509203387415	0.4156291390728477	0.6758808655091267
4	2	iMF (full)	0.822251655629139	0.8160308905611416	0.5101490066225166	0.7482424391635691
4	2	Popularity	0.8220695364238411	0.7679232252265138	0.48134105960264906	0.7284418810091945
4	2	Normalized kNN (test)	0.8034271523178808	0.8057027192646516	0.5102649006622516	0.7494824374508392
4	2	Average Rating	0.8220695364238411	0.786826207749172	0.5034437086092716	0.7445831014660369
4	2	Normalized kNN (full)	0.5618211920529802	0.6224616606485774	0.4059602649006622	0.48579952833720946
4	2	kNN (full/test)	0.7649006622516556	0.810455005662646	0.5068377483443709	0.7399094418853334
4	2	iMF (test)	0.822251655629139	0.8361428130726771	0.5253311258278146	0.7616106158589406
5	2	Random	0.823228476821192	0.6273576288172632	0.41382450331125825	0.6771481607830943
5	2	iMF (full)	0.823228476821192	0.8169545063774926	0.5084437086092716	0.751966371986306
5	2	Popularity	0.8228476821192053	0.7723592377091426	0.4814072847682119	0.7328199627073267
5	2	Normalized kNN (test)	0.8050165562913908	0.8028477482330729	0.5068046357615894	0.7506327696741792
5	2	Average Rating	0.8228476821192053	0.784154260806969	0.5003807947019868	0.7456180300362324
5	2	Normalized kNN (full)	0.560976821192053	0.6258480962420486	0.4037748344370861	0.4896842688363641
5	2	kNN (full/test)	0.7649006622516556	0.8123839593789097	0.5052483443708609	0.7418964317778032
5	2	iMF (test)	0.823228476821192	0.836834735950029	0.5227483443708609	0.7632905710213523
1	5	Random	0.9325	0.533547421412733	0.37057947019867554	0.6185508164913919
1	5	iMF (full)	0.9325	0.8056962226725732	0.5044370860927153	0.7423096171053004
1	5	Popularity	0.932135761589404	0.7460526759776555	0.4698509933774835	0.7156309905401218
1	5	Normalized kNN (test)	0.8971523178807947	0.7619372850146517	0.48841059602649006	0.7282949089906352
1	5	Average Rating	0.932135761589404	0.7286805216177438	0.4763741721854305	0.7168511901046901
1	5	Normalized kNN (full)	0.5624668874172186	0.6197223976421794	0.4012086092715232	0.4821927151323318
1	5	kNN (full/test)	0.8190728476821192	0.7996239656369135	0.49857615894039736	0.7310791011945161
1	5	iMF (test)	0.9325	0.8198041205135685	0.5158443708609272	0.7526483572915719
2	5	Random	0.9345860927152317	0.5327061274846309	0.37066225165562916	0.6220753664328066
2	5	iMF (full)	0.9345860927152317	0.8078309028685978	0.5043874172185431	0.745355143690865
2	5	Popularity	0.9338576158940397	0.7443270213250948	0.4700662251655629	0.7184876044496847
2	5	Normalized kNN (test)	0.900364238410596	0.7606411844851512	0.4883112582781457	0.7300138235352622
2	5	Average Rating	0.9338576158940397	0.7295211494886084	0.47645695364238416	0.718365709327317
2	5	Normalized kNN (full)	0.5636258278145696	0.616129080831349	0.3996523178807947	0.4829726235378868
2	5	kNN (full/test)	0.8246523178807946	0.7983948318226948	0.4989403973509934	0.7335525948261422
2	5	iMF (test)	0.9345860927152317	0.8209108075467577	0.5162251655629139	0.7560491758117212
3	5	Random	0.934387417218543	0.5380904617406986	0.3736423841059603	0.6181768389081942
3	5	iMF (full)	0.934387417218543	0.8075930904520016	0.5049172185430463	0.7416447372755208
3	5	Popularity	0.9337251655629139	0.7443518101437042	0.4703311258278146	0.7146738083407957
3	5	Normalized kNN (test)	0.8989735099337749	0.7653363630885736	0.4910264900662252	0.728145306790974
3	5	Average Rating	0.9337251655629139	0.7331718753026188	0.4794205298013245	0.7164178334496188
3	5	Normalized kNN (full)	0.5657284768211921	0.615778149180809	0.40228476821192055	0.47931206643955726
3	5	kNN (full/test)	0.8236920529801325	0.8015268266716935	0.5006788079470198	0.7321602258877773
3	5	iMF (test)	0.934387417218543	0.8202337835239207	0.5168211920529802	0.7515852253081577
4	5	Random	0.9344867549668875	0.5379015268900792	0.3750165562913907	0.6203408982872846
4	5	iMF (full)	0.9344867549668875	0.8059973822854712	0.5053973509933775	0.7413138924266918
4	5	Popularity	0.9343377483443708	0.744638280566434	0.47235099337748343	0.7167939237219715
4	5	Normalized kNN (test)	0.9008112582781457	0.7629311771262938	0.4926158940397351	0.730119754936324
4	5	Average Rating	0.9343377483443708	0.7310099162348594	0.4808609271523179	0.7195586218920831
4	5	Normalized kNN (full)	0.5656291390728477	0.6185379619985488	0.40316225165562913	0.4838710610372456
4	5	kNN (full/test)	0.8252483443708609	0.8011151980496685	0.5023344370860927	0.7345595814930693
4	5	iMF (test)	0.9344867549668875	0.8213220816890999	0.5186092715231788	0.7541483035967481
5	5	Random	0.9340397350993378	0.5350953132408879	0.36940397350993376	0.6175352146889757
5	5	iMF (full)	0.9340397350993378	0.8088934923902283	0.5047185430463577	0.7463927590920897
5	5	Popularity	0.9334271523178808	0.7481887870553987	0.471705298013245	0.7199644028234938
5	5	Normalized kNN (test)	0.9008278145695364	0.7624843788403652	0.49009933774834435	0.7324670420942682
5	5	Average Rating	0.9334271523178808	0.7318253378239148	0.47778145695364244	0.7200196595555887
5	5	Normalized kNN (full)	0.5647847682119206	0.6226815734820371	0.40170529801324506	0.48834814587111736
5	5	kNN (full/test)	0.8249172185430463	0.8023642113511948	0.500248344370861	0.7358299540478511
5	5	iMF (test)	0.9340397350993378	0.8219025119832836	0.5165066225165562	0.7564628846695064
1	10	Random	0.9999172185430464	0.41539094210463745	0.2994867549668874	0.4786301186415051
1	10	iMF (full)	0.9999172185430464	0.791213539580969	0.4978145695364239	0.7259407943729445
1	10	Popularity	0.9998509933774835	0.7137387996073228	0.454271523178808	0.6915658270823553
1	10	Normalized kNN (test)	0.9846192052980133	0.7072177134604357	0.4612913907284768	0.6919416690516283
1	10	Average Rating	0.9998509933774835	0.6564095383820624	0.4400331125827815	0.663299633422418
1	10	Normalized kNN (full)	0.569635761589404	0.6144404357630974	0.3984933774834437	0.48037070968859713
1	10	kNN (full/test)	0.8982615894039735	0.7839570394384708	0.4906622516556291	0.720297184463675
1	10	iMF (test)	0.9999172185430464	0.7942609343733968	0.5039238410596026	0.7377003635234499
2	10	Random	0.9999337748344371	0.4136128105049665	0.29915562913907284	0.4788498890430774
2	10	iMF (full)	0.9999337748344371	0.7944089201507195	0.49710264900662254	0.7305379577494034
2	10	Popularity	0.9998841059602649	0.7106809958459501	0.4537086092715232	0.6927947795782365
2	10	Normalized kNN (test)	0.9869701986754967	0.705382474187039	0.46104304635761584	0.6938735363371316
2	10	Average Rating	0.9998841059602649	0.6564653933506048	0.4389403973509933	0.6641911527207429
2	10	Normalized kNN (full)	0.5706456953642384	0.6098436515606612	0.3956456953642384	0.48025626743108485
2	10	kNN (full/test)	0.9014900662251656	0.7844979333325917	0.49054635761589405	0.7232575130916449
2	10	iMF (test)	0.9999337748344371	0.7974462921148723	0.5038907284768211	0.7397289041836355
3	10	Random	0.9998675496688741	0.4132436344557074	0.2999834437086093	0.4738966134587803
3	10	iMF (full)	0.9998675496688741	0.7928205038606694	0.49743377483443707	0.7258100070365271
3	10	Popularity	0.9997682119205299	0.7083577243533731	0.4538245033112583	0.6893917602679489
3	10	Normalized kNN (test)	0.9868874172185431	0.7105544890427802	0.4644370860927152	0.6932254122338103
3	10	Average Rating	0.9997682119205299	0.6561817867060096	0.4405794701986755	0.6599227846467786
3	10	Normalized kNN (full)	0.5721357615894039	0.610187691420848	0.39877483443708606	0.4769043150245379
3	10	kNN (full/test)	0.8986920529801325	0.7856939043478343	0.4933940397350993	0.722223769608227
3	10	iMF (test)	0.9998675496688741	0.7955025780319773	0.5064072847682118	0.738029867423634
4	10	Random	0.9998178807947019	0.416169987433796	0.3025331125827814	0.4774176197581177
4	10	iMF (full)	0.9998178807947019	0.7925604058815862	0.4988907284768212	0.7262618533454055
4	10	Popularity	0.9998178807947019	0.7108911958407643	0.45574503311258274	0.6904169015276379
4	10	Normalized kNN (test)	0.9860264900662252	0.7060246588935009	0.46470198675496693	0.6927767440900118
4	10	Average Rating	0.9998178807947019	0.6586271830802872	0.44314569536423837	0.6643704050415603
4	10	Normalized kNN (full)	0.5722019867549669	0.6127847261361459	0.40029801324503317	0.4820240788250355
4	10	kNN (full/test)	0.8987913907284768	0.7866865947262374	0.4944701986754967	0.7242811669042228
4	10	iMF (test)	0.9998178807947019	0.7973052442987527	0.5081788079470199	0.7405925047308853
5	10	Random	0.9998675496688741	0.40925099330691755	0.2972682119205298	0.47602612551146894
5	10	iMF (full)	0.9998675496688741	0.7931956542572302	0.4970529801324503	0.7306021379014147
5	10	Popularity	0.9998178807947019	0.7147009565955278	0.45581125827814567	0.6943795452495356
5	10	Normalized kNN (test)	0.986158940397351	0.7062309844884708	0.4622682119205298	0.6952787602367471
5	10	Average Rating	0.9998178807947019	0.6565180828424386	0.4413245033112583	0.6658978420563613
5	10	Normalized kNN (full)	0.5720695364238411	0.6160446211572951	0.3980794701986755	0.4855841383289259
5	10	kNN (full/test)	0.9018708609271523	0.7884062772169474	0.49360927152317885	0.727156189928514
5	10	iMF (test)	0.9998675496688741	0.7983227047429949	0.5058774834437086	0.7422192361989655
1	20	Random	1.0	0.2838664844870338	0.2173841059602649	0.30357627897035816
1	20	iMF (full)	1.0	0.7710260954063816	0.48688741721854306	0.7051671095601653
1	20	Popularity	1.0	0.6590254271305197	0.4255960264900662	0.6382780379653047
1	20	Normalized kNN (test)	0.9999337748344371	0.6201785250971511	0.4128973509933775	0.6104089375821338
1	20	Average Rating	1.0	0.5481779003769607	0.3772847682119206	0.5533358784806115
1	20	Normalized kNN (full)	0.5834105960264901	0.6027480413872458	0.3911092715231788	0.47502290414706216
1	20	kNN (full/test)	0.9725662251655629	0.761284434288816	0.47759933774834434	0.7021099940195215
1	20	iMF (test)	1.0	0.7500816953404085	0.4833609271523179	0.7072566177625168
2	20	Random	1.0	0.28921862599955134	0.21961920529801324	0.3111435673655272
2	20	iMF (full)	1.0	0.7745160148401177	0.4869205298013245	0.7098759624723145
2	20	Popularity	1.0	0.6598016415150776	0.4271688741721854	0.6430447581626637
2	20	Normalized kNN (test)	1.0	0.6176467662036379	0.4115728476821192	0.6119120687467025
2	20	Average Rating	1.0	0.5529342333252331	0.3789403973509934	0.5576262019225562
2	20	Normalized kNN (full)	0.5838741721854305	0.598003893390493	0.38879139072847685	0.47511816421647074
2	20	kNN (full/test)	0.9728145695364239	0.7596074599162351	0.4773841059602649	0.7034194464086465
2	20	iMF (test)	1.0	0.7568205575770167	0.48546357615894037	0.7129295543710283
3	20	Random	1.0	0.2854044967807991	0.21966887417218542	0.3057420362443998
3	20	iMF (full)	1.0	0.7730447122837195	0.4877152317880795	0.7064857018374332
3	20	Popularity	1.0	0.6592655686467463	0.4259602649006623	0.6386211777771625
3	20	Normalized kNN (test)	1.0	0.6227137721119597	0.41567880794701983	0.611740731087678
3	20	Average Rating	1.0	0.5518111482663431	0.3816721854304636	0.5571212439228007
3	20	Normalized kNN (full)	0.5839900662251656	0.5985165597909003	0.39168874172185436	0.47188800895439603
3	20	kNN (full/test)	0.9740231788079471	0.759348115693348	0.47882450331125825	0.7004862087574579
3	20	iMF (test)	1.0	0.753810998551514	0.4860927152317881	0.7073567316676678
4	20	Random	1.0	0.28203528207421535	0.2166887417218543	0.3002921076747589
4	20	iMF (full)	1.0	0.7735014161727777	0.4894370860927152	0.709077500242938
4	20	Popularity	1.0	0.6591455478050775	0.4275165562913907	0.6401858218170499
4	20	Normalized kNN (test)	0.9999668874172186	0.6191779464949233	0.4155629139072848	0.6101947958649385
4	20	Average Rating	1.0	0.5496723614054482	0.3809933774834437	0.5560230320108867
4	20	Normalized kNN (full)	0.5854635761589404	0.6023681391853191	0.39347682119205296	0.4769436694875125
4	20	kNN (full/test)	0.9723509933774834	0.7607243705266971	0.48150662251655635	0.7048776460943798
4	20	iMF (test)	1.0	0.754907990872355	0.48682119205298013	0.7106533356905248
5	20	Random	1.0	0.28542535038831945	0.21518211920529803	0.30632199659396114
5	20	iMF (full)	1.0	0.7722383582990023	0.486523178807947	0.7095500393323796
5	20	Popularity	1.0	0.6614630541428056	0.42705298013245035	0.6420135390667052
5	20	Normalized kNN (test)	1.0	0.6183489535078008	0.41200331125827816	0.6095194692819735
5	20	Average Rating	1.0	0.5500937569003755	0.37937086092715233	0.5562986850703919
5	20	Normalized kNN (full)	0.5844370860927153	0.6063467901653918	0.3909933774834437	0.4811514218334214
5	20	kNN (full/test)	0.975728476821192	0.7644763020327581	0.4808278145695364	0.7086165455725301
5	20	iMF (test)	1.0	0.7535469513234588	0.48412251655629135	0.7120198850668129
1	50	Random	1.0	0.1598814179725072	0.12736754966887417	0.15663817035261643
1	50	iMF (full)	1.0	0.7316367837630064	0.4658112582781457	0.6699173622305713
1	50	Popularity	1.0	0.5648750806724444	0.3728145695364239	0.5335105460731071
1	50	Normalized kNN (test)	1.0	0.4757472372835072	0.3253311258278146	0.45586781257167286
1	50	Average Rating	1.0	0.39030175718173743	0.27908940397350995	0.3839747424065016
1	50	Normalized kNN (full)	0.6163079470198676	0.5724069966798288	0.3725496688741722	0.46169126066462624
1	50	kNN (full/test)	0.999635761589404	0.7065206664965226	0.44728476821192054	0.6503871043146837
1	50	iMF (test)	1.0	0.6624067441590732	0.4357284768211921	0.6321193315637902
2	50	Random	1.0	0.15696191226254694	0.1262251655629139	0.15185189701923768
2	50	iMF (full)	1.0	0.7350499889441829	0.46397350993377484	0.6722573773419795
2	50	Popularity	1.0	0.5630028156940496	0.3718543046357616	0.5359321723786441
2	50	Normalized kNN (test)	1.0	0.47197775082750165	0.3234437086092715	0.45524055063668795
2	50	Average Rating	1.0	0.39082309104219176	0.2780132450331126	0.3828816542049255
2	50	Normalized kNN (full)	0.6153476821192053	0.5705351427943219	0.3706953642384106	0.4621998279416365
2	50	kNN (full/test)	0.9996192052980132	0.7067704299106503	0.4464569536423841	0.6513790500200528
2	50	iMF (test)	1.0	0.6686603544016917	0.43683774834437084	0.6382103419297217
3	50	Random	1.0	0.15488351183684548	0.1255298013245033	0.14791709208822085
3	50	iMF (full)	1.0	0.7314241780760903	0.46533112582781455	0.6689471272037081
3	50	Popularity	1.0	0.5632874710991894	0.3722847682119205	0.5327377947953708
3	50	Normalized kNN (test)	1.0	0.4774098575867836	0.32647350993377483	0.4542423485779186
3	50	Average Rating	1.0	0.3931764803778415	0.28346026490066223	0.38809186225123676
3	50	Normalized kNN (full)	0.6170198675496689	0.5703781698272302	0.3739735099337749	0.4581910612467138
3	50	kNN (full/test)	0.9995529801324503	0.7060383476197334	0.44874172185430466	0.6492606822967226
3	50	iMF (test)	1.0	0.664765121084266	0.43842715231788076	0.6330029867637559
4	50	Random	1.0	0.15490773351331197	0.12496688741721855	0.14842064661964113
4	50	iMF (full)	1.0	0.7333448505192591	0.4666225165562914	0.669452151532316
4	50	Popularity	1.0	0.5645630764775585	0.3727980132450331	0.5327903204602755
4	50	Normalized kNN (test)	1.0	0.4751722316970022	0.32764900662251656	0.45317284452165596
4	50	Average Rating	1.0	0.39100031032961136	0.2815066225165563	0.3843426759905573
4	50	Normalized kNN (full)	0.6169039735099338	0.5718452767100678	0.3746523178807947	0.46346255844996903
4	50	kNN (full/test)	0.9996192052980132	0.7074331678080797	0.45006622516556294	0.6532235576099322
4	50	iMF (test)	1.0	0.6646872468780717	0.4386092715231788	0.635533104899559
5	50	Random	1.0	0.15638699207430748	0.12425496688741722	0.15247589504266004
5	50	iMF (full)	1.0	0.7336355320216084	0.46516556291390726	0.6729718918059008
5	50	Popularity	1.0	0.5666283191754176	0.37299668874172187	0.5398630920176701
5	50	Normalized kNN (test)	1.0	0.4751648265145169	0.325794701986755	0.45693941088115053
5	50	Average Rating	1.0	0.38802710121503553	0.2791887417218543	0.38664061179792536
5	50	Normalized kNN (full)	0.6167880794701986	0.5752028025325602	0.37253311258278143	0.4674936139745608
5	50	kNN (full/test)	0.9997019867549669	0.7111250650207849	0.44894039735099334	0.6544804614724048
5	50	iMF (test)	1.0	0.6654429655509091	0.4355298013245033	0.6365827023793247
1	100	Random	1.0	0.09029757182033632	0.07481788079470199	0.08060568641183748
1	100	iMF (full)	1.0	0.6834025554174297	0.4379966887417219	0.6237105498881891
1	100	Popularity	1.0	0.48136903018829436	0.3208278145695364	0.4396918387933498
1	100	Normalized kNN (test)	1.0	0.36507443825140756	0.2548675496688742	0.3399144311595712
1	100	Average Rating	1.0	0.27693012150629454	0.20589403973509932	0.26838021217163566
1	100	Normalized kNN (full)	0.6598013245033112	0.5295965238471593	0.34541390728476823	0.4402605260599677
1	100	kNN (full/test)	1.0	0.6483973845659713	0.41299668874172185	0.5940468428020599
1	100	iMF (test)	1.0	0.5684305210467635	0.38059602649006624	0.549321039222559
2	100	Random	1.0	0.09256588011235087	0.07591059602649007	0.08471730360405508
2	100	iMF (full)	1.0	0.6874952943840091	0.4382615894039735	0.6294464641974854
2	100	Popularity	1.0	0.4773233190530947	0.3212417218543046	0.4405860673744411
2	100	Normalized kNN (test)	1.0	0.3621852167177017	0.25208609271523175	0.3383653413285207
2	100	Average Rating	1.0	0.28301964231352955	0.20796357615894037	0.273148263873794
2	100	Normalized kNN (full)	0.6590894039735099	0.5281739818870234	0.34466887417218545	0.4420498676816437
2	100	kNN (full/test)	1.0	0.6478362373174982	0.41152317880794703	0.5942738924721124
2	100	iMF (test)	1.0	0.5700526907090677	0.38114238410596024	0.5489684796363887
3	100	Random	1.0	0.09156367843079867	0.07635761589403973	0.08433769816792483
3	100	iMF (full)	1.0	0.6870440859118115	0.4402317880794702	0.626396185377551
3	100	Popularity	1.0	0.47753280618794514	0.3209271523178808	0.4391288300339536
3	100	Normalized kNN (test)	1.0	0.3711238259145561	0.2584105960264901	0.3423598768279399
3	100	Average Rating	1.0	0.2800468409663005	0.20933774834437088	0.27046902919554205
3	100	Normalized kNN (full)	0.660612582781457	0.5292019749657944	0.34791390728476823	0.4378612922357953
3	100	kNN (full/test)	1.0	0.6485680165881976	0.41298013245033116	0.5913578636436341
3	100	iMF (test)	1.0	0.5690354228662398	0.3835264900662252	0.5479542808895538
4	100	Random	1.0	0.0923925547732461	0.07602649006622517	0.08395557829993466
4	100	iMF (full)	1.0	0.685731188279991	0.440976821192053	0.628144935431445
4	100	Popularity	1.0	0.4780313565463978	0.3222682119205298	0.43934701141595767
4	100	Normalized kNN (test)	1.0	0.36544125381801135	0.25784768211920533	0.3383691888719408
4	100	Average Rating	1.0	0.27887612796469613	0.20860927152317882	0.27081112829797205
4	100	Normalized kNN (full)	0.6605629139072848	0.5298419943477239	0.34716887417218545	0.4419614677832709
4	100	kNN (full/test)	1.0	0.6497553255923443	0.4165562913907285	0.5980239717685073
4	100	iMF (test)	1.0	0.5658957417317589	0.3806622516556291	0.5462947467729392
5	100	Random	1.0	0.09260274819450035	0.07543046357615894	0.08479213587926855
5	100	iMF (full)	1.0	0.6865538572414576	0.438476821192053	0.6289139589287492
5	100	Popularity	1.0	0.48340432373008047	0.3246026490066225	0.44627085450874304
5	100	Normalized kNN (test)	1.0	0.36669578664377694	0.25642384105960264	0.3401341224009534
5	100	Average Rating	1.0	0.274908932909786	0.20619205298013246	0.2704531644465403
5	100	Normalized kNN (full)	0.660364238410596	0.5342638703651403	0.34715231788079476	0.447116542666521
5	100	kNN (full/test)	1.0	0.6537168577363605	0.41509933774834434	0.5997793615211147
5	100	iMF (test)	1.0	0.5672251901765909	0.37846026490066226	0.5465118407032975
1	200	Random	1.0	0.052677752068325936	0.043394039735099345	0.047185728708485454
1	200	iMF (full)	1.0	0.6226092844463169	0.40253311258278146	0.5659902758287817
1	200	Popularity	1.0	0.3953672997542952	0.2682119205298013	0.3512855465998241
1	200	Normalized kNN (test)	1.0	0.26754690296736927	0.19029801324503312	0.24695060606139707
1	200	Average Rating	1.0	0.18438417217269998	0.14142384105960265	0.18166857116244814
1	200	Normalized kNN (full)	0.724271523178808	0.4706661007103454	0.3062251655629139	0.40754489335196464
1	200	kNN (full/test)	1.0	0.5770735269700217	0.3683609271523179	0.5234098993747339
1	200	iMF (test)	1.0	0.4545404271966256	0.31043046357615894	0.439005384926345
2	200	Random	1.0	0.05068334909700549	0.04304635761589404	0.045470657372463724
2	200	iMF (full)	1.0	0.6240087537855531	0.40147350993377484	0.5728472355541916
2	200	Popularity	1.0	0.3910427349320569	0.2683609271523179	0.3515237822342738
2	200	Normalized kNN (test)	1.0	0.26171659093356947	0.18794701986754966	0.24626476938275857
2	200	Average Rating	1.0	0.18853076760326756	0.14197019867549668	0.1835524449231348
2	200	Normalized kNN (full)	0.7276158940397351	0.4632267715451062	0.3038576158940397	0.4079077234756908
2	200	kNN (full/test)	1.0	0.5757795495281012	0.3685099337748345	0.5274524689757488
2	200	iMF (test)	1.0	0.4625692799097067	0.314023178807947	0.4485016236587765
3	200	Random	1.0	0.050954269009255856	0.04374172185430463	0.04352738567753837
3	200	iMF (full)	1.0	0.6240253871340207	0.4023675496688742	0.5670471971790688
3	200	Popularity	1.0	0.3931033385542386	0.2691225165562914	0.3520629535760732
3	200	Normalized kNN (test)	1.0	0.2722981763192433	0.19468543046357617	0.24916694639197257
3	200	Average Rating	1.0	0.18555002200749887	0.143658940397351	0.18104814452105494
3	200	Normalized kNN (full)	0.7304470198675496	0.4656355419168113	0.30764900662251654	0.40403910964759276
3	200	kNN (full/test)	1.0	0.5763357542199017	0.3705298013245033	0.524082528491475
3	200	iMF (test)	1.0	0.4594859260149285	0.3168543046357616	0.44324515186820007
4	200	Random	1.0	0.05103063952730306	0.0435430463576159	0.04381211164611847
4	200	iMF (full)	1.0	0.623436517537988	0.4036920529801325	0.5677069136813513
4	200	Popularity	1.0	0.39436213802425707	0.2696026490066225	0.3552792382185872
4	200	Normalized kNN (test)	1.0	0.2673963937848969	0.19382450331125828	0.2457769103919546
4	200	Average Rating	1.0	0.18337803086605248	0.14177152317880795	0.1791326154352459
4	200	Normalized kNN (full)	0.7273013245033112	0.4672501700906462	0.30768211920529803	0.40875755070252423
4	200	kNN (full/test)	1.0	0.5741366006367875	0.37008278145695367	0.5262261076751173
4	200	iMF (test)	1.0	0.4553428011299349	0.3131291390728477	0.43973215194580095
5	200	Random	1.0	0.05102602861118259	0.04256622516556292	0.04398277278250058
5	200	iMF (full)	1.0	0.6245408520635776	0.40153973509933777	0.5691241642578119
5	200	Popularity	1.0	0.3971940103910082	0.27008278145695364	0.3572170397195856
5	200	Normalized kNN (test)	1.0	0.26561027712832186	0.19218543046357614	0.24611027350674564
5	200	Average Rating	1.0	0.1781519856182169	0.13718543046357617	0.17594516359701062
5	200	Normalized kNN (full)	0.7289238410596026	0.4699796213523091	0.3051655629139073	0.41251197001326606
5	200	kNN (full/test)	1.0	0.5817475679963459	0.37084437086092714	0.5312196708680381
5	200	iMF (test)	1.0	0.4570857904492741	0.3138907284768212	0.44294042344811213
1	500	Random	1.0	0.022157800477475627	0.018642384105960266	0.01757222137229645
1	500	iMF (full)	1.0	0.5206654778776151	0.34147350993377484	0.4690209125148342
1	500	Popularity	1.0	0.29055447896031544	0.2012748344370861	0.2514614467712382
1	500	Normalized kNN (test)	1.0	0.15776733921996064	0.11814569536423841	0.15024364929906403
1	500	Average Rating	1.0	0.08844297700051233	0.06802980132450331	0.08241816049866998
1	500	Normalized kNN (full)	0.8447847682119205	0.35738433555693	0.23329470198675495	0.337941019463797
1	500	kNN (full/test)	1.0	0.4651885767290851	0.2997516556291391	0.4161746465746193
1	500	iMF (test)	1.0	0.30843794884147807	0.21682119205298012	0.29602926575299277
2	500	Random	1.0	0.022332155845076838	0.01872516556291391	0.019064232454487826
2	500	iMF (full)	1.0	0.5225865282099119	0.3400662251655629	0.47507141181029966
2	500	Popularity	1.0	0.2842277843623567	0.19996688741721855	0.2480694239720704
2	500	Normalized kNN (test)	1.0	0.15167386679443937	0.11397350993377484	0.14437351460578765
2	500	Average Rating	1.0	0.09499546618472525	0.07218543046357616	0.09081844601084493
2	500	Normalized kNN (full)	0.8463079470198676	0.35374440155907855	0.2327317880794702	0.34007669801405144
2	500	kNN (full/test)	1.0	0.4649315364024352	0.2991225165562914	0.4209161340170705
2	500	iMF (test)	1.0	0.3130507299017403	0.21751655629139072	0.30206841171593735
3	500	Random	1.0	0.023022105068168926	0.019983443708609272	0.01904846999350118
3	500	iMF (full)	1.0	0.5230459326414072	0.34115894039735095	0.4710555231443358
3	500	Popularity	1.0	0.28688783725707684	0.1995364238410596	0.2457663091217392
3	500	Normalized kNN (test)	1.0	0.16426172618386736	0.1219701986754967	0.14909420464644954
3	500	Average Rating	1.0	0.08822423727052844	0.06937086092715232	0.08053919272787119
3	500	Normalized kNN (full)	0.8495860927152318	0.35397964671149595	0.23543046357615893	0.33491107603015613
3	500	kNN (full/test)	1.0	0.46424671081527197	0.3005298013245033	0.4158846967862852
3	500	iMF (test)	1.0	0.312218446675127	0.2197185430463576	0.2991483960144352
4	500	Random	1.0	0.02186355150393144	0.01947019867549669	0.01773161742234773
4	500	iMF (full)	1.0	0.5202727531047393	0.3425827814569536	0.47148828059016856
4	500	Popularity	1.0	0.2886200257352596	0.2018046357615894	0.2506995338399645
4	500	Normalized kNN (test)	1.0	0.16190321326145435	0.12210264900662252	0.14987340268887067
4	500	Average Rating	1.0	0.08681029317156587	0.06809602649006623	0.08321901814916342
4	500	Normalized kNN (full)	0.8440397350993377	0.3559046833820508	0.23630794701986754	0.3410513963694014
4	500	kNN (full/test)	1.0	0.46266851677667287	0.3002814569536424	0.4164200249631391
4	500	iMF (test)	1.0	0.306346952180852	0.21640728476821192	0.29468011696553853
5	500	Random	1.0	0.021261480969861035	0.018559602649006624	0.018572730263668256
5	500	iMF (full)	1.0	0.5220944205159423	0.3402317880794702	0.47342166884700665
5	500	Popularity	1.0	0.2906401838244269	0.20193708609271524	0.25236079539890904
5	500	Normalized kNN (test)	1.0	0.15876949046331948	0.1205298013245033	0.1505383101805495
5	500	Average Rating	1.0	0.08661620725460076	0.06809602649006623	0.08357633867328093
5	500	Normalized kNN (full)	0.8482615894039736	0.35762570397608157	0.2350496688741722	0.3435551464279276
5	500	kNN (full/test)	1.0	0.4691271301298172	0.3021688741721854	0.42796857672408145
5	500	iMF (test)	1.0	0.3145514243037442	0.22091059602649005	0.30165067802261636
1	1000	Random	1.0	0.01231987614839082	0.010529801324503311	0.010465809129330665
1	1000	iMF (full)	1.0	0.43206101325721347	0.2853476821192053	0.3843695772412844
1	1000	Popularity	1.0	0.22023992464233932	0.15554635761589403	0.18689253003544098
1	1000	Normalized kNN (test)	1.0	0.09847297251245314	0.07731788079470199	0.09659458177417034
1	1000	Average Rating	1.0	0.05186570280820757	0.045678807947019874	0.054523273228375774
1	1000	Normalized kNN (full)	0.9313907284768213	0.26325800024989543	0.17288079470198675	0.2674569363705216
1	1000	kNN (full/test)	1.0	0.37656697360330904	0.2426158940397351	0.33270812507578595
1	1000	iMF (test)	1.0	0.21650266181998495	0.15326158940397352	0.2046276264994765
2	1000	Random	1.0	0.011521056411945094	0.009867549668874173	0.01037522288977923
2	1000	iMF (full)	1.0	0.43129503536840735	0.2839072847682119	0.3919335793401978
2	1000	Popularity	1.0	0.21355259848419955	0.15374172185430465	0.1834282902973682
2	1000	Normalized kNN (test)	1.0	0.0914987403479723	0.07367549668874172	0.09331967446681
2	1000	Average Rating	1.0	0.057603627644690764	0.04905629139072848	0.060647496820502
2	1000	Normalized kNN (full)	0.9312417218543046	0.25656903224926697	0.17038079470198675	0.26718260300869806
2	1000	kNN (full/test)	1.0	0.37506993508018405	0.24221854304635762	0.33628693594835796
2	1000	iMF (test)	1.0	0.2140550207614383	0.15223509933774834	0.20921008144067266
3	1000	Random	1.0	0.01154937404985881	0.009635761589403973	0.010636566853754725
3	1000	iMF (full)	1.0	0.43248630620485184	0.2860430463576159	0.38854633810407846
3	1000	Popularity	1.0	0.21569691645271205	0.15491721854304635	0.18330612166017027
3	1000	Normalized kNN (test)	1.0	0.10430687983102814	0.08251655629139074	0.09845312346030123
3	1000	Average Rating	1.0	0.05359831773002059	0.04862582781456953	0.05667610613813798
3	1000	Normalized kNN (full)	0.9305298013245032	0.2599846027980635	0.17375827814569536	0.2635231450391975
3	1000	kNN (full/test)	1.0	0.3755129580967371	0.24400662251655628	0.33432535519058915
3	1000	iMF (test)	1.0	0.21691959094667462	0.15614238410596026	0.20694728883976224
4	1000	Random	1.0	0.01173576625544591	0.010082781456953644	0.009825534724955643
4	1000	iMF (full)	1.0	0.43229333688094945	0.28607615894039734	0.38797324401527944
4	1000	Popularity	1.0	0.2161230759053409	0.15485099337748345	0.18326167405821975
4	1000	Normalized kNN (test)	1.0	0.09890648157555339	0.08071192052980132	0.0950219822809296
4	1000	Average Rating	1.0	0.05266768583570231	0.04753311258278146	0.056176248905662265
4	1000	Normalized kNN (full)	0.9307781456953642	0.2607194969094466	0.17374172185430464	0.2692917642130944
4	1000	kNN (full/test)	1.0	0.3756832665472118	0.24456953642384108	0.33406675272990727
4	1000	iMF (test)	1.0	0.20933466983828114	0.15054635761589405	0.20171095647904014
5	1000	Random	1.0	0.01132135287092418	0.00958609271523179	0.008615362008489568
5	1000	iMF (full)	1.0	0.43487568882557626	0.2848675496688742	0.3915491725855509
5	1000	Popularity	1.0	0.21859049288721105	0.15665562913907286	0.18743874430094717
5	1000	Normalized kNN (test)	1.0	0.09764511230229996	0.07850993377483444	0.09584510745663036
5	1000	Average Rating	1.0	0.050197748859182816	0.045082781456953644	0.0545080641986083
5	1000	Normalized kNN (full)	0.9308774834437086	0.2611097904377025	0.1733112582781457	0.27225332152909604
5	1000	kNN (full/test)	1.0	0.377045732153199	0.24412251655629139	0.3389230531451975
5	1000	iMF (test)	1.0	0.21621948296578564	0.1545198675496689	0.20562036847189422
1	2000	Random	1.0	0.0063199631702644645	0.005248344370860927	0.005776361464516675
1	2000	iMF (full)	1.0	0.34353447639766804	0.2293046357615894	0.3024592069730361
1	2000	Popularity	1.0	0.16145765660953765	0.11617549668874173	0.134350701492673
1	2000	Normalized kNN (test)	1.0	0.05531124039088519	0.048642384105960265	0.05719976717779397
1	2000	Average Rating	1.0	0.025712243697756522	0.024966887417218545	0.029861892213301294
1	2000	Normalized kNN (full)	0.9838741721854305	0.17605458935485555	0.11723509933774835	0.192533541527037
1	2000	kNN (full/test)	1.0	0.29383219476179795	0.18990066225165564	0.2554484940738512
1	2000	iMF (test)	1.0	0.1420661789650641	0.10240066225165563	0.13467909832739508
2	2000	Random	1.0	0.005700771653010489	0.005066225165562914	0.0038209012274670346
2	2000	iMF (full)	1.0	0.34384854439677603	0.22884105960264903	0.3085423831649103
2	2000	Popularity	1.0	0.15462999571031208	0.11395695364238412	0.1286966279261656
2	2000	Normalized kNN (test)	1.0	0.050176893724580375	0.04552980132450331	0.05392271076528374
2	2000	Average Rating	1.0	0.027147849886817187	0.026374172185430464	0.02987510247324033
2	2000	Normalized kNN (full)	0.9826490066225165	0.1712019676498334	0.1143543046357616	0.190678514799507
2	2000	kNN (full/test)	1.0	0.29281006362619844	0.18841059602649007	0.25648766620867613
2	2000	iMF (test)	1.0	0.13910742021906106	0.09956953642384106	0.13259491613597488
3	2000	Random	1.0	0.006452333594594096	0.005347682119205299	0.005116128329782898
3	2000	iMF (full)	1.0	0.34397992298175817	0.22956953642384104	0.3072581702279844
3	2000	Popularity	1.0	0.15659014327398385	0.11576158940397352	0.12683321065635156
3	2000	Normalized kNN (test)	1.0	0.05932510163133819	0.05235099337748344	0.057813794685847304
3	2000	Average Rating	1.0	0.024215191794148733	0.025049668874172187	0.027363889596214382
3	2000	Normalized kNN (full)	0.9832450331125828	0.1732027414129297	0.1168543046357616	0.1889806609084608
3	2000	kNN (full/test)	1.0	0.2914212567362158	0.1893708609271523	0.254447585967681
3	2000	iMF (test)	1.0	0.13878217730607412	0.10182119205298014	0.1297076045829761
4	2000	Random	1.0	0.005506217278189808	0.004701986754966888	0.004799695147945455
4	2000	iMF (full)	1.0	0.34554308824257096	0.23107615894039735	0.30555411354266787
4	2000	Popularity	1.0	0.15798797925622493	0.11549668874172186	0.131283411173891
4	2000	Normalized kNN (test)	1.0	0.054650835753147754	0.04980132450331126	0.05414372715269909
4	2000	Average Rating	1.0	0.02396562399730077	0.02415562913907285	0.026566945059967935
4	2000	Normalized kNN (full)	0.9824668874172185	0.1696083090969947	0.11493377483443709	0.19010349547525685
4	2000	kNN (full/test)	1.0	0.2931504059603986	0.19112582781456955	0.2559098576136717
4	2000	iMF (test)	1.0	0.13898192255893696	0.10100993377483444	0.13254608485596595
5	2000	Random	1.0	0.0060614354127613455	0.005397350993377484	0.00505615534835818
5	2000	iMF (full)	1.0	0.34521788716821644	0.22839403973509934	0.3102900753384108
5	2000	Popularity	1.0	0.1582501052607943	0.11589403973509933	0.13062381465984593
5	2000	Normalized kNN (test)	1.0	0.05290606212322987	0.047235099337748346	0.05210593164396708
5	2000	Average Rating	1.0	0.022343116467127194	0.02259933774834437	0.025765466273980495
5	2000	Normalized kNN (full)	0.9841556291390728	0.17347509215048737	0.11647350993377484	0.18965820739061412
5	2000	kNN (full/test)	1.0	0.2944907355026899	0.19155629139072847	0.26021245191271886
5	2000	iMF (test)	1.0	0.1440589936540614	0.10365894039735099	0.13476053197342885
1	3706	Random	1.0	0.0031613134047183615	0.0028642384105960267	0.0026292585016319575
1	3706	iMF (full)	1.0	0.27046391365558176	0.18193708609271525	0.23709545693723189
1	3706	Popularity	1.0	0.11676723127886651	0.08539735099337749	0.09213629804089023
1	3706	Normalized kNN (test)	1.0	0.027980336891079483	0.027135761589403975	0.028871025890323847
1	3706	Average Rating	1.0	0.010008575387019622	0.011341059602649006	0.012287777728582795
1	3706	Normalized kNN (full)	0.9981291390728476	0.11446864974377192	0.07766556291390729	0.13179445209603685
1	3706	kNN (full/test)	1.0	0.23194942173095837	0.14986754966887417	0.1999073979651533
1	3706	iMF (test)	1.0	0.09558908729471947	0.06991721854304636	0.08792250227126251
2	3706	Random	1.0	0.0032966485144295446	0.0027152317880794704	0.00248199102006146
2	3706	iMF (full)	1.0	0.2665352831185473	0.18024834437086093	0.2385683127301119
2	3706	Popularity	1.0	0.11005433150718281	0.08258278145695365	0.08709196405475315
2	3706	Normalized kNN (test)	1.0	0.024532974304871655	0.024552980132450334	0.027928625041990847
2	3706	Average Rating	1.0	0.012907676273026724	0.014966887417218544	0.01580720766907236
2	3706	Normalized kNN (full)	0.9981953642384107	0.11025915279088173	0.07470198675496689	0.12863306165584681
2	3706	kNN (full/test)	1.0	0.22810968802706108	0.1473344370860927	0.19595917866085028
2	3706	iMF (test)	1.0	0.0945852289899	0.06865894039735099	0.0896552419192515
3	3706	Random	1.0	0.0030259407396181037	0.002847682119205298	0.0023702063930931263
3	3706	iMF (full)	1.0	0.2690013177326683	0.182317880794702	0.23779510379871852
3	3706	Popularity	1.0	0.11276483919637945	0.08370860927152318	0.0858746310965422
3	3706	Normalized kNN (test)	1.0	0.0320070549524377	0.03129139072847682	0.0321900536310639
3	3706	Average Rating	1.0	0.008813126563286752	0.009834437086092716	0.010302275995061907
3	3706	Normalized kNN (full)	0.9985099337748344	0.11182863456147105	0.0771523178807947	0.1291251662729708
3	3706	kNN (full/test)	1.0	0.22789204688136613	0.14832781456953642	0.19473564461436288
3	3706	iMF (test)	1.0	0.0957288874744709	0.07041390728476822	0.08755540000131716
4	3706	Random	1.0	0.0031506644954244815	0.002947019867549669	0.002566661587310487
4	3706	iMF (full)	1.0	0.2697216986974636	0.1816887417218543	0.2374805318357355
4	3706	Popularity	1.0	0.11376866155342298	0.0846523178807947	0.09090555019343505
4	3706	Normalized kNN (test)	1.0	0.027402398565802195	0.0273841059602649	0.027991983723283223
4	3706	Average Rating	1.0	0.008687534682734602	0.009072847682119207	0.010862210650376805
4	3706	Normalized kNN (full)	0.9978476821192053	0.10839183465108487	0.07533112582781457	0.125204989857909
4	3706	kNN (full/test)	1.0	0.22883357829293438	0.15048013245033112	0.1978335437987054
4	3706	iMF (test)	1.0	0.09185346819804065	0.06728476821192053	0.08536934093824497
5	3706	Random	1.0	0.002668437287377007	0.002599337748344371	0.0020700350271829404
5	3706	iMF (full)	1.0	0.26986498916325885	0.18019867549668875	0.2384066764775411
5	3706	Popularity	1.0	0.11405637111590294	0.08501655629139072	0.08778356616892932
5	3706	Normalized kNN (test)	1.0	0.027360686358750202	0.02677152317880795	0.02882335333561593
5	3706	Average Rating	1.0	0.007048329123341025	0.007367549668874172	0.008261420416902367
5	3706	Normalized kNN (full)	0.998841059602649	0.1126194417625662	0.0772019867549669	0.12875781069904793
5	3706	kNN (full/test)	1.0	0.23039441007469844	0.15084437086092717	0.2021594064546009
5	3706	iMF (test)	1.0	0.09383461433810047	0.0680794701986755	0.08908696190572374
