fold	target size	recommender system	Coverage@10	nDCG@10	P@10	Recall@10
1	0	Random	0.7222516556291391	0.7097387525028767	0.44273178807947017	0.7052015314951412
1	0	iMF (full)	0.7222516556291391	0.8230908613494391	0.511407284768212	0.7514812148300305
1	0	Popularity	0.7222516556291391	0.786101448254711	0.4857119205298013	0.7350676844030293
1	0	Normalized kNN (test)	0.7222516556291391	0.8346086098867217	0.5163741721854305	0.7579007746036603
1	0	Average Rating	0.7222516556291391	0.8281931155307624	0.5131953642384106	0.7555187483079732
1	0	Normalized kNN (full)	0.7222516556291391	0.8088602316536702	0.501953642384106	0.7425989105624039
1	0	kNN (full/test)	0.7222516556291391	0.8223951197628487	0.5088907284768212	0.7505192555353657
1	0	iMF (test)	0.7222516556291391	0.8473640887593863	0.5264238410596026	0.76385979121073
2	0	Random	0.7262582781456954	0.7142473295788406	0.4443046357615894	0.7106385072011244
2	0	iMF (full)	0.7262582781456954	0.8243255450271205	0.510430463576159	0.7545521778028362
2	0	Popularity	0.7262582781456954	0.7863840349379186	0.48584437086092713	0.7385062134549514
2	0	Normalized kNN (test)	0.7262582781456954	0.8350821037182589	0.5163079470198676	0.760914015946221
2	0	Average Rating	0.7262582781456954	0.8288691239173177	0.5132284768211921	0.7589357891329649
2	0	Normalized kNN (full)	0.7262582781456954	0.8081324777203752	0.5025331125827814	0.746587330242183
2	0	kNN (full/test)	0.7262582781456954	0.8224447911292523	0.5092880794701986	0.7542246943105607
2	0	iMF (test)	0.7262582781456954	0.8508684799377407	0.5272682119205298	0.7680764385310078
3	0	Random	0.7266225165562914	0.7119875580850613	0.4439735099337748	0.7055067613416534
3	0	iMF (full)	0.7266225165562914	0.8240202257779523	0.5116556291390728	0.7505650687195315
3	0	Popularity	0.7266225165562914	0.7853882966931106	0.48647350993377486	0.734441847068169
3	0	Normalized kNN (test)	0.7266225165562914	0.8377554094344437	0.519023178807947	0.7584236899735953
3	0	Average Rating	0.7266225165562914	0.8315252176365401	0.5165066225165562	0.756541699199203
3	0	Normalized kNN (full)	0.7266225165562914	0.8074162931606818	0.5041225165562914	0.7436886886259723
3	0	kNN (full/test)	0.7266225165562914	0.8236654739966718	0.511407284768212	0.7513319860666886
3	0	iMF (test)	0.7266225165562914	0.848898072315778	0.5290397350993378	0.7646972506294254
4	0	Random	0.7259768211920529	0.7141986209769312	0.44514900662251655	0.7073139112238064
4	0	iMF (full)	0.7259768211920529	0.8239651538849937	0.5128807947019868	0.7518458267917715
4	0	Popularity	0.7259768211920529	0.7853417753037298	0.48793046357615893	0.7362216395020454
4	0	Normalized kNN (test)	0.7259768211920529	0.8375748032698912	0.520728476821192	0.7607477286384433
4	0	Average Rating	0.7259768211920529	0.8319518563498589	0.5178311258278145	0.758692839596331
4	0	Normalized kNN (full)	0.7259768211920529	0.8065340390476718	0.504751655629139	0.7443504998405347
4	0	kNN (full/test)	0.7259768211920529	0.8231297237933639	0.5129304635761589	0.7534724089182939
4	0	iMF (test)	0.7259768211920529	0.8494136003456193	0.5307781456953643	0.7666629256339702
5	0	Random	0.7280298013245033	0.7131870769512516	0.44561258278145693	0.7104834252770506
5	0	iMF (full)	0.7280298013245033	0.8250918386883568	0.5107450331125828	0.7553371343597621
5	0	Popularity	0.7280298013245033	0.7891143563678211	0.48776490066225164	0.7403850252144375
5	0	Normalized kNN (test)	0.7280298013245033	0.8374058096173932	0.5185761589403973	0.7628547917602551
5	0	Average Rating	0.7280298013245033	0.831096793735142	0.5152649006622516	0.7605082306848527
5	0	Normalized kNN (full)	0.7280298013245033	0.8099986088049653	0.5045198675496689	0.7478776057345962
5	0	kNN (full/test)	0.7280298013245033	0.8255503331003543	0.5115066225165563	0.7563291882055001
5	0	iMF (test)	0.7280298013245033	0.8495418272141694	0.5273509933774834	0.7680558698055758
1	1	Random	0.7721854304635761	0.6656567949462521	0.42885761589403976	0.691167217105994
1	1	iMF (full)	0.7721854304635761	0.8183220402386827	0.51	0.75022503653824
1	1	Popularity	0.7721854304635761	0.7767875658466588	0.4824337748344371	0.7313981836842331
1	1	Normalized kNN (test)	0.7721854304635761	0.8179863276364063	0.511341059602649	0.7528856047092602
1	1	Average Rating	0.7721854304635761	0.8036639895170494	0.5059271523178809	0.748426830548417
1	1	Normalized kNN (full)	0.7721854304635761	0.7920341819205048	0.49703642384105956	0.7367719894081032
1	1	kNN (full/test)	0.7721854304635761	0.8180563112401517	0.5072350993377484	0.7485422304255142
1	1	iMF (test)	0.7721854304635761	0.8410584076137405	0.5237913907284768	0.7614454969595543
2	1	Random	0.7758940397350993	0.665560551350328	0.4306953642384106	0.6957829220252711
2	1	iMF (full)	0.7758940397350993	0.8205213965214515	0.510364238410596	0.7537434691025217
2	1	Popularity	0.7758940397350993	0.7764965788223783	0.4824337748344371	0.7346797154381822
2	1	Normalized kNN (test)	0.7758940397350993	0.8174859532655795	0.5106291390728477	0.7554656286877394
2	1	Average Rating	0.7758940397350993	0.8044460040893168	0.5056953642384107	0.7516606723387058
2	1	Normalized kNN (full)	0.7758940397350993	0.7898226506645412	0.4972682119205298	0.7404607163614898
2	1	kNN (full/test)	0.7758940397350993	0.8175290045627066	0.5075331125827814	0.7523177483811828
2	1	iMF (test)	0.7758940397350993	0.8438144011444293	0.5252483443708609	0.7665934066483475
3	1	Random	0.776407284768212	0.668744377209605	0.4318377483443709	0.6919758618054054
3	1	iMF (full)	0.776407284768212	0.8200057312604598	0.511225165562914	0.7499332144718432
3	1	Popularity	0.776407284768212	0.776596373359261	0.48321192052980133	0.7305401023985182
3	1	Normalized kNN (test)	0.776407284768212	0.8213825256393146	0.5137417218543047	0.7532786164705524
3	1	Average Rating	0.776407284768212	0.8075110283456488	0.5090397350993378	0.7494160627057174
3	1	Normalized kNN (full)	0.776407284768212	0.7905673172043514	0.499817880794702	0.7375149581802393
3	1	kNN (full/test)	0.776407284768212	0.8190189640071777	0.5095033112582782	0.7488488656613891
3	1	iMF (test)	0.776407284768212	0.8422778708522433	0.5262086092715232	0.7621669401677126
4	1	Random	0.7758774834437087	0.6653860493105905	0.43288079470198676	0.693215756955759
4	1	iMF (full)	0.7758774834437087	0.8192712217385454	0.5111920529801325	0.7496174796961007
4	1	Popularity	0.7758774834437087	0.7757190518510574	0.4849503311258278	0.7327163297483951
4	1	Normalized kNN (test)	0.7758774834437087	0.8196218718342667	0.5152483443708609	0.75560140512024
4	1	Average Rating	0.7758774834437087	0.8075123335616798	0.510248344370861	0.7516993788688645
4	1	Normalized kNN (full)	0.7758774834437087	0.790370072673482	0.49956953642384105	0.7378210640472986
4	1	kNN (full/test)	0.7758774834437087	0.8181307993529804	0.510976821192053	0.7512309315764626
4	1	iMF (test)	0.7758774834437087	0.8419210525881736	0.5273675496688742	0.7638538022168161
5	1	Random	0.7774172185430465	0.6667848050990465	0.43056291390728474	0.6958004950122063
5	1	iMF (full)	0.7774172185430465	0.82079008946746	0.5098675496688742	0.7538807454323662
5	1	Popularity	0.7774172185430465	0.7803794685232154	0.48485099337748344	0.7370193529695948
5	1	Normalized kNN (test)	0.7774172185430465	0.8215260083463967	0.5136092715231788	0.75800795186107
5	1	Average Rating	0.7774172185430465	0.8078930860115066	0.508476821192053	0.753665281414859
5	1	Normalized kNN (full)	0.7774172185430465	0.7928779364221291	0.49971854304635765	0.7416567550791828
5	1	kNN (full/test)	0.7774172185430465	0.8210764655745576	0.5099337748344371	0.7544107927336312
5	1	iMF (test)	0.7774172185430465	0.8446503129623583	0.5262086092715232	0.7669151090124144
1	2	Random	0.8185264900662251	0.6276178719895462	0.4149834437086093	0.6754294286788768
1	2	iMF (full)	0.8185264900662251	0.8156540368379919	0.5081622516556291	0.7478770589146387
1	2	Popularity	0.8185264900662251	0.7688119248261791	0.4795860927152318	0.727813761712237
1	2	Normalized kNN (test)	0.8185264900662251	0.8020226294145837	0.5051986754966887	0.7470091199739289
1	2	Average Rating	0.8185264900662251	0.7833719079249251	0.4987748344370861	0.7413634979892979
1	2	Normalized kNN (full)	0.8185264900662251	0.7770992467700492	0.49142384105960263	0.7294762150408842
1	2	kNN (full/test)	0.8185264900662251	0.8140734026482206	0.5054470198675497	0.7465831131208701
1	2	iMF (test)	0.8185264900662251	0.8348758943634612	0.5221357615894039	0.7594804197414409
2	2	Random	0.8222350993377484	0.6287742596756608	0.4164072847682119	0.6799462793200594
2	2	iMF (full)	0.8222350993377484	0.8165694620791215	0.508046357615894	0.7509640665309145
2	2	Popularity	0.8222350993377484	0.7684442353548004	0.47971854304635764	0.7313558381018008
2	2	Normalized kNN (test)	0.8222350993377484	0.8028034671655153	0.5053311258278146	0.7499925569383816
2	2	Average Rating	0.8222350993377484	0.784032748054557	0.49854304635761587	0.7441881625274643
2	2	Normalized kNN (full)	0.8222350993377484	0.7752812183360636	0.49167218543046354	0.7329428385424707
2	2	kNN (full/test)	0.8222350993377484	0.813629799948007	0.5056788079470199	0.7498786603201082
2	2	iMF (test)	0.8222350993377484	0.8398355291415337	0.5226490066225166	0.7638822420384104
3	2	Random	0.8224503311258279	0.6285552917504894	0.41786423841059606	0.6767725800997398
3	2	iMF (full)	0.8224503311258279	0.8166246857165753	0.5089569536423841	0.7473497837160265
3	2	Popularity	0.8224503311258279	0.766206652883518	0.4800827814569536	0.7270272922877045
3	2	Normalized kNN (test)	0.8224503311258279	0.8049881819605187	0.507930463576159	0.7469064685448871
3	2	Average Rating	0.8224503311258279	0.7873728425111309	0.5026324503311258	0.7425958703188241
3	2	Normalized kNN (full)	0.8224503311258279	0.776636467923043	0.49501655629139074	0.7316118706622164
3	2	kNN (full/test)	0.8224503311258279	0.8149573036529628	0.5078476821192053	0.7468365322051133
3	2	iMF (test)	0.8224503311258279	0.8368092034615967	0.5243708609271522	0.7598013475062118
4	2	Random	0.8222682119205298	0.6249929400532006	0.4189569536423841	0.6779610659052002
4	2	iMF (full)	0.8222682119205298	0.8161806322210341	0.5106622516556292	0.7487065774729093
4	2	Popularity	0.8222682119205298	0.768257162376261	0.4816721854304636	0.7289707535792669
4	2	Normalized kNN (test)	0.8222682119205298	0.8056345174681713	0.5096523178807947	0.7501817463558137
4	2	Average Rating	0.8222682119205298	0.7875041314382366	0.5032781456953642	0.7446841075807704
4	2	Normalized kNN (full)	0.8222682119205298	0.775784733627828	0.49503311258278143	0.7314953843704277
4	2	kNN (full/test)	0.8222682119205298	0.815091588237286	0.5098675496688742	0.7499138343007716
4	2	iMF (test)	0.8222682119205298	0.8371302686897626	0.5258278145695364	0.7618564343758468
5	2	Random	0.822930463576159	0.6275352351504366	0.4170198675496689	0.6804961346590538
5	2	iMF (full)	0.822930463576159	0.8165876207823827	0.5084602649006622	0.7521801190009574
5	2	Popularity	0.822930463576159	0.7708454658645741	0.48137417218543044	0.7328200952934601
5	2	Normalized kNN (test)	0.822930463576159	0.8052440756222039	0.5076986754966888	0.751938916010874
5	2	Average Rating	0.822930463576159	0.7862714659414791	0.5014238410596026	0.7466556836091405
5	2	Normalized kNN (full)	0.822930463576159	0.7801279820067891	0.4937251655629139	0.7336875821116415
5	2	kNN (full/test)	0.822930463576159	0.817316262019439	0.5080794701986755	0.7522552465741854
5	2	iMF (test)	0.822930463576159	0.8380490707234727	0.5237582781456953	0.7639312582742901
1	5	Random	0.9326986754966887	0.5380923206004593	0.3728145695364239	0.621305617391731
1	5	iMF (full)	0.9326986754966887	0.8055645324601728	0.5045033112582781	0.7427295567004749
1	5	Popularity	0.9326986754966887	0.7457982600426952	0.4697682119205298	0.7155736736296547
1	5	Normalized kNN (test)	0.9326986754966887	0.7636665848656659	0.4887086092715232	0.7289267833268358
1	5	Average Rating	0.9326986754966887	0.7305582035302429	0.4763576158940397	0.7165447464172812
1	5	Normalized kNN (full)	0.9326986754966887	0.7438163461965954	0.4757615894039735	0.7040329684788488
1	5	kNN (full/test)	0.9326986754966887	0.8039276081532392	0.5005960264900662	0.7401147861351993
1	5	iMF (test)	0.9326986754966887	0.8203971526154317	0.516341059602649	0.7532287142469285
2	5	Random	0.934701986754967	0.5310880543107042	0.36973509933774834	0.6175864253116287
2	5	iMF (full)	0.934701986754967	0.8082285268238929	0.5036258278145695	0.7451212240796711
2	5	Popularity	0.934701986754967	0.7436892686968882	0.4693708609271523	0.7180920962876546
2	5	Normalized kNN (test)	0.934701986754967	0.7615130640807634	0.48778145695364233	0.7301374795058816
2	5	Average Rating	0.934701986754967	0.728473574021945	0.4757119205298014	0.7177265443994624
2	5	Normalized kNN (full)	0.934701986754967	0.7432585452060242	0.4749834437086093	0.7065274658568627
2	5	kNN (full/test)	0.934701986754967	0.8023832515408965	0.5007781456953642	0.7437393943954201
2	5	iMF (test)	0.934701986754967	0.8220882890780162	0.5160761589403974	0.7568125313081321
3	5	Random	0.9344701986754966	0.5337907610464354	0.37201986754966887	0.6155016923523322
3	5	iMF (full)	0.9344701986754966	0.8085277143520143	0.5052152317880795	0.7419912080070898
3	5	Popularity	0.9344701986754966	0.7444093360949209	0.4703476821192053	0.7147840162413578
3	5	Normalized kNN (test)	0.9344701986754966	0.7659030248480125	0.49153973509933774	0.7292682721626421
3	5	Average Rating	0.9344701986754966	0.7337466343486424	0.48	0.7175516949296205
3	5	Normalized kNN (full)	0.9344701986754966	0.7445008541437758	0.47907284768211916	0.707060727160413
3	5	kNN (full/test)	0.9344701986754966	0.8049956569807065	0.5034271523178807	0.7410431361675921
3	5	iMF (test)	0.9344701986754966	0.8215456173174615	0.5179470198675497	0.7531929805020185
4	5	Random	0.9347847682119206	0.5357001985283535	0.37334437086092714	0.6181921713299722
4	5	iMF (full)	0.9347847682119206	0.8067351543095752	0.5056291390728477	0.742337367337737
4	5	Popularity	0.9347847682119206	0.7435316130717134	0.47119205298013245	0.7156650443707505
4	5	Normalized kNN (test)	0.9347847682119206	0.7628520960344829	0.49192052980132445	0.7303448019091469
4	5	Average Rating	0.9347847682119206	0.7311525809118997	0.4791887417218543	0.7173346279131931
4	5	Normalized kNN (full)	0.9347847682119206	0.7433026783697992	0.4785264900662252	0.7052228064009097
4	5	kNN (full/test)	0.9347847682119206	0.8040662764561365	0.5041556291390729	0.7425806998803839
4	5	iMF (test)	0.9347847682119206	0.8197874144594243	0.5190066225165563	0.7543023383665972
5	5	Random	0.9341721854304635	0.5334156702828998	0.37211920529801323	0.6202170646016619
5	5	iMF (full)	0.9341721854304635	0.8073592127998102	0.5050827814569536	0.7466443723686937
5	5	Popularity	0.9341721854304635	0.7469051525108634	0.4713079470198675	0.7201529786785718
5	5	Normalized kNN (test)	0.9341721854304635	0.7637920070194718	0.4903145695364238	0.7330432374561588
5	5	Average Rating	0.9341721854304635	0.7314887198715546	0.47799668874172185	0.7204405613067631
5	5	Normalized kNN (full)	0.9341721854304635	0.7467519347379307	0.47677152317880794	0.7065562250351267
5	5	kNN (full/test)	0.9341721854304635	0.806194725077889	0.5026324503311258	0.7449406565239518
5	5	iMF (test)	0.9341721854304635	0.8225705462692415	0.5165397350993378	0.756404565800931
1	10	Random	0.9998675496688741	0.416057720638846	0.3004801324503311	0.4811922189795901
1	10	iMF (full)	0.9998675496688741	0.7913713752004377	0.4979801324503312	0.7259726670332594
1	10	Popularity	0.9998675496688741	0.7132624546903937	0.4540728476821192	0.691222312543767
1	10	Normalized kNN (test)	0.9998675496688741	0.708511767924259	0.46122516556291393	0.6925431035882723
1	10	Average Rating	0.9998675496688741	0.6550009012684007	0.4397847682119206	0.663739572897396
1	10	Normalized kNN (full)	0.9998675496688741	0.6980306972772053	0.44814569536423843	0.6383079166358906
1	10	kNN (full/test)	0.9998675496688741	0.7877011068276835	0.4922847682119205	0.7267304980702649
1	10	iMF (test)	0.9998675496688741	0.79559908809275	0.5050496688741721	0.7393118176071647
2	10	Random	0.9999337748344371	0.41608118001055766	0.2992549668874172	0.4792128654829832
2	10	iMF (full)	0.9999337748344371	0.7932037110665925	0.4969039735099338	0.7289423501193955
2	10	Popularity	0.9999337748344371	0.7098814667655932	0.4539403973509934	0.6939879551795154
2	10	Normalized kNN (test)	0.9999337748344371	0.7054913222678751	0.4602649006622517	0.6924648812621009
2	10	Average Rating	0.9999337748344371	0.6578442410507886	0.4389735099337749	0.6624912354962338
2	10	Normalized kNN (full)	0.9999337748344371	0.6969838488884528	0.44852649006622514	0.6440154188494727
2	10	kNN (full/test)	0.9999337748344371	0.7862365493088884	0.49226821192052983	0.7299703489256795
2	10	iMF (test)	0.9999337748344371	0.7968840433036279	0.5050331125827815	0.742029136134012
3	10	Random	0.9998841059602649	0.41706914459220323	0.30094370860927155	0.4773875089923353
3	10	iMF (full)	0.9998841059602649	0.7944296143968925	0.4978807947019867	0.7267244417065357
3	10	Popularity	0.9998841059602649	0.7108402331563363	0.45379139072847685	0.6898992440426627
3	10	Normalized kNN (test)	0.9998841059602649	0.7099053540551665	0.4646523178807947	0.6920434878881914
3	10	Average Rating	0.9998841059602649	0.6596276802416167	0.44206953642384106	0.6620311890426355
3	10	Normalized kNN (full)	0.9998841059602649	0.6977556766904601	0.4509271523178808	0.6408280947568737
3	10	kNN (full/test)	0.9998841059602649	0.7873164247348738	0.493841059602649	0.7258616168512513
3	10	iMF (test)	0.9998841059602649	0.7963353201848203	0.5061423841059602	0.7383590937839691
4	10	Random	0.9999337748344371	0.4111289695552561	0.2994701986754967	0.47185903420984776
4	10	iMF (full)	0.9999337748344371	0.7919560239509602	0.49857615894039736	0.7261917807932698
4	10	Popularity	0.9999337748344371	0.7112486704345855	0.4552317880794702	0.689974733075916
4	10	Normalized kNN (test)	0.9999337748344371	0.706725884487166	0.46412251655629144	0.6920919829167055
4	10	Average Rating	0.9999337748344371	0.6578537088374007	0.44192052980132446	0.6633255681957422
4	10	Normalized kNN (full)	0.9999337748344371	0.6984920489203613	0.45211920529801325	0.6419866398074197
4	10	kNN (full/test)	0.9999337748344371	0.7871189709445646	0.4960264900662252	0.7286031626482621
4	10	iMF (test)	0.9999337748344371	0.7955343858966358	0.5075993377483444	0.7397260303047398
5	10	Random	0.9999503311258278	0.416824134650874	0.30182119205298014	0.48311264879240545
5	10	iMF (full)	0.9999503311258278	0.7936936326905125	0.4970695364238411	0.7302291165045477
5	10	Popularity	0.9999503311258278	0.7171875146641866	0.45695364238410596	0.6979932645513407
5	10	Normalized kNN (test)	0.9999503311258278	0.7062621260922037	0.46256622516556295	0.6944865757688674
5	10	Average Rating	0.9999503311258278	0.6539916152509131	0.4392715231788079	0.6633829283050084
5	10	Normalized kNN (full)	0.9999503311258278	0.6995248067848446	0.4496026490066225	0.6393772127604258
5	10	kNN (full/test)	0.9999503311258278	0.7915373648657851	0.4947847682119205	0.7323820269793092
5	10	iMF (test)	0.9999503311258278	0.7985631832873613	0.5059602649006623	0.7435348215048485
1	20	Random	1.0	0.2819512590874753	0.21470198675496688	0.3001119862929795
1	20	iMF (full)	1.0	0.7718881171925263	0.48759933774834435	0.7064651397719705
1	20	Popularity	1.0	0.6603880152762215	0.426523178807947	0.6391576757239974
1	20	Normalized kNN (test)	1.0	0.6178726280364261	0.41162251655629134	0.607348492850474
1	20	Average Rating	1.0	0.5451121560496993	0.3777317880794702	0.5527471989108504
1	20	Normalized kNN (full)	1.0	0.6505567265951128	0.4200993377483444	0.5653543222113039
1	20	kNN (full/test)	1.0	0.7605753536954076	0.4780960264900662	0.7028717717332107
1	20	iMF (test)	1.0	0.7528425674878237	0.4833940397350993	0.7077171022427662
2	20	Random	1.0	0.2865408906149749	0.2179470198675497	0.30590984831587315
2	20	iMF (full)	1.0	0.774448936476009	0.48629139072847677	0.7088249827803743
2	20	Popularity	1.0	0.6589960106908351	0.4269701986754967	0.6420663456057197
2	20	Normalized kNN (test)	1.0	0.6156102536142778	0.4109271523178808	0.6086591604421908
2	20	Average Rating	1.0	0.5496098230456655	0.3771192052980133	0.5556844310615155
2	20	Normalized kNN (full)	1.0	0.6447573799479918	0.4172682119205298	0.5617829615636585
2	20	kNN (full/test)	1.0	0.7603891303434774	0.47706953642384103	0.7045790061026904
2	20	iMF (test)	1.0	0.7556059262962571	0.4834105960264901	0.7098909714851837
3	20	Random	1.0	0.2847443644342825	0.21781456953642384	0.30615837947994395
3	20	iMF (full)	1.0	0.7731387864855369	0.4876655629139073	0.7070050042519059
3	20	Popularity	1.0	0.6583040861771958	0.4261754966887417	0.6383562698075982
3	20	Normalized kNN (test)	1.0	0.622754344946459	0.4148841059602649	0.6096936844907861
3	20	Average Rating	1.0	0.5503116115030283	0.38158940397351	0.5558500194009827
3	20	Normalized kNN (full)	1.0	0.6452650677511061	0.4212251655629139	0.5609671148814244
3	20	kNN (full/test)	1.0	0.7606543539459748	0.47923841059602645	0.7008048659686886
3	20	iMF (test)	1.0	0.753220783932609	0.48521523178807946	0.7079514646886097
4	20	Random	1.0	0.2864925295586688	0.21860927152317883	0.3068522625873743
4	20	iMF (full)	1.0	0.772856950153486	0.4884602649006623	0.7072226809347419
4	20	Popularity	1.0	0.6592212353134531	0.42822847682119203	0.6411490325925595
4	20	Normalized kNN (test)	1.0	0.6207947845038686	0.4160264900662252	0.6105608894781508
4	20	Average Rating	1.0	0.5520126218243718	0.3822350993377483	0.5567531777912732
4	20	Normalized kNN (full)	1.0	0.649435504690411	0.422317880794702	0.5645187630028369
4	20	kNN (full/test)	1.0	0.7624320075845374	0.481953642384106	0.7057024189152746
4	20	iMF (test)	1.0	0.7540680119908216	0.48721854304635764	0.7098703089374053
5	20	Random	1.0	0.28011756818728734	0.21544701986754966	0.2995343315709136
5	20	iMF (full)	1.0	0.774109475731068	0.48677152317880795	0.711133930164437
5	20	Popularity	1.0	0.6615781448602451	0.4271688741721854	0.641555943452836
5	20	Normalized kNN (test)	1.0	0.6180844199514559	0.41274834437086094	0.6107279061348759
5	20	Average Rating	1.0	0.5481122728361443	0.3779966887417218	0.5553838101542213
5	20	Normalized kNN (full)	1.0	0.6497832224737587	0.4196192052980132	0.5670009223428888
5	20	kNN (full/test)	1.0	0.7648802707620571	0.47998344370860924	0.7078927921151918
5	20	iMF (test)	1.0	0.7552924214082452	0.4846192052980132	0.7127173521019644
1	50	Random	1.0	0.15768352347421058	0.1273841059602649	0.1544324561732218
1	50	iMF (full)	1.0	0.7303102896557446	0.4655960264900662	0.6691322187219114
1	50	Popularity	1.0	0.5660061706538233	0.37284768211920527	0.5360219301493128
1	50	Normalized kNN (test)	1.0	0.4735979078444971	0.32317880794701986	0.4536592372673986
1	50	Average Rating	1.0	0.3857059636173928	0.2761754966887417	0.3797317301920316
1	50	Normalized kNN (full)	1.0	0.5917917433357767	0.3845529801324503	0.49786734560739426
1	50	kNN (full/test)	1.0	0.7057516752925542	0.4472682119205298	0.6496318451569728
1	50	iMF (test)	1.0	0.6612055831972838	0.4357450331125828	0.6335594872126816
2	50	Random	1.0	0.15759664141104154	0.12647350993377482	0.15401698036462638
2	50	iMF (full)	1.0	0.7334561555379193	0.46493377483443704	0.6738790484267685
2	50	Popularity	1.0	0.5625542079605402	0.37201986754966887	0.5357674507958097
2	50	Normalized kNN (test)	1.0	0.4733676647247976	0.32403973509933776	0.4546258887327528
2	50	Average Rating	1.0	0.3929952799657825	0.279817880794702	0.3848615874933313
2	50	Normalized kNN (full)	1.0	0.5875716069220991	0.38210264900662255	0.4972809777325049
2	50	kNN (full/test)	1.0	0.7049224999552338	0.4463576158940397	0.6508756600059737
2	50	iMF (test)	1.0	0.6663923094586475	0.43543046357615894	0.637029546177978
3	50	Random	1.0	0.15586755949114875	0.12501655629139075	0.15322803251828054
3	50	iMF (full)	1.0	0.7319373900481185	0.4653807947019868	0.6690353229705338
3	50	Popularity	1.0	0.5601893875080529	0.37170529801324503	0.5312247409686321
3	50	Normalized kNN (test)	1.0	0.47734441556672924	0.32667218543046356	0.45302899496158283
3	50	Average Rating	1.0	0.3924536454138988	0.2812582781456954	0.3841894201972607
3	50	Normalized kNN (full)	1.0	0.5888372075434067	0.38543046357615895	0.4961815554631621
3	50	kNN (full/test)	1.0	0.7063757424370899	0.44874172185430466	0.6491760368795715
3	50	iMF (test)	1.0	0.6662267610670943	0.4393046357615894	0.634549444990849
4	50	Random	1.0	0.15834780016215189	0.1266225165562914	0.15528134661230739
4	50	iMF (full)	1.0	0.7314357475051668	0.46612582781456957	0.670140556297789
4	50	Popularity	1.0	0.564942758983522	0.37440397350993376	0.5361894355780527
4	50	Normalized kNN (test)	1.0	0.4765765459104096	0.3284437086092715	0.4545855837085881
4	50	Average Rating	1.0	0.39124643906664125	0.2823509933774835	0.3835395008788593
4	50	Normalized kNN (full)	1.0	0.5911101737563598	0.3852317880794702	0.498010435437821
4	50	kNN (full/test)	1.0	0.708628614301206	0.45183774834437085	0.6565462464903428
4	50	iMF (test)	1.0	0.6634572452270981	0.4368874172185431	0.6325393304589726
5	50	Random	1.0	0.15619778211596277	0.1241887417218543	0.15302377900860378
5	50	iMF (full)	1.0	0.732291409578041	0.46475165562913906	0.6722995543393786
5	50	Popularity	1.0	0.5678130661617665	0.3738079470198676	0.5401746687578793
5	50	Normalized kNN (test)	1.0	0.4725582964470304	0.3251655629139073	0.45367721497635
5	50	Average Rating	1.0	0.3878170923208854	0.2791887417218543	0.38637910998803987
5	50	Normalized kNN (full)	1.0	0.5945924850988091	0.38427152317880797	0.5035024369242759
5	50	kNN (full/test)	1.0	0.7103624945288152	0.4484933774834437	0.6552554510658746
5	50	iMF (test)	1.0	0.6681296950477196	0.4361423841059603	0.6365843216889592
1	100	Random	1.0	0.09521855890497398	0.0775	0.08569860724371335
1	100	iMF (full)	1.0	0.6834974454629429	0.43796357615894044	0.6247891836907302
1	100	Popularity	1.0	0.48074326000768697	0.32248344370860926	0.44253565840134096
1	100	Normalized kNN (test)	1.0	0.36518378526438744	0.2539403973509934	0.3398675931723326
1	100	Average Rating	1.0	0.2745073092855946	0.20433774834437088	0.26594204655569653
1	100	Normalized kNN (full)	1.0	0.5377176680554375	0.3503476821192053	0.4561755841581914
1	100	kNN (full/test)	1.0	0.6479065305638162	0.41266556291390727	0.5934659103597443
1	100	iMF (test)	1.0	0.5665987439520493	0.37943708609271526	0.5457440649407315
2	100	Random	1.0	0.09520551101733868	0.07864238410596026	0.08838364266018742
2	100	iMF (full)	1.0	0.6884508804899099	0.4385596026490066	0.6304564702114865
2	100	Popularity	1.0	0.4765242212939217	0.32067880794701986	0.4412712747303764
2	100	Normalized kNN (test)	1.0	0.35995306089922346	0.25211920529801324	0.3381895364154326
2	100	Average Rating	1.0	0.27977278711218445	0.20735099337748347	0.2727857438983339
2	100	Normalized kNN (full)	1.0	0.5357487733019072	0.3495364238410596	0.45735595601622303
2	100	kNN (full/test)	1.0	0.6476777839886909	0.4116721854304636	0.5949626238328993
2	100	iMF (test)	1.0	0.5739878422877175	0.38043046357615895	0.5512594710373164
3	100	Random	1.0	0.09043312835005358	0.07579470198675498	0.08291056843130296
3	100	iMF (full)	1.0	0.6860947865291968	0.4390562913907285	0.6258354677382091
3	100	Popularity	1.0	0.4774911931426405	0.3215066225165563	0.44051905907012967
3	100	Normalized kNN (test)	1.0	0.3706452467569758	0.2582781456953642	0.34406742909640636
3	100	Average Rating	1.0	0.2794549844580456	0.20942052980132453	0.269976867540932
3	100	Normalized kNN (full)	1.0	0.5391472113626286	0.35402317880794704	0.4581026104538184
3	100	kNN (full/test)	1.0	0.6490461191215579	0.4144701986754967	0.5924500315833062
3	100	iMF (test)	1.0	0.5721653056042127	0.3846854304635762	0.5487532348661106
4	100	Random	1.0	0.09361175101613639	0.07586092715231788	0.08515546157591546
4	100	iMF (full)	1.0	0.6867319807561246	0.44135761589403977	0.6293552478216807
4	100	Popularity	1.0	0.4795036759660557	0.3223344370860927	0.44207329624775477
4	100	Normalized kNN (test)	1.0	0.36545583849924657	0.25769867549668873	0.33899537722366746
4	100	Average Rating	1.0	0.27924267227192384	0.20870860927152315	0.27260885266041984
4	100	Normalized kNN (full)	1.0	0.5385437867129327	0.3515894039735099	0.4577750328878937
4	100	kNN (full/test)	1.0	0.6490395006934299	0.41599337748344367	0.5981583954527104
4	100	iMF (test)	1.0	0.5675494548579829	0.3815066225165563	0.5475156021407931
5	100	Random	1.0	0.09150756046169412	0.07496688741721855	0.08610084738341242
5	100	iMF (full)	1.0	0.6882735247353913	0.4393874172185431	0.630530015988041
5	100	Popularity	1.0	0.4826284166907519	0.3235761589403974	0.4484295124090663
5	100	Normalized kNN (test)	1.0	0.36509826704878445	0.2561092715231788	0.3400433448016083
5	100	Average Rating	1.0	0.2755149239864855	0.2067384105960265	0.2699519246590681
5	100	Normalized kNN (full)	1.0	0.5396359078466022	0.35107615894039734	0.4620341069715881
5	100	kNN (full/test)	1.0	0.6522268881537524	0.41405629139072847	0.5977844823467567
5	100	iMF (test)	1.0	0.570710828578315	0.3816059602649007	0.5523499541488729
1	200	Random	1.0	0.05358672821712106	0.0445364238410596	0.047083594306889784
1	200	iMF (full)	1.0	0.6239715511236608	0.40187086092715235	0.5650117285673969
1	200	Popularity	1.0	0.39514818571281735	0.26745033112582783	0.3499206978809721
1	200	Normalized kNN (test)	1.0	0.2671225385113997	0.1909271523178808	0.24552237146927133
1	200	Average Rating	1.0	0.18415583200562236	0.1408112582781457	0.1800563843430492
1	200	Normalized kNN (full)	1.0	0.47278176087267787	0.3076655629139073	0.41333086844396233
1	200	kNN (full/test)	1.0	0.5746244976550137	0.3670033112582781	0.5209635060165916
1	200	iMF (test)	1.0	0.4566904109787494	0.31160596026490067	0.4395619054246385
2	200	Random	1.0	0.05037681117925324	0.04293046357615894	0.044415418308501604
2	200	iMF (full)	1.0	0.6269010586070685	0.4027152317880795	0.570721992702408
2	200	Popularity	1.0	0.3897258540250422	0.26822847682119205	0.351744185974988
2	200	Normalized kNN (test)	1.0	0.26329303270842536	0.18869205298013245	0.2462392074811752
2	200	Average Rating	1.0	0.18964724137613795	0.14251655629139073	0.18265568508460023
2	200	Normalized kNN (full)	1.0	0.468598988475294	0.3065066225165563	0.41569521721593866
2	200	kNN (full/test)	1.0	0.576141908009886	0.3687251655629139	0.5260962041071039
2	200	iMF (test)	1.0	0.4579048544005333	0.31084437086092714	0.44174006529040344
3	200	Random	1.0	0.05233532073474557	0.0438907284768212	0.04724954695995371
3	200	iMF (full)	1.0	0.6241552357120869	0.4011754966887417	0.5627317379557707
3	200	Popularity	1.0	0.39243871170174005	0.2684933774834437	0.3524591119652187
3	200	Normalized kNN (test)	1.0	0.27290566273373135	0.19483443708609272	0.2492865494412016
3	200	Average Rating	1.0	0.18611604868586198	0.14438741721854306	0.18196831617795853
3	200	Normalized kNN (full)	1.0	0.47298065933892547	0.31054635761589405	0.41155327399880476
3	200	kNN (full/test)	1.0	0.5770264857032618	0.37041390728476825	0.5229906045480752
3	200	iMF (test)	1.0	0.45896896864754577	0.3142384105960265	0.4423126704903237
4	200	Random	1.0	0.05040404968947768	0.04311258278145696	0.044389014247994234
4	200	iMF (full)	1.0	0.6240573940225772	0.4046854304635762	0.5691657315814231
4	200	Popularity	1.0	0.3940451307970019	0.27048013245033115	0.35269095221405544
4	200	Normalized kNN (test)	1.0	0.2680182304902286	0.19480132450331125	0.24943373741615632
4	200	Average Rating	1.0	0.1832099294995735	0.14117549668874174	0.17968692159088437
4	200	Normalized kNN (full)	1.0	0.4699119139605349	0.30903973509933774	0.4142890716988333
4	200	kNN (full/test)	1.0	0.5752526448706757	0.37100993377483443	0.5254774808494266
4	200	iMF (test)	1.0	0.4569136280955472	0.3143874172185431	0.4416744903507129
5	200	Random	1.0	0.05104452017343668	0.04375827814569536	0.0434979833029166
5	200	iMF (full)	1.0	0.625433501409515	0.4022185430463576	0.5729534398436958
5	200	Popularity	1.0	0.39644151319514603	0.27077814569536424	0.35763711453230956
5	200	Normalized kNN (test)	1.0	0.2673036676138202	0.19165562913907283	0.24514061575273913
5	200	Average Rating	1.0	0.17993079082647725	0.13683774834437087	0.17561765258596637
5	200	Normalized kNN (full)	1.0	0.4722716649998132	0.3089735099337748	0.4206592594585105
5	200	kNN (full/test)	1.0	0.5788779172609139	0.3709271523178808	0.5309722733634118
5	200	iMF (test)	1.0	0.4608309940632305	0.31468543046357617	0.44611719868722505
1	500	Random	1.0	0.024123501100226902	0.020281456953642384	0.019238392100555092
1	500	iMF (full)	1.0	0.5214445799857471	0.34149006622516553	0.47054648929924126
1	500	Popularity	1.0	0.29006970519193703	0.2007450331125828	0.2502730952425126
1	500	Normalized kNN (test)	1.0	0.1602627180996878	0.11864238410596027	0.14914085912138675
1	500	Average Rating	1.0	0.08955310642667658	0.06879139072847681	0.08447224633333726
1	500	Normalized kNN (full)	1.0	0.3567964353776854	0.23433774834437088	0.3392607691081748
1	500	kNN (full/test)	1.0	0.46383156754103266	0.2980132450331126	0.41355727633954287
1	500	iMF (test)	1.0	0.3119010867582355	0.21846026490066225	0.29827043256117525
2	500	Random	1.0	0.023693676424176406	0.01948675496688742	0.019459674807588152
2	500	iMF (full)	1.0	0.5213497477775496	0.33922185430463575	0.4763887121165918
2	500	Popularity	1.0	0.282997760607396	0.19920529801324505	0.24614242482302806
2	500	Normalized kNN (test)	1.0	0.1521871897999004	0.11471854304635762	0.14620632414495474
2	500	Average Rating	1.0	0.09534537419344333	0.07185430463576159	0.09070758827799981
2	500	Normalized kNN (full)	1.0	0.35114533609320536	0.2312748344370861	0.3390068194074643
2	500	kNN (full/test)	1.0	0.46454284839902815	0.29915562913907284	0.42048638915186615
2	500	iMF (test)	1.0	0.3102978070364916	0.21786423841059605	0.3017449283572782
3	500	Random	1.0	0.024251196840224535	0.020281456953642384	0.019943394222838935
3	500	iMF (full)	1.0	0.5232375468904392	0.3418046357615894	0.472737367168366
3	500	Popularity	1.0	0.2858533805296267	0.20059602649006622	0.24744011543296596
3	500	Normalized kNN (test)	1.0	0.16494115613975743	0.12251655629139073	0.15039401258751853
3	500	Average Rating	1.0	0.08847276427877637	0.0696523178807947	0.08271119147583918
3	500	Normalized kNN (full)	1.0	0.35561650706690284	0.23586092715231788	0.3361643453814046
3	500	kNN (full/test)	1.0	0.4671889120344016	0.30195364238410594	0.41873011698281143
3	500	iMF (test)	1.0	0.3110221282293298	0.2196523178807947	0.29798805306757914
4	500	Random	1.0	0.02372369641654525	0.019519867549668876	0.01976112526016254
4	500	iMF (full)	1.0	0.5191206259740467	0.3413741721854305	0.4706772120650695
4	500	Popularity	1.0	0.2888082148116045	0.20268211920529802	0.25243345987118787
4	500	Normalized kNN (test)	1.0	0.15832974327216418	0.12039735099337749	0.14766293514972506
4	500	Average Rating	1.0	0.08789709821783767	0.06821192052980132	0.08322776224589643
4	500	Normalized kNN (full)	1.0	0.3542205509471504	0.2355794701986755	0.3413236160616304
4	500	kNN (full/test)	1.0	0.4639915865571357	0.3008774834437086	0.4181863980385898
4	500	iMF (test)	1.0	0.30390630652908524	0.21678807947019868	0.2931590210598298
5	500	Random	1.0	0.022325355308039224	0.019271523178807946	0.019266160356072346
5	500	iMF (full)	1.0	0.5240819615534703	0.3412417218543046	0.4743929279691763
5	500	Popularity	1.0	0.28993364118330905	0.20201986754966889	0.25217835248727855
5	500	Normalized kNN (test)	1.0	0.15963828669495275	0.12003311258278146	0.15043012380248805
5	500	Average Rating	1.0	0.0873873764944206	0.06806291390728478	0.0839311540722564
5	500	Normalized kNN (full)	1.0	0.35863079550158816	0.23509933774834438	0.34488232924495743
5	500	kNN (full/test)	1.0	0.46774969034222696	0.3014238410596026	0.4256568978959966
5	500	iMF (test)	1.0	0.3104672230343185	0.21869205298013247	0.2994868501523607
1	1000	Random	1.0	0.01098477987633975	0.009006622516556293	0.008390401948207721
1	1000	iMF (full)	1.0	0.4329612672140447	0.28630794701986756	0.38627886502914516
1	1000	Popularity	1.0	0.22089139023395077	0.15582781456953643	0.187775812586621
1	1000	Normalized kNN (test)	1.0	0.09833102491488901	0.07804635761589404	0.09728858788636062
1	1000	Average Rating	1.0	0.052893447310397704	0.04652317880794702	0.05541132278196356
1	1000	Normalized kNN (full)	1.0	0.2646319677523039	0.17524834437086093	0.27092352868506153
1	1000	kNN (full/test)	1.0	0.376031157354574	0.24294701986754969	0.3299512373412315
1	1000	iMF (test)	1.0	0.2136059036637123	0.15344370860927153	0.20358257819315032
2	1000	Random	1.0	0.013552480021104029	0.011341059602649006	0.011984072862318947
2	1000	iMF (full)	1.0	0.43436523545537786	0.286341059602649	0.39276959802539446
2	1000	Popularity	1.0	0.2138215824914882	0.15349337748344372	0.18371258778367497
2	1000	Normalized kNN (test)	1.0	0.09231060303692017	0.07490066225165563	0.09175353484645055
2	1000	Average Rating	1.0	0.057912355471310614	0.04910596026490067	0.06162562173614121
2	1000	Normalized kNN (full)	1.0	0.25781529669629094	0.171158940397351	0.2672396188195192
2	1000	kNN (full/test)	1.0	0.37515718350738764	0.24230132450331127	0.33472753892261825
2	1000	iMF (test)	1.0	0.21653061600437198	0.15314569536423842	0.20921224055660198
3	1000	Random	1.0	0.012519428704509335	0.010562913907284768	0.010280707406509085
3	1000	iMF (full)	1.0	0.4330505212717122	0.2864900662251656	0.3900447603233682
3	1000	Popularity	1.0	0.21491983500336126	0.1542384105960265	0.1816479533282204
3	1000	Normalized kNN (test)	1.0	0.10304683913241462	0.08231788079470198	0.09875673754382376
3	1000	Average Rating	1.0	0.05341058077727316	0.047913907284768215	0.05618060994452822
3	1000	Normalized kNN (full)	1.0	0.26068958413684307	0.17402317880794702	0.26489506004385743
3	1000	kNN (full/test)	1.0	0.3751431129524861	0.2437251655629139	0.3338902109190971
3	1000	iMF (test)	1.0	0.21425746979808963	0.15321192052980132	0.20227073517185817
4	1000	Random	1.0	0.011871061575808197	0.010264900662251655	0.00927204540690959
4	1000	iMF (full)	1.0	0.43508448122529514	0.28817880794701983	0.38951550182281913
4	1000	Popularity	1.0	0.2167297734196005	0.15605960264900662	0.1853496027061502
4	1000	Normalized kNN (test)	1.0	0.09879872976814846	0.08089403973509934	0.09587180323604862
4	1000	Average Rating	1.0	0.0531483596928049	0.047582781456953646	0.05672363548216363
4	1000	Normalized kNN (full)	1.0	0.260096676938831	0.1721026490066225	0.2696663756830316
4	1000	kNN (full/test)	1.0	0.3753279199058419	0.24417218543046357	0.33270653278961065
4	1000	iMF (test)	1.0	0.21137953626761374	0.15165562913907285	0.20110610977677804
5	1000	Random	1.0	0.012072188490470365	0.010380794701986756	0.009919177547646055
5	1000	iMF (full)	1.0	0.43275372084484276	0.28430463576158943	0.39081199405286676
5	1000	Popularity	1.0	0.21857701898147636	0.15652317880794703	0.18725214627746503
5	1000	Normalized kNN (test)	1.0	0.09742131907773187	0.07826158940397351	0.09529505902585589
5	1000	Average Rating	1.0	0.05045298137307918	0.04571192052980133	0.05408594317997117
5	1000	Normalized kNN (full)	1.0	0.26307829926681736	0.17403973509933776	0.2729034891237705
5	1000	kNN (full/test)	1.0	0.37877586648820716	0.24554635761589402	0.34071680387001807
5	1000	iMF (test)	1.0	0.21376885007914898	0.15309602649006623	0.20450530112283738
1	2000	Random	1.0	0.005500442585804601	0.005033112582781457	0.004241032505049926
1	2000	iMF (full)	1.0	0.34402797265705404	0.23051324503311257	0.30376833520926916
1	2000	Popularity	1.0	0.16152464467417743	0.11660596026490068	0.13342405792152182
1	2000	Normalized kNN (test)	1.0	0.055445643432533755	0.048592715231788076	0.05743356011789388
1	2000	Average Rating	1.0	0.025039466380563737	0.024552980132450334	0.028932956175960995
1	2000	Normalized kNN (full)	1.0	0.17594124963442156	0.11697019867549668	0.19278018478689654
1	2000	kNN (full/test)	1.0	0.2964688444522295	0.19144039735099336	0.2579635819586376
1	2000	iMF (test)	1.0	0.13880550187801624	0.10099337748344371	0.13043724215749553
2	2000	Random	1.0	0.006785839507166069	0.0055794701986754975	0.005481307719883094
2	2000	iMF (full)	1.0	0.3412567356899554	0.22834437086092715	0.3069964750524932
2	2000	Popularity	1.0	0.15408890241132858	0.11322847682119205	0.12814958152553008
2	2000	Normalized kNN (test)	1.0	0.05012497402988208	0.045430463576158944	0.053464208808803156
2	2000	Average Rating	1.0	0.027297414701647964	0.02663907284768212	0.030748827438160927
2	2000	Normalized kNN (full)	1.0	0.17208098311170264	0.11458609271523179	0.19075462906519697
2	2000	kNN (full/test)	1.0	0.2910282950865339	0.18817880794701985	0.254106047721117
2	2000	iMF (test)	1.0	0.13793799855160574	0.09953642384105961	0.1328826307536535
3	2000	Random	1.0	0.006376390961634075	0.005463576158940398	0.005600552376031469
3	2000	iMF (full)	1.0	0.3429823546144566	0.22968543046357615	0.30564274001249064
3	2000	Popularity	1.0	0.15654220282330655	0.11498344370860927	0.12607120302471714
3	2000	Normalized kNN (test)	1.0	0.06008276607315979	0.05253311258278146	0.0583493384564566
3	2000	Average Rating	1.0	0.023795722876806792	0.0247682119205298	0.026463350316022958
3	2000	Normalized kNN (full)	1.0	0.17250067145369588	0.11614238410596027	0.18795343554389854
3	2000	kNN (full/test)	1.0	0.29180245023448814	0.18991721854304633	0.25543705602228
3	2000	iMF (test)	1.0	0.14409803773794133	0.10384105960264901	0.13400784155063858
4	2000	Random	1.0	0.005629375347645879	0.0050165562913907285	0.00446659327852926
4	2000	iMF (full)	1.0	0.34301152380614613	0.2302980132450331	0.3065424661337721
4	2000	Popularity	1.0	0.1561590097424834	0.11453642384105961	0.12834303074630224
4	2000	Normalized kNN (test)	1.0	0.05407169373565144	0.04915562913907286	0.05308249733238883
4	2000	Average Rating	1.0	0.02367562471821819	0.02392384105960265	0.026484188371321632
4	2000	Normalized kNN (full)	1.0	0.17193054030042954	0.11599337748344371	0.19114731050583972
4	2000	kNN (full/test)	1.0	0.2904930554475564	0.19074503311258276	0.254635037590214
4	2000	iMF (test)	1.0	0.13988830144014322	0.10064569536423841	0.13017809531368138
5	2000	Random	1.0	0.006666854229779716	0.005811258278145695	0.005499032707365627
5	2000	iMF (full)	1.0	0.34501750991926244	0.2286092715231788	0.3082023475277069
5	2000	Popularity	1.0	0.15938103666613174	0.11658940397350995	0.13204923138177946
5	2000	Normalized kNN (test)	1.0	0.05378241808013626	0.04754966887417218	0.05387815172335687
5	2000	Average Rating	1.0	0.022373702422888046	0.022665562913907287	0.026101041364847335
5	2000	Normalized kNN (full)	1.0	0.1746212756201108	0.1165066225165563	0.19029433678737942
5	2000	kNN (full/test)	1.0	0.29540309899047934	0.19203642384105962	0.26198097200457215
5	2000	iMF (test)	1.0	0.14132122752846457	0.10198675496688742	0.13367437794727835
1	3706	Random	1.0	0.003038404082241255	0.002400662251655629	0.0024778638788908684
1	3706	iMF (full)	1.0	0.27153701297050287	0.1825993377483444	0.2364986247679656
1	3706	Popularity	1.0	0.11676723127886651	0.08539735099337749	0.09213629804089023
1	3706	Normalized kNN (test)	1.0	0.027980336891079483	0.027135761589403975	0.028871025890323847
1	3706	Average Rating	1.0	0.010008575387019622	0.011341059602649006	0.012287777728582795
1	3706	Normalized kNN (full)	1.0	0.11446864974377192	0.07766556291390729	0.13179445209603685
1	3706	kNN (full/test)	1.0	0.23194942173095837	0.14986754966887417	0.1999073979651533
1	3706	iMF (test)	1.0	0.0929137420508875	0.0683112582781457	0.08670670200414413
2	3706	Random	1.0	0.0035794870275338304	0.002947019867549669	0.0027987592411298076
2	3706	iMF (full)	1.0	0.26755918332184925	0.18021523178807947	0.2388443152952463
2	3706	Popularity	1.0	0.11005433150718281	0.08258278145695365	0.08709196405475315
2	3706	Normalized kNN (test)	1.0	0.024532974304871655	0.024552980132450334	0.027928625041990847
2	3706	Average Rating	1.0	0.012907676273026724	0.014966887417218544	0.01580720766907236
2	3706	Normalized kNN (full)	1.0	0.11025915279088173	0.07470198675496689	0.12863306165584681
2	3706	kNN (full/test)	1.0	0.22810968802706108	0.1473344370860927	0.19595917866085028
2	3706	iMF (test)	1.0	0.09170806776611047	0.06740066225165563	0.08699215105168084
3	3706	Random	1.0	0.003375928796475402	0.0029304635761589403	0.0025181536013981097
3	3706	iMF (full)	1.0	0.2688039961942323	0.18130794701986752	0.2379426231908063
3	3706	Popularity	1.0	0.11276483919637945	0.08370860927152318	0.0858746310965422
3	3706	Normalized kNN (test)	1.0	0.0320070549524377	0.03129139072847682	0.0321900536310639
3	3706	Average Rating	1.0	0.008813126563286752	0.009834437086092716	0.010302275995061907
3	3706	Normalized kNN (full)	1.0	0.11182863456147105	0.0771523178807947	0.1291251662729708
3	3706	kNN (full/test)	1.0	0.22789204688136613	0.14832781456953642	0.19473564461436288
3	3706	iMF (test)	1.0	0.09381655062505631	0.06938741721854305	0.08520148192095578
4	3706	Random	1.0	0.0033961187001318675	0.0026490066225165563	0.003005377943484649
4	3706	iMF (full)	1.0	0.2711252833783365	0.18304635761589402	0.2399654379945117
4	3706	Popularity	1.0	0.11376866155342298	0.0846523178807947	0.09090555019343505
4	3706	Normalized kNN (test)	1.0	0.027402398565802195	0.0273841059602649	0.027991983723283223
4	3706	Average Rating	1.0	0.008687534682734602	0.009072847682119207	0.010862210650376805
4	3706	Normalized kNN (full)	1.0	0.10839183465108487	0.07533112582781457	0.125204989857909
4	3706	kNN (full/test)	1.0	0.22883357829293438	0.15048013245033112	0.1978335437987054
4	3706	iMF (test)	1.0	0.08818080216121352	0.06514900662251656	0.08257975782664283
5	3706	Random	1.0	0.003861000029106456	0.0031291390728476823	0.003504686127111851
5	3706	iMF (full)	1.0	0.2713628576031938	0.18082781456953642	0.23912948356054387
5	3706	Popularity	1.0	0.11405637111590294	0.08501655629139072	0.08778356616892932
5	3706	Normalized kNN (test)	1.0	0.027360686358750202	0.02677152317880795	0.02882335333561593
5	3706	Average Rating	1.0	0.007048329123341025	0.007367549668874172	0.008261420416902367
5	3706	Normalized kNN (full)	1.0	0.1126194417625662	0.0772019867549669	0.12875781069904793
5	3706	kNN (full/test)	1.0	0.23039441007469844	0.15084437086092717	0.2021594064546009
5	3706	iMF (test)	1.0	0.09658780687582524	0.07024834437086093	0.09067771673799933
