30	304	4	875988548
30	294	4	875140648
30	301	4	875988577
30	315	4	885941412
30	319	4	875060217
30	435	5	885941156
30	531	5	885941156
30	538	4	885941798
30	539	3	885941454
30	678	2	885942002
30	683	3	885941798
30	688	3	885941492
30	751	3	884310551
30	873	1	875061066
30	289	2	876847817
30	286	5	885941156
30	259	4	875058280
30	258	5	885941156
30	2	3	875061066
30	7	4	875140648
30	28	4	885941321
30	29	3	875106638
30	50	3	875061066
30	69	5	885941156
30	82	4	875060217
30	135	5	885941156
30	1007	5	885941156
30	161	4	875060883
30	172	4	875060742
30	174	5	885941156
30	231	2	875061066
30	252	3	875140740
30	255	4	875059984
30	257	4	885941257
30	164	4	875060217
52	121	4	882922382
52	318	5	882922974
52	333	4	882922038
52	405	4	882922610
52	427	5	882922833
52	463	5	882922927
52	471	4	882922562
52	475	4	882922357
52	126	5	882922589
52	527	5	882922927
52	588	4	882922927
52	741	4	882922302
52	742	4	882922540
52	748	4	882922629
52	762	3	882922806
52	815	4	882922357
52	845	5	882922485
52	864	3	882922661
52	919	5	882922140
52	1009	5	882922328
52	1011	4	882922588
52	1085	4	882922454
52	1086	4	882922562
52	288	3	882922454
52	285	5	882922227
52	117	4	882922629
52	107	4	882922540
52	100	4	882922204
52	95	4	882922927
52	93	4	882922357
52	25	5	882922562
52	22	5	882922833
52	19	5	882922407
52	15	5	882922204
52	13	5	882922485
52	7	5	882922204
52	111	4	882922357
52	191	5	882923031
52	282	4	882922302
52	277	5	882922661
52	275	4	882922328
52	258	5	882922065
52	280	3	882922806
52	250	3	882922661
52	235	2	882922806
57	204	4	883698272
57	250	3	883697223
57	225	3	883698039
57	237	4	883697182
57	240	2	883697512
57	243	3	883696547
57	248	5	883697223
57	249	5	883697704
57	252	2	883697807
57	258	5	883698581
57	264	2	883696672
57	281	4	883697404
57	284	3	883697158
57	288	4	883696347
57	295	5	883698581
57	298	3	883697293
57	304	5	883698581
57	199	5	883698646
57	195	3	883698431
57	926	3	883697831
57	181	5	883697352
57	8	4	883698292
57	11	3	883698454
57	15	4	883697223
57	24	3	883697459
57	28	4	883698324
57	42	5	883698324
57	50	5	883697105
57	56	3	883698646
57	64	5	883698431
57	79	5	883698495
57	100	5	883698581
57	105	3	883698009
57	109	4	883697293
57	111	4	883697679
57	117	4	883697512
57	121	4	883697432
57	126	3	883697293
57	144	3	883698408
57	151	3	883697585
57	168	3	883698362
57	173	5	883698408
57	321	4	883696629
57	1094	2	883697990
57	405	4	883697459
57	831	1	883697785
57	833	4	883697705
57	845	4	883697253
57	866	3	883697915
57	871	3	883697536
57	930	2	883698039
57	932	3	883697585
57	975	3	883697990
57	988	4	883696785
57	1001	1	883698039
57	1016	4	883697730
57	1047	4	883697679
57	1071	3	883698324
57	1093	3	883697352
57	7	4	883697105
57	1095	2	883698062
57	1096	3	883697940
57	826	2	883697990
57	323	3	883696709
57	825	1	883697761
57	763	5	883698581
57	409	4	883697655
57	411	4	883697679
57	419	3	883698454
57	456	3	883698083
57	471	4	883697134
57	472	1	883697253
57	473	3	883697916
57	475	2	883697223
57	476	3	883697990
57	496	4	883698362
57	546	4	883697482
57	588	4	883698454
57	597	3	883697378
57	678	3	883696547
57	682	3	883696824
57	710	3	883698324
57	717	4	883697960
57	748	4	883696629
57	756	3	883697730
57	760	2	883697617
57	820	3	883698039
57	1	5	883698581
67	1	3	875379445
67	833	4	875379794
67	1093	5	875379419
67	1052	3	875379419
67	1047	3	875379750
67	871	3	875379594
67	756	3	875379566
67	743	4	875379445
67	546	3	875379288
67	412	1	875379540
67	405	5	875379794
67	276	4	875379515
67	273	4	875379288
67	240	5	875379566
67	235	3	875379643
67	151	4	875379619
67	125	4	875379643
67	123	4	875379322
67	122	3	875379566
67	121	4	875379683
67	117	5	875379794
67	105	4	875379683
67	64	5	875379211
67	25	4	875379420
67	24	4	875379729
67	7	5	875379794
101	288	4	877137015
101	846	3	877135914
101	845	3	877136302
101	841	2	877136763
101	840	3	877136659
101	831	3	877136954
101	829	3	877136138
101	826	3	877136686
101	819	1	877136424
101	815	3	877136392
101	304	3	877135677
101	1	3	877136039
101	7	3	877135944
101	24	4	877136391
101	50	4	877135944
101	109	2	877136360
101	111	2	877136686
101	118	3	877136424
101	121	4	877137015
101	123	2	877136186
101	125	4	877137015
101	866	4	877137015
101	1132	3	877136954
101	1093	1	877136360
101	1057	2	877136789
101	756	3	877136424
101	742	4	877136302
101	717	3	877136928
101	596	3	877136564
101	546	4	877137015
101	472	3	877136711
101	471	3	877136535
101	412	2	877136842
101	369	2	877136928
101	370	2	877136711
101	926	3	877136628
101	928	2	877136302
101	975	2	877136659
101	979	2	877136711
101	1009	2	877136598
101	1028	3	877136449
101	1034	2	877136686
101	1047	2	877136424
101	405	4	877137015
101	147	4	877136506
101	222	3	877136243
101	284	4	877136564
101	278	2	877136737
101	181	4	877137015
101	281	2	877136842
101	280	3	877136039
101	257	4	877137015
101	255	4	877137015
101	252	3	877136628
101	237	5	877137015
142	346	5	888639815
142	350	4	888639882
142	408	4	888640379
142	463	3	888640489
142	514	5	888640317
142	895	4	888640143
142	338	2	888640199
142	362	3	888639920
142	169	5	888640356
142	147	1	888640356
142	134	5	888640356
142	124	4	888640379
142	89	3	888640489
142	55	2	888640489
142	42	4	888640489
142	28	4	888640404
142	7	4	888640489
142	333	5	888639968
142	322	2	888640054
142	425	4	888640489
142	181	5	888640317
142	189	4	888640317
142	243	1	888640199
142	259	3	888640104
142	268	5	888639837
142	288	3	888639837
142	315	3	888639837
142	186	4	888640430
179	751	1	892151565
179	258	5	892151270
179	690	1	892151489
179	538	4	892151231
179	362	1	892151231
179	354	4	892151331
179	895	5	892151565
179	353	1	892151270
179	347	3	892151064
179	902	1	892151064
179	905	4	892151331
179	914	5	892151174
179	916	5	892151064
179	1127	1	892151270
179	1234	1	892151459
179	1316	3	892151489
179	269	3	892151064
179	288	5	892151489
179	893	2	892151565
179	346	3	892151489
179	345	1	892151565
179	340	4	892151064
179	339	1	892151366
179	333	5	892151459
179	321	1	892151331
179	272	5	892151202
179	316	5	892151202
179	313	4	892151270
179	310	4	892151365
179	303	1	892151270
179	691	3	892151331
179	301	4	892151565
179	300	4	892151231
179	315	5	892151202
179	302	4	892151173
206	361	1	888180082
206	1175	1	888180049
206	360	1	888180081
206	359	1	888179980
206	346	5	888179981
206	343	1	888179788
206	340	3	888180082
206	337	2	888180049
206	336	1	888179928
206	333	4	888179565
206	332	3	888179602
206	326	1	888179713
206	323	1	888179833
206	315	5	888180018
206	314	1	888179948
206	1434	1	888180082
206	308	2	888180049
206	302	5	888180227
206	288	5	888179565
206	269	4	888180018
206	262	1	888180049
206	260	3	888179772
206	258	4	888179602
206	245	1	888179772
206	242	3	888180049
206	1433	1	888180049
206	1430	1	888179980
206	678	1	888179833
206	682	3	888179694
206	683	1	888179980
206	690	2	888179694
206	691	1	888180081
206	748	4	888179833
206	749	2	888179980
206	873	3	888179833
206	889	2	888180081
206	891	2	888180049
206	895	5	888179788
206	1431	1	888180018
206	896	4	888180018
206	904	1	888180081
206	1429	1	888180018
206	1313	1	888179981
206	1233	1	888180018
206	903	2	888180018
206	1176	1	888180049
206	1127	4	888180081
206	1062	3	888180018
206	1024	1	888180049
206	1022	1	888179980
206	990	1	888179913
257	1472	2	880496943
257	1260	2	880496892
257	1462	5	879547695
257	1160	4	882049973
257	50	5	882049897
257	1129	5	879585415
257	289	4	879029543
257	288	3	879029516
257	286	5	879029516
257	285	5	882049950
257	276	5	882049973
257	275	4	879029716
257	269	3	879029516
257	258	3	879029516
257	224	4	879029717
257	221	3	882050202
257	198	3	880496822
257	181	5	882050131
257	165	4	879547534
257	137	4	882049932
257	130	2	882050236
257	129	4	880008245
257	121	3	882050360
257	116	3	879029742
257	113	4	879547534
257	100	5	882049950
257	86	4	879547655
257	60	5	879547440
257	59	5	879547440
257	1137	5	882049896
257	301	3	879029620
257	305	4	882049607
257	166	4	880496522
257	313	5	884151683
257	921	5	883982173
257	949	3	880496958
257	1008	5	882050187
257	1010	4	882050150
257	307	4	879029581
257	582	5	879547608
257	57	5	879547717
257	531	5	879547608
257	1022	2	879547764
257	475	5	879029716
257	462	4	879547695
257	405	3	882050397
257	381	5	880496690
257	345	4	887066556
257	324	5	879029543
270	335	3	876953900
270	356	3	876956064
270	370	5	876956232
270	327	5	876953900
270	402	5	876955770
270	387	5	876955689
270	306	5	876953744
270	421	5	876955633
270	441	5	876956420
270	443	3	876955976
270	447	4	876956360
270	452	4	876956264
270	466	5	876955899
270	475	5	876954122
270	509	3	876954965
270	531	4	876954945
270	535	5	876954123
270	546	4	876954484
270	379	5	876956232
270	295	5	876954248
270	253	5	876954733
270	251	5	876954752
270	257	4	876954223
270	237	1	876954484
270	551	4	876956264
270	234	5	876955976
270	288	5	876953827
270	230	3	876955868
270	222	5	876954521
270	219	5	876956389
270	218	5	876956206
270	265	4	876956137
270	275	5	876954248
270	279	5	876954093
270	281	5	876956137
270	282	3	876954093
270	283	5	876954456
270	226	4	876956038
270	553	1	876955689
270	558	5	876954927
270	747	5	876955662
270	778	5	876955711
270	781	5	876955750
270	794	4	876955689
270	815	4	876954522
270	860	5	876956464
270	217	5	876956360
270	1471	4	876956264
270	742	2	876954248
270	1148	5	876955042
270	1109	5	876955899
270	1073	5	876955202
270	1009	5	876954522
270	1007	5	876954036
270	943	5	876956038
270	928	4	876956137
270	872	5	876953827
270	869	1	876955633
270	1119	5	876955729
270	740	5	876954062
270	739	4	876955729
270	559	5	876956442
270	563	3	876956442
270	566	5	876955939
270	569	4	876956419
270	574	3	876956038
270	581	5	876955938
270	582	3	876955087
270	583	5	876956038
270	584	5	876955067
270	596	5	876954456
270	603	5	876955868
270	671	4	876956360
270	672	5	876956390
270	694	5	876954927
270	703	4	876955019
270	713	5	876954122
270	714	4	876954965
270	716	4	876955563
270	722	4	876955689
270	554	1	876956264
270	185	5	876955938
270	83	4	876954995
270	79	4	876955938
270	77	2	876956038
270	70	5	876955066
270	60	5	876955066
270	86	4	876955067
270	56	5	876955976
270	50	5	876954004
270	17	2	876956064
270	13	4	876954192
270	7	4	876954004
270	5	5	876956064
270	88	5	876955711
270	25	5	876954456
270	93	5	876954522
270	90	5	876955770
270	183	5	876955938
270	176	4	876955976
270	173	5	876955531
270	164	5	876956137
270	159	4	876956233
270	200	5	876956360
270	155	5	876955770
270	148	4	876954062
270	156	5	876955899
270	145	3	876956419
270	123	5	876954223
270	118	3	876956038
270	98	5	876955868
270	97	4	876955633
281	338	2	881200457
281	342	1	881200789
281	538	4	881200520
281	682	3	881200519
281	748	5	881200745
281	877	4	881200643
281	989	2	881200789
281	690	5	881200264
281	332	4	881200603
281	322	4	881200789
281	326	1	881200491
281	258	2	881200457
281	259	3	881200789
281	271	5	881200457
281	288	4	881200264
281	294	3	881200643
281	301	3	881200643
281	304	5	881200745
281	308	1	881200297
281	331	3	881200491
281	289	3	881200704
281	310	4	881200264
289	410	2	876790361
289	849	4	876789943
289	21	1	876790499
289	742	4	876789463
289	685	4	876789373
289	477	2	876790323
289	473	1	876790576
289	471	4	876789373
289	455	4	876790464
289	7	4	876789628
289	363	3	876790653
289	282	3	876789180
289	254	1	876790734
289	222	2	876789463
289	151	2	876790499
289	125	2	876789373
289	121	3	876789736
289	117	4	876789514
289	109	3	876789628
289	24	4	876790292
289	926	3	876790611
289	1016	5	876789843
289	815	3	876789581
289	15	3	876789581
341	259	3	890758051
341	288	4	890757686
341	292	5	890757659
341	330	5	890758113
341	358	1	890758050
341	1527	4	890757717
341	682	3	890757961
341	1025	5	890757961
341	1280	2	890757782
341	881	5	890757961
341	887	5	890757745
341	876	4	890757886
341	908	3	890758080
341	948	3	890758169
341	895	4	890757961
341	335	4	890757782
347	829	4	881653155
347	827	1	881653266
347	841	3	881652769
347	871	4	881653300
347	879	3	881652099
347	926	1	881654846
347	928	3	881653176
347	930	2	881653340
347	943	4	881654545
347	959	5	881654545
347	763	5	881652837
347	689	4	881652250
347	693	5	881654156
347	696	4	881653266
347	699	1	881654480
347	713	3	881652568
347	820	2	881653340
347	735	2	881654134
347	742	5	881652610
347	748	2	881652142
347	756	2	881653266
347	819	1	881653155
347	806	3	881653830
347	471	4	881652518
347	290	3	881653132
347	291	5	881652746
347	293	5	881652709
347	294	1	881652142
347	298	5	881652590
347	300	5	881652054
347	317	1	881654409
347	318	3	881653563
347	323	1	881652142
347	324	1	881652230
347	333	5	881652077
347	356	5	881654134
347	357	5	881653774
347	363	1	881653244
347	288	5	881652118
347	286	3	881652054
347	284	3	881652480
347	282	5	881652590
347	237	4	881652629
347	239	5	881654591
347	240	5	881653300
347	241	3	881654386
347	245	5	881652230
347	246	4	881652417
347	249	5	881652683
347	369	4	881653300
347	252	2	881653176
347	258	4	881652077
347	271	1	881652191
347	273	5	881652456
347	276	3	881652657
347	280	4	881652657
347	257	4	881652610
347	686	5	881654101
347	371	1	881654715
347	475	4	881652417
347	501	4	881654410
347	544	4	881652862
347	550	5	881654734
347	568	4	881654339
347	588	3	881654321
347	595	2	881653244
347	597	3	881652788
347	609	4	881654064
347	627	4	881654545
347	655	5	881653973
347	660	2	881654186
347	977	5	881653224
347	470	5	881654301
347	468	2	881654825
347	465	3	881654825
347	392	2	881654592
347	403	5	881654386
347	404	4	881654846
347	405	4	881652610
347	410	5	881653059
347	411	5	881653132
347	416	3	881654715
347	385	4	881654101
347	423	4	881654567
347	427	4	881654004
347	432	4	881653973
347	460	3	881652888
347	462	2	881654359
347	421	2	881653635
347	235	2	881653224
347	230	4	881654101
347	226	4	881653890
347	222	4	881652377
347	216	3	881653933
347	215	4	881654211
347	210	4	881653973
347	204	4	881653830
347	203	5	881654232
347	200	4	881654452
347	195	4	881653603
347	192	4	881653798
347	95	4	881654410
347	91	1	881654679
347	31	5	881654321
347	50	5	881652456
347	55	5	881653603
347	56	5	881653736
347	65	2	881654679
347	68	5	881654825
347	69	5	881653687
347	70	2	881654428
347	73	2	881654773
347	76	5	881654679
347	77	5	881654386
347	82	5	881654269
347	87	3	881653830
347	24	3	881652657
347	187	5	881653652
347	132	5	881654064
347	127	5	881652434
347	125	5	881652568
347	123	3	881654301
347	121	3	881652535
347	118	4	881652710
347	117	5	881652518
347	106	2	881652813
347	105	2	881653198
347	100	3	881652417
347	99	3	881654591
347	144	5	881654186
347	186	5	881653912
347	147	4	881652710
347	151	3	881652480
347	182	5	881653736
347	181	5	881652377
347	180	5	881654101
347	177	5	881654386
347	176	3	881653866
347	173	2	881654503
347	172	5	881653933
347	164	3	881654752
347	163	4	881654801
347	159	4	881654635
347	156	5	881653652
347	148	3	881652888
347	22	5	881654005
347	17	4	881654635
347	1011	3	881653155
347	1291	1	881653340
347	1283	1	881652730
347	1244	3	881653300
347	1059	3	881652813
347	1047	1	881653224
347	1039	5	881653830
347	1035	3	881654522
347	1088	1	881653224
347	1016	3	881652730
347	1012	4	881652590
347	4	4	881654452
347	11	5	881653544
347	12	3	881653584
367	563	4	876690077
367	561	4	876690048
367	559	4	876690048
367	443	4	876690119
367	452	4	876690120
367	448	4	876690098
367	564	2	876690077
367	551	3	876690048
367	565	2	876690048
367	665	5	876689738
367	672	4	876689991
367	760	4	876690021
367	769	3	876690077
367	800	4	876690049
367	1012	4	876689825
367	567	4	876690077
367	436	4	876689962
367	334	4	876689364
367	406	4	876689878
367	184	5	876689990
367	183	5	876689738
367	179	5	876689765
367	164	4	876690119
367	145	3	876690077
367	185	5	876689991
367	100	5	876689878
367	56	5	876689932
367	53	4	876690076
367	50	5	876689696
367	7	5	876689878
367	5	4	876689991
367	98	5	876689932
367	413	4	876689879
367	200	4	876689962
367	217	5	876690021
367	379	4	876690048
367	333	4	876689501
367	331	4	876689418
367	324	5	876689418
367	302	5	876689364
367	201	5	876689991
367	288	5	876689418
367	250	5	876689824
367	246	4	876689612
367	774	4	876690049
368	559	3	889783562
368	7	4	889783365
368	396	2	889783617
368	379	4	889783562
368	320	5	889783364
368	201	5	889783407
368	181	4	889783678
368	164	3	889783364
368	145	2	889783586
368	127	4	889783678
368	100	4	889783407
368	98	3	889783407
368	96	3	889783678
368	89	4	889783678
368	56	4	889783407
368	17	5	889783562
368	11	4	889783678
368	5	3	889783454
368	413	1	889783454
368	436	3	889783562
368	313	5	889783251
368	288	3	889783453
368	234	3	889783365
368	217	5	889783562
368	844	3	889783453
368	777	2	889783586
368	219	2	889783453
368	670	3	889783562
368	637	2	889783617
368	573	3	889783617
368	569	3	889783586
368	567	3	889783617
368	561	2	889783617
368	551	4	889783617
368	448	3	889783365
368	672	2	889783453
375	583	2	886622131
375	603	4	886621917
375	684	4	886622066
375	761	3	886622131
375	1073	2	886621950
375	773	3	886621985
375	939	3	886622024
375	1046	2	886622131
375	1217	4	886622131
375	566	4	886621985
375	770	3	886622131
375	302	5	886621795
375	356	4	886622131
375	443	4	886622024
375	39	3	886622024
375	44	3	886622131
375	176	4	886621917
375	183	5	886621917
375	77	4	886622024
375	218	3	886622024
375	234	5	886621917
375	288	4	886621795
375	300	4	886621795
375	185	5	886621950
397	343	2	885349148
397	334	3	885349348
397	338	4	882839517
397	1298	3	885350543
397	345	4	889760663
397	435	4	885349376
397	357	5	885350381
397	358	2	882838937
397	390	3	885349427
397	423	5	885349999
397	327	2	875063649
397	457	1	875063722
397	298	4	885349348
397	322	1	875063613
397	210	4	885349825
397	221	4	885349348
397	223	4	885350132
397	261	1	875063722
397	268	4	889760703
397	273	4	889760803
397	286	4	882839517
397	289	3	885349348
397	474	5	882839559
397	302	5	889760703
397	313	4	889760640
397	318	4	885349610
397	324	2	882838749
397	475	4	885350045
397	504	5	885349865
397	480	5	885349476
397	853	4	885350045
397	748	2	889760845
397	705	5	885350045
397	688	1	875063649
397	665	3	885349348
397	657	5	885349759
397	652	3	885350326
397	641	5	885349999
397	615	5	885349562
397	197	5	885349825
397	58	5	885349202
397	479	4	885349865
397	878	1	875063722
397	896	4	889760725
397	483	5	885349715
397	484	5	885349759
397	498	4	885349955
397	513	5	885349715
397	522	5	885349476
397	529	4	885350326
397	1018	4	882839517
397	1001	1	885350326
397	991	1	875063678
397	989	1	875063722
397	988	1	875063722
397	894	1	882838796
397	195	3	885350381
397	56	5	882839517
397	192	5	885349610
397	7	5	885349913
397	8	4	885349913
397	12	4	885349790
397	22	4	885349476
397	95	4	885349999
397	109	4	889760803
397	117	3	885349610
397	194	3	885349348
397	134	5	885350132
397	127	5	885349427
397	186	5	885349955
397	183	4	885349348
397	181	4	885349955
397	178	5	885349759
397	174	5	885349999
397	156	5	885350381
397	171	5	882839540
434	111	5	886724540
434	287	5	886724359
434	347	1	886724329
434	369	4	886724972
434	406	3	886725027
434	411	5	886724873
434	424	1	886724913
434	471	2	886724797
434	283	3	886724505
434	237	5	886724754
434	225	4	886724453
434	220	5	886724873
434	546	5	886725076
434	1	4	886724590
434	9	1	886724563
434	151	5	886724453
434	148	3	886724797
434	147	3	886724822
434	125	5	886724708
434	121	4	886724666
434	274	5	886724797
434	833	4	886724914
434	844	3	886724505
434	928	5	886724913
434	974	5	886724940
434	975	5	886724873
434	1051	3	886724453
434	743	1	886725027
434	1095	5	886724940
434	1197	5	886724913
434	763	5	886724873
434	1152	5	886724633
434	819	3	886724873
451	988	1	879012773
451	984	4	879012647
451	938	4	879012772
451	937	4	879012684
451	1395	1	879012858
451	1393	2	879012812
451	1392	1	879012812
451	1296	3	879012685
451	1295	2	879012811
451	1280	1	879012773
451	1265	4	879012772
451	1025	3	879012773
451	1022	4	879012858
451	991	2	879012647
451	990	3	879012684
451	989	1	879012857
451	1394	1	879012858
451	886	4	879012773
451	1038	1	879012889
451	884	1	879012890
451	304	3	879012684
451	306	2	879012684
451	307	4	879012431
451	308	1	879012890
451	319	2	879012510
451	322	4	879012510
451	323	4	879012510
451	326	4	879012431
451	329	4	879012721
451	332	4	879012342
451	333	5	879012550
451	334	3	879012648
451	325	3	879012721
451	302	3	879012647
451	300	4	879012550
451	885	1	879012890
451	242	1	879012857
451	243	4	879012510
451	245	2	879012550
451	258	4	879012343
451	259	4	879012721
451	261	2	879012647
451	262	1	879012647
451	301	4	879012431
451	263	2	879012811
451	268	2	879012684
451	269	2	879012647
451	286	1	879012343
451	288	5	879012470
451	292	3	879012684
451	299	1	879012721
451	264	3	879012604
451	336	4	879012811
451	294	5	879012470
451	358	1	879012550
451	880	1	879012773
451	881	4	879012721
451	882	1	879012812
451	337	2	879012857
451	879	4	879012580
451	875	2	879012721
451	874	4	879012684
451	873	5	879012684
451	872	2	879012857
451	749	3	879012773
451	877	4	879012471
451	359	2	879012721
451	360	3	879012858
451	457	2	879012890
451	678	5	879012510
451	748	4	879012550
451	878	1	879012811
451	683	1	879012470
451	681	1	879012773
451	680	1	879012811
453	401	3	888206038
453	318	4	877553761
453	356	2	888205866
453	364	3	888206676
453	369	2	877553051
453	393	3	888207162
453	354	4	888201923
453	367	2	888202813
453	246	5	877552590
453	276	5	877552564
453	215	3	877554419
453	223	4	888203147
453	227	3	888207162
453	229	2	888206219
453	231	2	877562293
453	234	3	877561411
453	237	4	877552657
453	238	4	877554396
453	402	3	888207161
453	254	2	877562293
453	258	4	876191239
453	268	4	877552481
453	272	5	887941892
453	273	4	877552678
453	282	4	877561382
453	475	5	877552514
453	412	2	877553302
453	697	4	877561235
453	684	3	888205336
453	655	3	877553999
453	652	3	877554443
453	651	4	877554743
453	591	3	877552969
453	586	2	892447163
453	575	2	892447163
453	568	3	888207161
453	566	3	877561593
453	552	2	877561713
453	550	3	888207161
453	214	3	877553928
453	410	4	877552951
453	721	4	888205696
453	421	4	888203015
453	423	4	877554819
453	424	1	888206768
453	451	2	877561836
453	452	2	888206630
453	471	4	888205557
453	476	3	890939266
453	496	4	888203066
453	508	4	877552612
453	515	4	876191626
453	750	4	888201942
453	210	4	877554587
453	68	4	877561411
453	202	4	877553999
453	3	4	877552717
453	4	4	877554490
453	11	5	877554174
453	12	5	877553813
453	17	4	877553928
453	22	5	877553870
453	24	4	877553108
453	25	4	877552872
453	33	4	877561522
453	42	5	877554301
453	49	3	877561172
453	50	5	877562313
453	781	3	888206022
453	790	4	877561800
453	797	1	888206339
453	826	1	877553430
453	1273	2	877561258
453	1230	2	888202271
453	1170	3	877562135
453	1157	2	888206576
453	1145	2	888206492
453	53	3	877561894
453	1037	1	888206630
453	1017	3	887942122
453	1016	4	877552991
453	975	2	887942451
453	963	4	888202307
453	959	4	877561676
453	941	2	877561613
453	871	1	888206233
453	1032	1	877561911
453	55	4	877554301
453	56	5	877554771
453	59	2	888202258
453	143	2	888206053
453	151	3	877552970
453	154	3	877554587
453	157	4	877561172
453	158	2	888205937
453	132	3	877554871
453	164	3	877554771
453	172	5	877554587
453	174	4	877554564
453	181	5	877552612
453	184	4	877554846
453	186	4	877554466
453	188	4	877554466
453	168	4	877553708
453	125	3	877561349
453	120	1	877553678
453	67	4	888205882
453	69	4	877554647
453	73	4	888206132
453	79	3	888207161
453	80	2	888205783
453	82	3	877561694
453	122	3	877553532
453	85	3	877561301
453	93	2	887941962
453	97	3	877554743
453	98	4	877554396
453	100	5	877552612
453	90	3	877561942
453	780	3	877561522
461	748	1	885355839
461	327	4	885355757
461	321	3	885355757
461	319	3	885355778
461	302	3	885355646
461	285	4	885356112
461	259	2	885355679
461	255	2	885355890
461	121	2	885355890
461	1006	5	885355890
461	682	1	885355705
461	575	2	885355930
461	304	4	885355805
471	588	1	889827881
471	1	4	889827881
471	8	5	889827881
471	50	3	889827757
471	501	3	889828027
471	82	5	889827822
471	94	5	889828081
471	95	4	889827822
471	99	2	889827918
471	102	5	889828081
471	140	5	889827918
471	172	4	889827822
471	393	5	889827918
471	71	3	889828154
471	596	1	889827881
471	878	4	889827710
471	932	5	889828027
471	1219	4	889828026
471	969	2	889828154
471	465	5	889827822
471	432	1	889827822
471	422	5	889827982
471	420	1	889828027
471	418	3	889827757
471	477	5	889827918
471	404	2	889827757
482	286	3	887644023
482	127	4	887644063
482	258	2	887644023
482	257	4	887644063
482	243	2	887644023
482	294	4	887643365
482	269	4	887643096
482	295	3	887644063
482	346	3	887644022
482	301	4	887643315
482	311	4	887643340
482	313	5	887643146
482	315	3	887643146
482	321	3	887644023
482	328	4	887643289
482	682	3	887644022
482	876	3	887644023
482	881	3	887644022
482	988	4	887643499
482	298	4	887644085
482	50	4	887644063
482	245	4	887643461
507	252	5	889966054
507	147	5	889965997
507	181	5	889965997
507	222	5	889965997
507	250	5	889966024
507	682	5	889964620
507	689	5	889964844
507	690	4	889964074
507	691	5	889964162
507	748	5	889964844
507	750	5	889964274
507	751	5	889964162
507	754	5	889964121
507	827	5	889966088
507	841	5	889966054
507	894	5	889964162
507	895	5	889964202
507	898	5	889964202
507	1034	5	889966127
507	1089	5	889966088
507	1237	5	889964311
507	118	5	889966127
507	117	3	889965997
507	50	5	889965997
507	597	5	889966089
507	258	4	889963959
507	269	2	889964121
507	271	5	889964312
507	288	5	889964020
507	294	5	889964274
507	298	5	889965997
507	300	5	889964239
507	302	5	889963959
507	307	5	889964239
507	313	5	889964121
507	315	5	889964593
507	310	4	889964162
507	319	3	889964074
507	405	5	889966127
507	316	5	889964844
507	345	5	889964202
507	306	5	889964677
507	338	5	889964348
507	334	5	889964748
507	333	4	889964121
507	328	5	889964162
507	323	5	889964809
507	343	5	889964074
528	541	3	888520782
528	588	2	886101736
528	615	4	886101715
528	178	4	886101695
528	505	4	886101956
528	202	5	886101846
528	194	5	886101956
528	193	4	886101873
528	185	4	886101652
528	181	5	886812857
528	174	5	886101821
528	203	4	888522613
528	109	4	886812980
528	83	5	886101632
528	82	4	886101632
528	79	5	886101911
528	77	3	886101428
528	69	3	886101761
528	168	4	888522642
528	204	5	888522547
528	210	5	886101976
528	213	4	886101505
528	484	3	886101695
528	479	4	886101505
528	427	4	886813104
528	422	2	886813066
528	410	4	886813104
528	402	4	888520911
528	393	2	886101695
528	358	2	888520491
528	310	3	888520371
528	298	4	888520849
528	294	3	888520438
528	258	4	886812857
528	238	3	886101782
528	523	4	886101846
528	678	3	888520525
528	845	3	886812857
528	1254	3	886812920
528	1618	1	888521905
528	31	5	886101761
528	748	3	888520471
528	56	3	886101428
550	310	5	883425627
550	323	5	883425465
550	328	5	883425652
550	538	5	883425812
550	596	2	883426119
550	748	4	883425365
550	688	3	883425762
550	304	3	883425743
550	846	2	883426119
550	892	2	883426119
550	924	4	883426027
550	993	4	883425426
550	1089	3	883425485
550	1620	4	883425448
550	682	4	883425783
550	294	3	883426119
550	1	3	883425913
550	15	5	883426027
550	50	5	883425283
550	125	4	883425958
550	222	4	883425979
550	237	3	883426119
550	243	2	883426119
550	249	4	883425388
550	252	1	883426119
550	254	1	883426119
550	257	4	883425337
550	258	5	883425409
550	259	2	883426119
550	288	5	883425979
550	877	4	883425723
580	348	3	884124382
580	50	5	884124927
580	358	4	884124472
580	100	3	884124872
580	121	4	884125457
580	123	4	884125199
580	147	3	884125658
580	148	4	884125773
580	151	2	884126077
580	15	3	884125339
580	181	5	884125042
580	252	5	884125829
580	257	5	884125243
580	258	5	884124103
580	271	5	884124248
580	281	2	884126077
580	282	5	884125292
580	286	4	884124750
580	7	3	884124844
580	125	3	884125387
580	1	3	884125243
580	405	2	884126077
580	3	5	884125916
580	546	1	884126077
580	597	1	884126077
580	619	3	884125175
580	687	3	884124583
580	748	2	884126077
580	825	4	884125339
580	829	2	884126077
580	866	4	884125856
580	471	3	884125018
580	1014	3	884125135
580	871	4	884125135
580	300	3	884124103
580	289	5	884124382
580	329	3	884124191
580	343	5	884124304
580	1028	3	884125829
580	323	2	884124383
582	118	2	882962523
582	222	4	882961804
582	181	4	882961301
582	151	4	882961133
582	125	3	882961632
582	124	4	882961082
582	121	3	882961133
582	117	3	882961000
582	15	3	882961481
582	93	5	882960844
582	25	3	882961608
582	7	5	882961082
582	1	4	882961257
582	235	3	882962803
582	100	5	882960863
582	240	4	882961804
582	237	3	882960941
582	826	3	882962652
582	508	4	882961082
582	547	4	882961608
582	676	2	882961133
582	748	3	882960601
582	750	5	882960418
582	760	3	882962886
582	763	2	882961804
582	477	4	882961540
582	246	4	882961082
582	841	2	882962133
582	919	5	882961540
582	932	2	882963114
582	948	1	882960718
582	1014	4	882962247
582	1033	2	882962030
582	1215	4	882963027
582	475	5	882961000
582	597	3	882962267
582	250	3	882961000
582	258	4	882960396
582	268	4	882960396
582	269	4	882960418
582	288	3	882960396
582	294	1	882960396
582	300	3	882960446
582	271	4	882960418
582	321	3	882960555
582	328	3	882960555
582	369	1	882963114
582	405	3	882962133
582	410	3	882961481
582	455	1	882961481
582	458	4	882961968
582	313	5	882960461
588	475	2	890015684
588	483	4	890015500
588	485	5	890015835
588	496	3	890023879
588	553	4	890025864
588	550	3	890026513
588	552	1	890031021
588	531	3	890015722
588	451	5	890026059
588	447	3	890026009
588	443	3	890024876
588	432	4	890027113
588	428	4	890024730
588	423	3	890015649
588	421	5	890023830
588	419	5	890023646
588	468	3	890015835
588	559	5	890025951
588	125	3	890026154
588	566	2	890023557
588	941	5	890026513
588	934	4	890030736
588	928	4	890027063
588	873	3	890014887
588	846	4	890025621
588	959	5	890026459
588	842	3	890015542
588	821	4	890026339
588	815	4	890024829
588	810	4	890029445
588	783	4	890027297
588	778	3	890027600
588	832	1	890027865
588	969	5	890023831
588	1041	2	890027063
588	1428	5	890032056
588	1411	1	890032421
588	1311	1	890029079
588	1240	5	890025864
588	1039	4	890024611
588	1078	4	890026999
588	1074	5	890032056
588	1061	5	890024876
588	1058	2	890030656
588	1047	3	890031141
588	1044	4	890025674
588	1091	4	890027865
588	561	3	890027780
588	747	4	890025797
588	658	5	890025751
588	655	3	890025864
588	638	4	890024289
588	625	3	890024325
588	660	4	890024002
588	623	3	890026939
588	597	4	890026543
588	588	4	890023692
588	584	3	890024677
588	578	5	890029212
588	570	4	890032281
588	602	3	890015580
588	751	3	890014887
588	678	2	890015063
588	692	4	890024051
588	742	4	890024002
588	739	4	890025704
588	735	5	890024196
588	731	2	890026705
588	716	5	890028167
588	713	3	890015791
588	697	5	890024002
588	723	2	890026459
588	732	4	890024325
588	326	4	890014782
588	404	3	890026656
588	94	2	890027865
588	95	4	890015722
588	97	2	890023587
588	98	1	890015324
588	99	5	890023646
588	100	1	890015374
588	107	5	890030781
588	110	3	890027247
588	111	1	890028509
588	117	4	890027062
588	118	3	890026210
588	121	5	890026154
588	131	5	890024918
588	91	5	890026656
588	132	5	890015476
588	143	5	890015684
588	144	3	890024564
588	151	4	890026263
588	154	4	890024529
588	155	5	890026882
588	159	1	890029795
588	162	5	890026339
588	164	5	890026262
588	165	2	890015649
588	172	5	890026459
588	173	5	890024677
588	83	5	890015435
588	1	4	890015684
588	8	5	890023557
588	12	5	890015324
588	15	5	890015608
588	25	4	890024677
588	28	5	890024051
588	29	3	890027063
588	31	3	890015722
588	40	4	890026154
588	85	5	890026882
588	42	5	890024529
588	51	4	890026395
588	56	4	890024246
588	63	5	890028385
588	66	3	890023646
588	68	5	890026705
588	69	2	890023556
588	71	4	890024195
588	73	3	890026262
588	79	4	890023722
588	82	5	890024829
588	50	5	890024427
588	417	5	890026009
588	174	3	890015323
588	181	5	890015608
588	294	4	890014887
588	301	5	890015021
588	307	4	890014887
588	313	5	890014782
588	315	4	890014591
588	316	5	890015021
588	1469	3	890026705
588	333	5	890014710
588	347	5	890014648
588	354	5	890014930
588	356	4	890025751
588	289	2	890015063
588	365	5	890028385
588	367	5	890024117
588	370	5	890031141
588	378	3	890026059
588	380	3	890028987
588	382	3	890024730
588	385	3	890023557
588	393	4	890026939
588	395	4	890030781
588	399	3	890027379
588	402	5	890026882
588	403	3	890027525
588	366	5	890027430
588	178	5	890015323
588	288	4	890014818
588	283	4	890015835
588	202	1	890015500
588	204	5	890015323
588	206	4	890025023
588	207	2	890025076
588	208	3	890023879
588	210	4	890015500
588	215	5	890024564
588	217	4	890030473
588	220	5	890025023
588	286	4	890014710
588	225	5	890027113
588	230	1	890023692
588	231	4	890028987
588	234	5	890024161
588	237	2	890015894
588	258	4	890014591
588	260	2	890014930
588	265	5	890025621
588	268	5	890014648
588	272	5	890014748
588	275	3	890024246
588	278	5	890027600
588	282	5	890015894
588	227	3	890028385
588	1508	3	890029795
588	1053	3	890027780
592	931	1	882608960
592	292	1	882607434
592	293	5	882607986
592	297	5	882607844
592	298	5	882608061
592	299	1	882607573
592	301	1	882607573
592	291	3	882609008
592	302	5	882607325
592	305	4	885280098
592	306	5	882607528
592	312	2	882607780
592	61	4	882956586
592	60	4	882955460
592	59	4	882956718
592	925	3	882608915
592	303	5	882607325
592	289	4	882607606
592	288	5	882607528
592	287	3	882608457
592	259	2	882607573
592	261	1	882607744
592	262	5	882607356
592	263	1	882607779
592	264	2	882607528
592	265	4	882956039
592	266	1	882607744
592	269	4	882607286
592	271	4	882607647
592	272	5	882955387
592	273	5	882607986
592	276	5	882608401
592	281	4	882608573
592	282	4	882608572
592	283	4	882956241
592	286	5	882607356
592	58	5	882956388
592	258	5	882607476
592	1514	5	882608625
592	1377	3	882607872
592	1356	4	882608915
592	1319	1	882608234
592	1315	2	882609056
592	70	4	882956803
592	1276	1	882609057
592	1275	3	882956624
592	313	5	882955258
592	318	5	882955863
592	319	4	882607434
592	320	5	882955735
592	322	1	882607647
592	323	1	882607690
592	324	4	882607387
592	326	4	882607573
592	315	5	885280156
592	1620	1	882609057
592	1623	4	882955794
592	1	4	882608021
592	48	5	882955735
592	47	5	882955889
592	42	5	882955918
592	32	5	882956067
592	28	4	882956586
592	23	5	882955735
592	20	4	882608315
592	15	5	882608457
592	14	5	882607986
592	13	5	882608401
592	12	5	882955825
592	11	5	882955978
592	9	5	882608182
592	8	5	882955582
592	7	5	882607986
592	4	4	882956418
592	3	4	882608960
592	257	4	882608107
592	255	4	882608915
592	129	5	882608457
592	132	5	882955794
592	134	5	882955794
592	137	5	882608145
592	140	3	882956551
592	144	5	882956668
592	147	4	882608357
592	127	5	882608021
592	148	2	882608961
592	151	4	882608402
592	157	5	882955918
592	168	5	882955825
592	169	5	882955663
592	172	5	882956011
592	173	5	882956276
592	149	4	882607910
592	123	4	882608573
592	71	4	882956668
592	79	4	882955583
592	81	4	882956201
592	89	4	882955543
592	95	4	882956276
592	96	5	882956241
592	97	4	882956718
592	99	5	882955663
592	116	4	882608182
592	117	5	882608234
592	118	3	882609056
592	121	4	882608573
592	122	4	882608960
592	174	5	882955918
592	176	5	882956039
592	178	5	882956241
592	179	5	882956761
592	216	4	882955978
592	223	5	882955863
592	224	5	882608357
592	234	5	882955863
592	235	3	882608662
592	236	3	882608061
592	238	5	882956321
592	242	5	882607286
592	245	1	882607434
592	248	4	882608279
592	250	4	882608145
592	251	5	882607955
592	327	4	882607387
592	204	5	882956158
592	202	5	882956803
592	64	5	882956039
592	180	5	882956102
592	181	3	882608182
592	183	5	882955613
592	184	5	882956419
592	187	5	882956157
592	188	5	882956387
592	189	5	882955583
592	191	5	882955735
592	193	5	882955948
592	194	4	882955543
592	195	4	882955863
592	196	5	882955978
592	197	5	882955863
592	198	5	882956241
592	201	5	882955794
592	203	5	882956276
592	328	1	882607476
592	331	3	882607528
592	789	4	882956419
592	813	4	882607955
592	815	3	882608625
592	820	3	882609057
592	823	1	882609009
592	825	1	882608795
592	833	4	882608662
592	844	4	882608021
592	782	2	882956510
592	847	5	882607986
592	854	5	882955948
592	875	4	882607434
592	876	1	882607690
592	877	2	882607647
592	881	1	882607476
592	886	3	882607476
592	887	5	882607780
592	890	1	882607745
592	892	1	882607690
592	853	5	882956201
592	893	1	882955292
592	763	5	882608531
592	754	3	882607325
592	655	5	882955543
592	657	4	882956011
592	678	2	882607690
592	680	1	882607690
592	681	1	882607780
592	683	1	882607745
592	685	2	882608662
592	686	5	882956387
592	688	1	882607744
592	705	5	882955978
592	730	4	882956011
592	742	4	882608357
592	744	3	882608500
592	747	4	882956102
592	748	2	882607434
592	751	3	882955258
592	752	4	888553156
592	702	4	882956510
592	654	5	882955703
592	895	3	882607528
592	1039	4	882955582
592	1025	1	882607745
592	1023	1	882608873
592	1022	5	885280183
592	1017	4	882608279
592	1012	5	882608401
592	1011	4	882608699
592	1047	1	882608736
592	1009	3	882608662
592	988	1	882607745
592	985	4	882608698
592	984	1	882607690
592	971	4	882955978
592	969	4	882956718
592	952	4	882608699
592	939	3	882956510
592	936	4	882608315
592	1008	4	882608357
592	898	2	887257199
592	1060	2	882609057
592	919	5	882608061
592	922	3	882608736
592	1265	1	882607690
592	1258	1	882608960
592	1226	4	882608873
592	1199	5	882608358
592	1187	4	882608358
592	1184	5	882956551
592	1166	3	882956668
592	1059	3	882608457
592	1143	5	882607872
592	1129	5	882608021
592	1097	4	882608021
592	1085	3	882608625
592	1082	3	882608625
592	1079	1	882608873
592	1073	5	882956276
592	1071	4	882956668
592	1070	5	882956158
592	1067	5	882608698
592	330	3	882607606
592	652	4	882956467
592	423	5	882955918
592	425	5	882956467
592	427	5	882955735
592	431	2	882956510
592	433	5	882956761
592	455	4	882608402
592	457	1	882607779
592	458	3	882608107
592	421	5	882956158
592	460	3	882608873
592	469	4	882955825
592	471	4	882608234
592	472	1	882608795
592	475	5	882608107
592	479	4	882956668
592	480	4	882955662
592	482	4	882955582
592	461	4	882955765
592	483	5	882955613
592	418	4	882956551
592	410	5	882608402
592	333	5	882607476
592	334	3	882607476
592	338	2	882607647
592	339	3	882607572
592	340	5	882607476
592	343	3	882607476
592	347	4	885280098
592	350	4	885280124
592	354	4	888553156
592	357	4	882956102
592	358	1	882607690
592	367	4	882956510
592	382	4	882956761
592	408	5	882607955
592	409	1	882609056
592	346	4	885280098
592	631	3	882956624
592	69	5	882956201
592	533	4	882608827
592	512	5	882956803
592	514	5	882955543
592	521	5	882955703
592	527	5	882955889
592	531	5	882955765
592	484	4	882956551
592	534	5	882608531
592	546	4	882608500
592	547	4	882607910
592	568	5	882956201
592	591	4	882608402
592	597	2	882609056
592	603	5	882955543
592	619	1	882608234
592	501	4	882956276
609	15	5	886895150
609	1012	1	886896237
609	908	1	886895699
609	147	1	886895016
609	243	1	886895886
609	258	3	886894677
609	259	1	886895763
609	285	5	886894879
609	288	2	886894677
609	294	2	886895346
609	304	5	886895436
609	948	1	886895886
609	314	1	886895941
609	352	1	886895699
609	408	5	886896185
609	475	2	886896281
609	538	1	886895795
609	750	4	886895397
609	878	1	886895827
609	890	1	886895914
609	894	1	886895852
609	901	1	886895886
609	319	1	886895516
609	1	1	886896185
618	237	4	891307343
618	234	4	891307714
618	182	4	891307289
618	218	3	891308115
618	501	4	891308884
618	497	2	891307019
618	496	4	891307619
618	487	4	891309886
618	485	3	891307646
618	483	5	891308199
618	477	2	891308791
618	181	5	891307263
618	238	1	891308391
618	183	4	891307494
618	185	5	891308260
618	187	5	891307098
618	233	3	891309471
618	192	5	891307367
618	193	4	891308432
618	196	4	891307889
618	197	3	891307825
618	200	5	891307367
618	202	2	891307714
618	204	3	891307098
618	191	4	891307175
618	265	4	891307289
618	392	3	891308979
618	385	4	891309163
618	382	2	891307540
618	371	3	891308980
618	367	3	891309319
618	403	4	891309608
618	356	2	891309608
618	313	4	891306927
618	288	3	891307343
618	283	3	891309217
618	282	3	891307289
618	318	5	891307825
618	241	4	891309887
618	404	5	891309192
618	418	3	891308260
618	275	3	891307577
618	471	3	891309041
618	470	3	891308615
618	468	3	891308665
618	462	2	891307540
618	416	4	891309720
618	427	5	891308431
618	423	5	891309886
618	419	4	891309887
618	433	2	891309410
618	172	5	891307098
618	526	5	891308141
618	955	2	891307540
618	959	4	891309756
618	962	1	891307784
618	969	3	891307889
618	1032	2	891309192
618	1039	4	891309887
618	1048	3	891308980
618	1058	3	891309114
618	942	2	891309293
618	1063	3	891308459
618	1071	1	891308542
618	1185	2	891309471
618	1212	2	891309410
618	1221	2	891309636
618	1225	2	891309382
618	1468	3	891308665
618	521	2	891307784
618	33	2	891309351
618	1066	3	891309756
618	939	2	891308791
618	925	2	891308854
618	763	2	891309319
618	770	2	891309756
618	776	2	891307098
618	778	3	891308515
618	895	3	891309929
618	1	4	891308063
618	2	2	891309091
618	4	2	891308459
618	7	4	891309887
618	8	3	891307862
618	9	3	891308141
618	11	4	891307263
618	12	4	891307263
618	15	3	891308391
618	22	4	891308390
618	25	2	891308260
618	28	4	891309887
618	44	4	891308791
618	49	3	891309514
618	111	3	891308946
618	118	3	891309004
618	121	4	891308913
618	123	2	891308063
618	124	1	891308542
618	125	3	891308704
618	127	5	891307619
618	131	4	891307343
618	132	4	891307057
618	133	4	891307784
618	136	3	891307931
618	143	4	891308515
618	144	4	891309887
618	148	3	891309670
618	150	2	891308175
618	151	3	891309514
618	154	3	891308615
618	159	3	891309670
618	164	3	891309041
618	168	5	891308342
618	109	2	891308615
618	762	3	891309636
618	100	4	891308063
618	98	5	891307494
618	54	3	891309319
618	55	2	891308063
618	56	4	891307175
618	62	2	891309697
618	64	4	891306990
618	65	3	891309720
618	66	4	891309697
618	68	3	891309608
618	69	4	891308176
618	71	4	891309041
618	73	3	891309440
618	77	3	891309720
618	79	5	891307494
618	82	4	891308704
618	87	3	891307931
618	90	1	891309351
618	93	3	891307019
618	95	3	891309319
618	96	3	891307749
618	97	5	891308913
618	99	3	891308019
618	755	2	891309670
618	176	4	891307426
618	596	4	891309065
618	633	3	891308571
618	628	2	891308019
618	174	5	891307539
618	625	4	891309192
618	609	4	891309440
618	597	4	891309041
618	588	4	891307224
618	655	4	891309887
618	582	4	891309217
618	568	4	891309409
618	566	3	891308261
618	559	3	891309382
618	550	3	891308261
618	549	2	891308342
618	531	4	891309886
618	746	2	891308946
618	576	4	891309608
618	660	3	891309040
618	651	5	891307263
618	699	3	891309410
618	705	3	891307825
618	709	2	891308665
618	673	3	891309139
618	720	3	891309293
618	723	3	891309514
618	724	3	891309091
618	713	4	891307224
618	731	2	891309514
618	697	3	891308063
618	693	3	891307540
618	692	4	891309091
618	684	3	891306991
618	679	1	891308615
618	729	3	891308945
619	685	3	885953850
619	750	3	885953537
619	578	4	885954215
619	684	4	885954083
619	809	1	885954238
619	597	4	885953850
619	22	5	885953992
619	849	2	885954184
619	879	4	885953743
619	1016	4	885953826
619	1231	2	885954215
619	1314	3	885954341
619	11	2	885954019
619	53	2	885954341
619	50	4	885953778
619	33	3	885954133
619	29	1	885954238
619	827	3	885953878
619	576	4	885954261
619	568	5	885954083
619	257	3	885953805
619	252	3	885953878
619	245	4	885953743
619	241	5	885954083
619	233	4	885954158
619	226	5	885954133
619	195	5	885954019
619	188	4	885954158
619	187	5	885953992
619	182	4	885954019
619	181	4	885953778
619	258	5	885953622
619	176	5	885954053
619	161	4	885954133
619	144	5	885954083
619	127	4	885953778
619	121	5	885953805
619	118	5	885953827
619	117	5	885953778
619	96	5	885954083
619	82	5	885954053
619	79	5	885953992
619	68	3	885954105
619	56	3	885953992
619	27	4	885954159
619	273	4	885953778
619	288	3	885953931
619	562	3	885954341
619	554	3	885954238
619	550	5	885954134
619	515	1	885953778
619	406	2	885953931
619	403	5	885954159
619	391	3	885954215
619	363	2	885954215
619	350	3	885953641
619	346	3	885953622
619	281	4	885954133
619	333	2	885953574
619	331	4	885953574
619	328	1	885953684
619	326	2	885953601
619	323	3	885953878
619	313	5	885953601
619	307	2	885953601
619	302	4	885953600
619	300	5	885953684
619	298	5	885953778
619	295	4	885953804
619	332	4	885953742
620	1503	4	889988196
620	432	4	889988036
620	1091	4	889988069
620	423	5	889988168
620	1043	4	889988340
620	173	5	889988121
620	172	4	889988146
620	164	5	889987586
620	151	4	889988196
620	148	3	889987299
620	1066	5	889988069
620	140	4	889988258
620	138	5	889988312
620	112	4	889988341
620	101	2	889988069
620	100	1	889987073
620	99	3	889988005
620	98	4	889987560
620	95	4	889988005
620	91	2	889988069
620	121	5	889987825
620	181	4	889988146
620	225	3	889988281
620	234	3	889987560
620	420	3	889988005
620	418	3	889988005
620	416	4	889988196
620	409	4	889988196
620	406	4	889987073
620	404	4	889988232
620	393	5	889988196
620	379	4	889987656
620	354	5	889986477
620	323	5	889986580
620	313	5	889986477
620	300	3	889986411
620	294	5	889986557
620	281	5	889987852
620	260	5	889986624
620	246	4	889987276
620	243	3	889986676
620	240	5	889987954
620	237	4	889987123
620	78	4	889988340
620	147	3	889987299
620	50	4	889988121
620	742	5	889987792
620	755	5	889988169
620	758	2	889987073
620	760	3	889987073
620	768	5	889988069
620	769	4	889987706
620	795	4	889988340
620	820	4	889987954
620	834	2	889987073
620	859	4	889987657
620	740	5	889987349
620	895	3	889986984
620	928	5	889987825
620	930	2	889987875
620	946	4	889988036
620	63	5	889988232
620	975	3	889987852
620	1035	4	889988232
620	1036	4	889988258
620	924	3	889987164
620	951	3	889988258
620	683	3	889986984
620	35	3	889988340
620	28	4	889988121
620	8	3	889988121
620	1	5	889987954
620	444	3	889987682
620	699	5	889988121
620	465	4	889988232
620	501	4	889988036
620	560	4	889988232
620	452	3	889987604
620	565	4	889987682
620	682	2	889986985
620	678	3	889986642
620	563	5	889987682
620	674	3	889987586
620	627	5	889988037
620	676	3	889987190
620	623	4	889988232
620	596	2	889987954
620	588	5	889988036
621	68	4	880739654
621	73	5	874962772
621	82	5	874964267
621	87	5	874965408
621	108	3	881445012
621	91	3	874965299
621	94	2	874963081
621	95	4	880739654
621	96	5	874963797
621	107	4	880737311
621	67	4	880739654
621	88	2	874962772
621	65	3	885596944
621	17	4	880739965
621	62	4	874964496
621	109	4	880737607
621	2	3	880739909
621	3	5	881444887
621	4	4	874962988
621	7	4	880738353
621	8	5	874965407
621	24	4	880737433
621	25	4	880738699
621	33	4	874962824
621	40	3	874963273
621	41	4	874963273
621	50	5	874965407
621	53	4	874964496
621	55	5	874963594
621	63	1	874963445
621	383	2	874963166
621	121	3	880227385
621	751	4	883799651
621	748	4	880226710
621	746	4	874963028
621	735	4	880739654
621	722	4	881444887
621	692	4	874962614
621	686	5	880739852
621	625	4	874965299
621	624	5	874965093
621	588	3	874965208
621	584	5	874965094
621	578	5	874964604
621	577	3	874963446
621	576	2	874964605
621	568	5	874963797
621	567	3	874964991
621	561	4	874964945
621	559	5	874964915
621	554	4	874964657
621	546	3	880738894
621	542	2	874965093
621	541	4	874964605
621	540	3	874964657
621	539	1	883799884
621	501	3	874965299
621	472	3	880738462
621	755	3	874965299
621	455	4	880738462
621	763	4	880738462
621	779	3	880740296
621	1118	3	874962824
621	1093	4	880738568
621	1047	3	880738080
621	1036	1	874963446
621	1035	4	880739654
621	1029	2	874963210
621	1028	4	880737861
621	1016	4	880737785
621	940	3	874963166
621	926	3	880738894
621	894	1	883800011
621	881	2	883798770
621	879	4	880227012
621	876	2	883799203
621	871	3	881445723
621	833	3	880738462
621	825	3	880738142
621	810	3	874964657
621	804	4	881445120
621	795	1	874963273
621	790	4	874963081
621	780	4	874962824
621	451	1	874963028
621	676	3	880737607
621	240	4	880738893
621	235	3	880738142
621	233	3	874964375
621	231	4	874964375
621	222	4	880736904
621	208	4	874962824
621	200	4	874964816
621	197	4	885596884
621	183	4	874963594
621	180	4	885596944
621	176	3	874963797
621	173	4	874965407
621	172	5	874965407
621	161	3	874964447
621	154	5	881444499
621	151	5	880737929
621	148	4	880739654
621	147	3	880738282
621	143	2	874965208
621	135	5	885596819
621	128	4	880740034
621	125	4	880739654
621	123	4	880738080
621	122	2	880738838
621	241	4	874964604
621	249	5	880738282
621	783	3	874963273
621	257	5	880738699
621	420	4	874965298
621	419	4	874965093
621	417	3	874965299
621	410	4	880738623
621	405	5	880740034
621	404	3	874965496
621	401	1	874963210
621	398	2	874964605
621	250	4	880738568
621	393	3	874962705
621	391	3	874964657
621	384	3	874963081
621	395	4	880739654
621	364	3	874963446
621	263	1	883800011
621	367	3	874962900
621	271	5	880226633
621	273	4	880739654
621	293	3	880227385
621	300	3	890517589
621	268	4	890517367
621	333	4	890517503
628	361	5	880776981
628	690	5	880776981
628	332	5	880777096
628	874	5	880776981
628	938	5	880777095
628	984	5	880776981
628	1296	5	880777096
628	326	5	880777095
628	338	5	880776981
628	845	5	880777167
628	302	5	880776981
628	301	4	880777046
628	300	5	880776981
628	294	4	880777167
628	292	5	880776981
628	288	5	880777096
628	270	5	880776981
628	258	5	880777167
628	242	5	880777096
628	173	3	880777167
628	168	4	880777167
628	8	2	880777167
628	333	5	880777096
631	307	4	888465033
631	877	2	888465131
631	301	4	888465107
631	294	3	888465155
631	288	3	888464916
631	286	3	888465033
631	272	4	888464916
631	310	4	888464980
631	313	4	888464915
631	323	2	888465216
631	332	3	888465180
631	334	2	888464941
631	338	2	888465299
631	346	4	888465004
631	873	2	888465084
631	315	4	888464916
631	682	2	888465247
631	1527	2	888465351
631	886	4	888465216
632	156	3	879457437
632	159	3	879459460
632	161	3	879459053
632	164	4	879458692
632	168	4	879457248
632	194	4	879457712
632	174	5	879457856
632	176	3	879457812
632	181	5	879457016
632	184	5	879458277
632	188	4	879457857
632	69	4	879457371
632	1183	2	879458142
632	845	4	879459677
632	746	3	879459481
632	739	3	879459210
632	735	4	879458649
632	720	3	879459025
632	705	5	879459738
632	150	2	879457525
632	144	4	879457812
632	134	5	879457217
632	68	1	879459394
632	56	3	879458277
632	55	2	879457857
632	54	3	879459304
632	51	4	879459166
632	28	3	879458649
632	25	1	879459418
632	22	4	879457394
632	17	3	879459573
632	12	5	879456910
632	11	4	879458142
632	7	3	879456955
632	2	4	879459505
632	1	3	879458692
632	133	4	879457064
632	132	5	879459738
632	100	3	879457603
632	99	5	879458941
632	684	5	879457903
632	91	3	879459187
632	82	4	879457903
632	81	5	879458834
632	79	5	879457317
632	96	5	879457902
632	203	3	879457217
632	204	4	879458277
632	210	5	879459738
632	215	4	879458834
632	227	3	879459025
632	228	3	879457157
632	233	3	879459441
632	234	3	879457641
632	237	3	879458570
632	275	3	879457582
632	276	2	879457856
632	282	4	879458806
632	288	3	879458977
632	318	5	879456843
632	357	4	879456844
632	367	2	879459544
632	385	4	879458649
632	402	3	879458725
632	404	5	879459544
632	419	4	879457903
632	423	4	879459003
632	468	3	879457925
632	470	4	879459677
632	475	3	879457582
632	483	5	879459738
632	485	4	879457157
632	480	5	879459739
632	195	5	879459738
632	196	3	879457064
632	633	4	879459003
632	591	4	879459053
632	568	3	879458142
632	566	4	879458649
632	550	2	879458900
632	549	3	879459210
632	510	5	879459738
632	508	2	879458570
632	655	3	879457641
632	588	2	879457217
642	252	5	885842962
642	233	4	885606964
642	231	3	886454812
642	225	4	886569942
642	220	4	887663380
642	218	3	886130929
642	217	2	886569659
642	216	3	885603083
642	554	4	885842962
642	204	4	885602593
642	202	3	885842351
642	195	3	885602718
642	186	5	885602739
642	210	5	885842610
642	254	4	886454812
642	235	2	885606047
642	257	5	886131546
642	250	5	886131457
642	259	5	885605095
642	288	1	885604085
642	292	2	887663326
642	575	3	886454901
642	571	3	885606113
642	569	2	886569538
642	181	5	885603699
642	568	4	885606735
642	565	4	886569870
642	249	5	885604805
642	245	4	891317923
642	240	3	885606137
642	570	1	886131332
642	174	5	885842594
642	153	3	885602572
642	172	5	885604299
642	90	4	885606024
642	91	4	885603897
642	94	2	885605909
642	95	5	886131547
642	97	4	885602418
642	99	2	885602446
642	89	2	886455538
642	102	5	885603849
642	110	2	885606048
642	117	4	886131655
642	118	3	885603566
642	120	3	886206256
642	121	5	885842289
642	122	2	885606463
642	125	4	885603586
642	105	5	885606482
642	132	3	885603636
642	166	5	885604434
642	165	4	885604480
642	156	1	886454965
642	155	3	886568726
642	151	3	886568791
642	147	4	885606986
642	143	5	885603018
642	142	4	886569380
642	141	4	886568744
642	139	1	886569417
642	138	4	886570173
642	136	3	885602232
642	135	3	886131953
642	133	5	886206274
642	173	5	885602314
642	423	3	885602506
642	357	2	885603565
642	364	5	885843025
642	365	4	886569922
642	366	4	886131707
642	367	5	885605866
642	368	4	885606271
642	369	2	885606090
642	375	1	886131744
642	376	3	885606194
642	377	3	886569809
642	378	3	885603517
642	383	5	886570062
642	384	5	886131546
642	386	5	885605932
642	391	4	885607143
642	318	2	885602369
642	392	4	886132237
642	313	5	886454784
642	51	5	886132172
642	2	4	885606787
642	4	3	885605768
642	8	5	885603662
642	13	4	886206806
642	15	5	885602314
642	21	5	885605148
642	22	4	885602285
642	28	5	885603636
642	29	5	886454812
642	35	2	886570027
642	38	4	885843141
642	40	4	885605866
642	41	3	885605347
642	44	3	885603870
642	49	4	885605909
642	50	5	885604280
642	395	5	885604187
642	398	2	886454837
642	443	2	885603870
642	444	1	886569417
642	447	4	886569328
642	451	5	885605794
642	452	1	886569699
642	462	4	886455357
642	463	3	885602232
642	465	4	885603932
642	470	4	886206991
642	477	5	886131563
642	485	5	885602612
642	501	2	885603740
642	527	4	886207132
642	441	1	886569942
642	432	2	885602369
642	427	3	886132043
642	88	5	886131546
642	399	3	886131257
642	400	4	886569278
642	401	4	885606178
642	402	4	885603792
642	403	4	886454812
642	404	3	886569122
642	405	3	885606946
642	407	5	885606482
642	542	5	885606609
642	409	5	885605909
642	411	5	885605834
642	416	5	886455469
642	417	3	886568791
642	418	5	885606581
642	419	4	885603537
642	420	4	885606581
642	422	3	885606608
642	410	1	885605988
642	80	5	885606557
642	944	5	885605987
642	946	2	885606581
642	949	1	885605834
642	951	3	886568618
642	955	3	888123262
642	959	5	885605794
642	966	5	886569140
642	969	2	885603662
642	974	3	886569765
642	975	2	886130929
642	993	4	891317955
642	996	2	885605932
642	1014	5	886131547
642	1023	3	885842351
642	1028	4	885605735
642	940	2	886569847
642	82	5	885602285
642	931	4	885606857
642	780	5	885606270
642	783	4	885606024
642	790	4	885605932
642	794	4	886568429
642	795	4	886570173
642	796	4	885605909
642	801	3	885605794
642	812	4	886455357
642	815	4	892241051
642	826	5	888963032
642	832	3	892240991
642	843	3	886569682
642	862	4	892241015
642	864	3	885605987
642	871	3	885605835
642	921	5	885603849
642	928	5	886131546
642	1030	4	886570173
642	1032	4	886569012
642	1033	3	886569278
642	1181	2	885607143
642	1182	2	885606178
642	1185	4	885606024
642	1219	4	885603932
642	1239	4	885607097
642	1285	4	886132043
642	1287	2	885606463
642	1179	3	885606048
642	1311	3	886569715
642	1413	3	886569809
642	1415	4	886569783
642	1425	2	885606024
642	1469	4	886568725
642	1473	4	886568874
642	1480	1	886569922
642	1509	2	885606270
642	1531	3	886569226
642	1336	2	885606520
642	779	3	885843177
642	1178	3	885606067
642	1146	1	886570084
642	1036	4	885606234
642	1037	2	885605866
642	1039	5	885602630
642	1047	3	885606327
642	1049	3	885606271
642	1053	3	886207279
642	1054	3	885606482
642	1055	4	886569483
642	1152	5	886569828
642	1063	3	885603740
642	1078	5	885604239
642	1079	5	885605987
642	1091	4	885606608
642	1095	2	885606271
642	1126	1	885603495
642	1133	3	886569295
642	1136	4	888123195
642	1140	4	886569732
642	775	4	886569570
642	934	2	885606137
642	622	4	886568941
642	609	3	885604859
642	596	5	885604113
642	585	5	885606178
642	581	2	886569209
642	579	4	885606537
642	54	4	886206959
642	56	4	885602656
642	58	3	886131744
642	64	5	885602482
642	65	4	886132172
642	66	5	885603740
642	67	4	885843025
642	68	3	885606765
642	69	5	885602631
642	70	2	886132189
642	71	5	886131547
642	78	3	886570084
642	72	4	885843087
642	623	4	886570010
642	584	4	885842877
642	768	4	885606609
642	759	3	885843824
642	756	5	885604859
642	755	3	885603495
642	625	3	885603932
642	742	5	885602839
642	734	3	886569960
642	732	4	885605538
642	731	5	885605909
642	729	3	885603566
642	726	2	886570131
642	728	4	886131674
642	673	2	886130929
642	679	2	885606986
642	686	5	886131546
642	720	5	885606787
642	723	4	886132088
642	725	4	885606067
642	699	5	886568959
642	628	3	891317897
646	877	3	888529014
646	682	3	888529153
646	683	3	888529014
646	690	3	888528417
646	748	3	888529054
646	750	3	888528902
646	751	2	888528870
646	1022	4	888528955
646	893	3	888529080
646	895	3	888528978
646	908	3	888529054
646	1176	4	888528955
646	1313	3	888529180
646	892	2	888529180
646	678	3	888529127
646	349	2	888529127
646	354	3	888528902
646	258	3	888528417
646	259	3	888528978
646	272	4	888528483
646	288	3	888529127
646	294	2	888528870
646	300	3	888528418
646	880	3	888529127
646	347	2	888528392
646	346	2	888528392
646	332	3	888528870
646	328	3	888528457
646	307	3	888528902
646	315	4	888528483
646	313	5	888528457
674	304	3	887762296
674	313	5	887762296
674	315	3	887762296
674	323	3	887762937
674	405	4	887762861
674	410	3	887763150
674	539	1	887763151
674	597	3	887763150
674	678	3	887762480
674	742	5	887762714
674	300	3	887762296
674	827	4	887762899
674	929	3	887763150
674	1197	3	887763386
674	1620	4	887763035
674	685	3	887762861
674	294	4	887762296
674	117	5	887762861
674	1	4	887762799
674	15	4	887762584
674	25	4	887763035
674	50	4	887762584
674	111	5	887763336
674	292	4	887762415
674	118	3	887763150
674	121	4	887762881
674	125	5	887762779
674	255	4	887763012
674	151	2	887763274
674	127	5	887762799
674	288	3	887762296
674	257	4	887762641
674	289	2	887763151
674	245	4	887762430
674	222	3	887762839
674	181	4	887762603
674	252	2	887763151
700	651	4	884493712
700	423	4	884493943
700	318	4	884494420
700	222	3	884493899
700	202	3	884493899
700	181	5	884493523
700	174	4	884493862
700	56	3	884493899
700	28	3	884493712
700	48	4	884494215
700	50	5	884493899
700	73	3	884494380
700	144	4	884494252
700	98	3	884494215
761	402	3	876189829
761	326	1	876189715
761	358	3	876189689
761	295	4	876190130
761	1287	1	876190072
761	457	1	876189950
761	291	3	876190770
761	458	1	876190623
761	471	3	876190336
761	476	2	876190468
761	455	2	876190439
761	289	2	876189871
761	288	4	876189614
761	283	4	876190160
761	7	4	876190206
761	9	2	876190235
761	50	5	876189795
761	117	5	876190314
761	123	3	876190160
761	125	4	876190798
761	147	4	876190370
761	148	5	876189829
761	151	2	876190394
761	181	5	876190072
761	508	1	876190206
761	201	2	876190511
761	214	1	876190510
761	222	4	876190025
761	235	3	876190182
761	237	5	876190417
761	243	3	876189749
761	245	5	876189715
761	258	4	876189585
761	261	1	876189871
761	263	1	876189950
761	275	4	876190130
761	278	4	876190370
761	205	4	876190511
761	1	1	876190094
761	628	4	876190689
761	546	5	876190468
761	678	2	876189689
761	748	4	876189614
761	864	4	876190336
761	877	2	876189931
761	924	4	876190723
761	840	4	876190753
761	1012	1	876190417
761	1014	1	876190256
761	1152	2	876190623
761	1157	5	876189775
761	1197	3	876190025
761	1272	1	876190160
761	988	1	876189715
761	1277	1	876190752
787	938	3	888979605
787	937	3	888979074
787	906	1	888979721
787	898	3	888979182
787	1024	2	888979606
787	904	3	888979182
787	1433	3	888979181
787	288	1	888979236
787	1671	1	888980193
787	286	3	888979007
787	269	3	888979547
787	268	4	888979007
787	245	3	888980193
787	880	3	888979123
787	879	4	888979721
787	347	4	888979606
787	751	4	888979235
787	345	3	888979007
787	308	3	888979181
787	310	5	888979007
787	313	5	888979547
787	319	3	888979721
787	324	2	888979605
787	326	4	888979547
787	877	2	888980193
787	329	4	888980193
787	331	3	888979235
787	348	4	888979875
787	307	4	888979074
787	305	3	888979721
787	750	5	888979075
787	748	4	888979606
787	691	4	888979123
787	690	5	888979007
787	681	3	888979657
787	362	3	888979657
787	306	3	888979007
787	361	3	888979075
787	352	2	888979657
787	292	3	888979236
787	294	3	888979606
787	351	3	888979657
787	300	4	888979657
787	302	3	888979123
787	304	4	888980193
787	359	3	888979547
813	988	3	883752528
813	901	1	883752708
813	893	3	883752708
813	358	3	883752606
813	890	4	883752708
813	294	1	883752051
813	289	4	883752455
813	270	5	883752380
813	266	2	883752660
813	263	3	883752606
813	259	2	883752528
813	9	3	883752051
813	300	4	883752331
813	304	1	883752380
813	307	4	883752265
813	310	4	883752290
813	326	3	883752380
813	335	2	883752417
813	342	1	883752417
813	538	3	883752380
813	680	2	883752660
813	690	4	883752331
813	750	4	883752264
813	751	5	883752264
813	892	1	883752708
813	271	4	883752455
849	143	5	879695515
849	15	5	879695896
849	118	5	879695153
849	121	5	879695086
849	133	5	879696059
849	172	5	879695469
849	174	5	879695469
849	197	5	879695782
849	207	5	879695680
849	234	5	879695469
849	288	5	879695056
849	406	4	879695125
849	421	5	879695588
849	427	4	879695317
849	568	4	879695317
849	38	5	879695420
849	928	5	879695153
849	625	5	879695420
849	27	5	879695469
851	1034	1	875731105
851	1047	3	874789005
851	1051	2	875730279
851	1059	3	875730533
851	1094	1	875730455
851	1095	3	875731105
851	1105	4	890862961
851	1120	2	890343707
851	1132	3	875730757
851	841	3	875730757
851	1028	3	875730686
851	159	3	875806953
851	157	4	875731605
851	153	3	875806683
851	147	4	874728461
851	875	5	884205151
851	879	4	875729820
851	880	3	886534617
851	895	3	886534529
851	912	4	891961214
851	915	5	893090752
851	916	3	891961195
851	925	3	875731022
851	930	3	875730312
851	932	3	875730455
851	1025	2	884205201
851	1023	3	875730601
851	1014	3	874767408
851	1245	4	875730826
851	987	1	875730601
851	983	2	875731021
851	981	1	875730826
851	979	3	875730244
851	977	3	875730533
851	975	2	875731105
851	845	3	874767408
851	984	3	874809850
851	1254	1	875730895
851	1598	3	886534882
851	1276	2	875730601
851	92	5	875806791
851	79	4	875731722
851	71	4	875731567
851	68	3	875731722
851	56	5	875731489
851	50	5	891961663
851	31	4	875807058
851	23	4	875806721
851	22	5	875731330
851	11	5	875731441
851	10	3	875730030
851	9	4	875730379
851	8	4	875731776
851	95	4	875731282
851	109	4	875730379
851	111	3	874767408
851	1277	2	875730418
851	1287	1	875731105
851	1291	2	875730979
851	1314	1	890862741
851	1337	3	875730719
851	1376	2	875730895
851	160	5	875731224
851	1258	3	890343790
851	1675	3	884222085
851	144	5	875806849
851	129	4	875730379
851	128	4	875731330
851	125	4	875730826
851	123	4	875730379
851	122	2	875731105
851	121	4	874728565
851	1676	2	875731674
851	161	3	875731490
851	174	5	875731776
851	619	4	875730629
851	597	4	875730686
851	595	3	875731021
851	591	5	891961663
851	588	4	875731529
851	564	3	875806892
851	553	4	875731225
851	172	5	875731567
851	531	3	875731189
851	527	5	891961663
851	483	4	875806721
851	472	3	875730312
851	456	2	875730719
851	455	3	875730379
851	435	4	875731225
851	412	2	875731105
851	411	3	875731021
851	410	4	875730379
851	866	3	875730895
851	367	2	875731674
851	363	4	875730629
851	355	4	888540240
851	682	1	890804746
851	840	3	875731105
851	833	3	875731105
851	831	5	875731105
851	828	2	875730482
851	825	4	875730533
851	824	4	874767550
851	823	3	875730532
851	820	3	875730947
851	818	2	875730279
851	815	3	874767550
851	806	4	875731330
851	772	3	875807019
851	760	4	875730418
851	748	3	874788804
851	742	5	874767519
851	717	3	874728598
851	696	3	874728338
851	693	5	875731816
851	690	4	891961166
851	685	4	875731022
851	681	1	886534672
851	353	3	890862878
851	544	4	874728396
851	349	3	890862917
851	284	3	874728338
851	273	5	891961663
851	272	5	891961663
851	271	5	883148692
851	266	3	886534672
851	264	2	890343477
851	262	4	890343320
851	261	3	877831111
851	258	4	883148669
851	252	3	875730418
851	250	5	875730379
851	248	4	875730379
851	240	4	875730629
851	238	5	875731330
851	231	4	875807019
851	352	1	890343544
851	223	4	875731567
851	204	4	875731567
851	193	4	875731722
851	192	4	875731441
851	182	5	875731406
851	180	5	875731605
851	176	4	875731816
851	286	4	883148669
851	290	4	874728430
851	228	4	875731776
851	347	5	891961663
851	346	5	884831499
851	343	2	883148773
851	342	2	888540205
851	340	5	883148669
851	336	4	890804691
851	333	5	890862741
851	332	1	884205263
851	331	3	877830970
851	330	3	884205246
851	405	5	874767550
851	327	4	890804671
851	328	3	886534572
851	298	5	875730379
851	303	4	890804569
851	301	3	890343401
851	307	4	878574215
851	310	5	891961663
851	313	4	883148627
851	318	5	891961664
851	326	3	891961717
851	304	3	877831020
859	294	3	885775218
859	288	4	885776056
859	287	5	885775358
859	276	4	885776056
859	257	2	885775330
859	249	5	885775086
859	151	2	885775067
859	368	3	885775880
859	25	4	885776056
859	15	4	885776056
859	3	5	885775513
859	275	3	885774828
859	381	4	885776352
859	762	5	885775437
859	421	5	885776384
859	1326	4	885775859
859	1315	4	885775251
859	1281	3	885774937
859	1132	3	885775513
859	1095	2	885775513
859	1061	4	885776056
859	1048	3	885775767
859	1008	4	885776056
859	955	5	885776352
859	928	3	885775473
859	846	5	885775612
859	763	4	885775699
859	535	5	885774867
859	476	5	885775727
859	475	4	885776056
859	410	4	885776056
863	258	5	889289122
863	898	1	889288973
863	895	5	889289385
863	885	1	889289456
863	882	4	889289570
863	879	2	889289123
863	876	2	889289457
863	873	2	889289491
863	872	2	889289240
863	754	3	889289067
863	751	4	889289122
863	750	4	889288973
863	749	2	889289419
863	691	3	889289067
863	682	3	889289491
863	538	2	889289122
863	362	1	889289122
863	900	3	889289067
863	361	5	889289618
863	901	1	889288972
863	903	3	889289570
863	1680	2	889289570
863	1678	1	889289570
863	1607	2	889288973
863	1434	2	889289618
863	1431	4	889289618
863	1395	4	889289491
863	1313	1	889289067
863	1294	4	889289618
863	1243	4	889289277
863	1234	3	889289619
863	1127	4	889289157
863	1062	4	889289570
863	1038	1	889289327
863	1024	3	889289619
863	1022	2	889289569
863	910	2	889289570
863	909	3	889289619
863	908	1	889289240
863	906	4	889289570
863	242	4	889289570
863	359	3	889289158
863	354	1	889289191
863	306	5	889289570
863	305	4	889289122
863	304	3	889289240
863	303	1	889288911
863	302	4	889288910
863	301	4	889289240
863	300	5	889289157
863	294	4	889289327
863	289	4	889289457
863	288	4	889288911
863	286	5	889289191
863	272	5	889288910
863	271	4	889289191
863	270	3	889288943
863	269	3	889288973
863	268	5	889289240
863	264	3	889289385
863	262	3	889289618
863	259	1	889289240
863	315	5	889288910
863	355	4	889289419
863	316	5	889289419
863	321	4	889289157
863	352	1	889289491
863	350	1	889289457
863	348	2	889289456
863	347	2	889289067
863	346	5	889288911
863	344	4	889289456
863	343	5	889289328
863	342	1	889289241
863	340	3	889288911
863	339	3	889289353
863	336	2	889289327
863	333	5	889289123
863	332	4	889288943
863	331	4	889289278
863	330	2	889289191
863	329	2	889289157
863	328	5	889288943
863	326	5	889289157
880	42	5	880174808
880	180	5	880241822
880	56	5	880167731
880	55	3	880167778
880	54	3	880242503
880	53	4	880168411
880	50	5	880167175
880	49	3	880174858
880	47	4	880174730
880	41	1	880175239
880	39	4	880167731
880	38	3	880168411
880	33	3	880167880
880	31	4	880243629
880	29	2	880167965
880	28	5	880175690
880	27	3	880167965
880	25	4	880166938
880	40	2	880174904
880	63	3	880174926
880	64	5	880175646
880	65	4	880241977
880	95	3	880241219
880	93	4	880174623
880	92	4	880167778
880	90	3	880174858
880	88	3	880174705
880	85	3	880174904
880	81	4	880242094
880	80	2	880175050
880	79	4	880167670
880	71	4	880241289
880	70	4	880174677
880	69	4	880175646
880	68	5	880167843
880	24	3	880167175
880	23	5	880175735
880	21	2	880174961
880	347	5	892958301
880	348	4	892958376
880	363	4	880167200
880	365	2	880242660
880	366	2	880242257
880	367	4	880174730
880	368	1	880175503
880	369	1	880175503
880	375	1	880242782
880	376	3	880175239
880	379	4	880241434
880	380	3	880242281
880	383	3	880243147
880	384	3	880175157
880	329	4	892958250
880	96	4	880167695
880	328	4	880166557
880	318	5	880241746
880	17	3	880174808
880	12	5	880175622
880	11	4	880167695
880	7	3	880166872
880	5	3	880241379
880	4	4	880167843
880	2	3	880167732
880	1	4	880166744
880	299	4	892958517
880	301	4	880166557
880	302	5	880166451
880	307	4	892958090
880	310	3	892958036
880	315	5	892958175
880	316	5	892958128
880	327	3	880166475
880	98	5	880241327
880	99	3	880241219
880	294	4	880166557
880	239	4	880174808
880	238	4	880174652
880	237	4	880166798
880	235	3	880166990
880	234	5	880241327
880	233	4	880167918
880	230	3	880167732
880	228	3	880167843
880	227	2	880167918
880	222	4	880166990
880	218	4	880241355
880	217	4	880241411
880	210	4	880167670
880	208	5	880174652
880	293	4	880166872
880	204	5	880174652
880	288	4	880166451
880	284	4	880242528
880	245	2	892958350
880	246	5	892958837
880	249	4	880166966
880	250	3	880167521
880	252	2	880167551
880	254	2	880167599
880	257	5	880167521
880	258	4	880166499
880	260	4	892958484
880	268	5	892958128
880	269	4	892958090
880	273	5	880166770
880	276	4	880166872
880	280	2	880243204
880	281	4	880167384
880	287	4	892958966
880	385	4	880167843
880	200	4	880241355
880	147	4	880167224
880	144	5	880167670
880	140	4	880243001
880	137	4	880166827
880	128	3	880167806
880	124	5	880166847
880	123	4	880167247
880	122	3	880175208
880	120	2	880175503
880	118	3	880167551
880	117	4	880166872
880	109	4	880167114
880	100	5	880166966
880	201	4	880174834
880	151	4	880242848
880	158	2	880175128
880	195	4	880167670
880	194	5	880174623
880	188	4	880167842
880	187	5	880167671
880	186	4	880174808
880	185	5	880241355
880	182	5	880167670
880	181	5	880166719
880	295	5	892958887
880	177	5	880167778
880	174	4	880167670
880	173	3	880174780
880	172	5	880167695
880	168	3	880174623
880	156	4	880243680
880	386	3	880174995
880	928	2	880167435
880	930	2	880167551
880	931	3	880243564
880	940	3	880175157
880	948	4	880166662
880	956	3	880242380
880	976	2	880243588
880	986	3	880167569
880	992	4	892959014
880	1001	2	880167435
880	1012	4	880166827
880	1013	3	880167355
880	1014	4	892959041
880	1016	4	880167223
880	1017	3	880175077
880	1030	2	880243147
880	926	3	880167328
880	1035	4	880242933
880	902	4	892958301
880	879	3	880166529
880	794	4	880243265
880	801	3	880175239
880	802	3	880167918
880	810	3	880168411
880	815	4	893028814
880	818	2	880175468
880	820	3	880167384
880	823	3	880167435
880	824	4	880174879
880	825	4	880167288
880	826	3	880167551
880	831	4	880167411
880	841	3	880167411
880	849	3	880167918
880	881	4	892958401
880	793	4	880174677
880	1044	4	880242577
880	1222	4	880168411
880	1224	3	880242632
880	1225	2	880174834
880	1244	3	880167411
880	1267	4	880242356
880	1270	3	880175187
880	1276	3	880167384
880	1291	3	880175468
880	1415	2	880243093
880	1423	3	880175577
880	1446	4	880174705
880	1468	4	880242139
880	1478	3	880242547
880	1518	2	880242422
880	1217	3	880243712
880	1041	4	880175128
880	1664	4	892958799
880	1210	4	880243790
880	1047	3	880175157
880	1049	3	892959087
880	1052	1	880175503
880	1059	4	880166939
880	1093	3	880167384
880	1095	3	880175503
880	1119	3	880242028
880	1134	5	880241609
880	1139	4	880242577
880	1151	3	880167454
880	1184	3	880167806
880	1185	1	880174995
880	1188	2	880167880
880	1197	3	880167151
880	1215	1	880167599
880	791	2	880174961
880	783	1	880175187
880	473	3	880167132
880	475	4	880166798
880	476	3	880175444
880	477	3	880166966
880	527	4	880241943
880	541	2	880167918
880	546	3	880167410
880	549	4	880243230
880	550	4	880167880
880	554	3	880168411
880	556	3	880242451
880	566	3	880167880
880	570	3	880167965
880	571	2	880175187
880	575	3	880175077
880	577	3	880175207
880	471	4	880167114
880	579	3	880243882
880	470	4	880242306
880	467	4	880241821
880	394	3	880243319
880	398	3	880167965
880	401	3	880175077
880	402	3	880242115
880	407	1	880175503
880	409	2	880243069
880	410	4	880166938
880	411	4	880167328
880	412	3	880167306
880	418	4	880241256
880	421	2	880243204
880	435	4	880167778
880	451	2	880243230
880	456	3	880175270
880	461	4	880175666
880	790	3	880175050
880	584	3	880242933
880	588	4	880241219
880	722	3	880174904
880	728	4	880243410
880	731	4	880175023
880	732	4	880174652
880	742	4	880166847
880	746	4	892959246
880	755	3	880242848
880	761	4	880167965
880	762	4	893028813
880	763	3	880167247
880	768	2	880242848
880	769	3	880241492
880	770	4	880167880
880	771	3	880243848
880	779	3	880167965
880	780	3	880175157
880	721	1	880174749
880	720	2	880167965
880	591	4	880166990
880	595	1	880243541
880	597	3	880167436
880	603	5	880243629
880	619	4	880243499
880	623	4	880243069
880	625	4	880242933
880	627	3	880241256
880	651	5	880167695
880	657	4	880243629
880	684	4	880167778
880	685	4	880167083
880	689	4	880166577
880	692	3	880174652
880	693	5	880242191
880	719	3	880174961
880	240	4	880167151
887	378	5	881381207
887	368	5	881381679
887	365	5	881381610
887	318	5	881379649
887	294	5	881378219
887	284	4	881378669
887	279	5	881378478
887	258	1	881377893
887	257	5	881377854
887	252	4	881378972
887	243	1	881378370
887	228	4	881380709
887	225	4	881379094
887	274	1	881378478
887	393	4	881381114
887	405	5	881378439
887	473	4	881378896
887	472	4	881378402
887	470	3	881380773
887	465	5	881381307
887	455	5	881378620
887	443	4	881380883
887	431	3	881379685
887	404	4	881381071
887	427	5	881379718
887	421	5	881379954
887	420	5	881381425
887	419	2	881379748
887	418	4	881380025
887	416	2	881380539
887	411	4	881379059
887	410	4	881378040
887	218	5	881381471
887	206	5	881381471
887	109	5	881378289
887	105	3	881379009
887	98	3	881379345
887	96	4	881380403
887	95	4	881379718
887	91	5	881380884
887	90	5	881381071
887	111	5	881378370
887	87	5	881380335
887	72	4	881381471
887	71	5	881380996
887	69	4	881380025
887	65	5	881381679
887	56	5	881381382
887	50	5	881377758
887	47	5	881381679
887	38	5	881381503
887	84	4	881381114
887	115	5	881380218
887	118	5	881378289
887	121	5	881378370
887	204	5	881380067
887	202	5	881379346
887	195	4	881380438
887	187	4	881381610
887	183	1	881379449
887	180	4	881380177
887	176	5	881381348
887	168	4	881380067
887	164	4	881380139
887	151	5	881378325
887	143	5	881379781
887	142	1	881381207
887	140	5	881381425
887	128	5	881380218
887	127	3	881377854
887	125	5	881377933
887	122	5	881379239
887	477	1	881378570
887	491	2	881379566
887	471	3	881377972
887	1116	5	881381610
887	496	4	881379685
887	1079	1	881378773
887	1063	1	881380404
887	1051	4	881378773
887	1047	5	881378773
887	1035	5	881381740
887	1033	4	881379295
887	1029	5	881381740
887	1015	5	881377933
887	1012	1	881378153
887	1120	5	881378439
887	1136	5	881381071
887	1278	2	881378087
887	8	4	881380025
887	9	2	881378118
887	13	1	881378928
887	24	5	881378219
887	25	2	881378537
887	28	5	881379522
887	1	5	881377972
887	1540	5	881380739
887	1496	4	881380996
887	1383	4	881379239
887	946	4	881381348
887	932	2	881379009
887	699	1	881379566
887	697	1	881380623
887	655	1	881379609
887	633	5	881380584
887	609	4	881381207
887	597	5	881378325
887	596	5	881378118
887	934	4	881379188
887	562	5	881381071
887	578	4	881381610
887	588	4	881380298
887	710	5	881380709
887	673	5	881381382
887	755	5	881381425
887	839	4	881379566
887	720	5	881380813
887	926	5	881378537
887	928	5	881378620
887	929	1	881379059
887	832	2	881379059
887	931	3	881379009
887	826	1	881379239
887	760	5	881378669
887	756	5	881379094
904	237	5	879735551
904	1152	4	879735551
904	300	4	879735109
904	289	5	879735177
904	280	5	879735678
904	278	5	879735616
904	275	5	879735461
904	274	5	879735551
904	255	5	879735380
904	328	2	879735136
904	1041	2	879735710
904	628	3	879735362
904	796	3	879735710
904	402	4	879735679
904	421	5	879735772
904	451	4	879735584
904	535	3	879735404
904	553	3	879735710
904	603	4	879735843
904	682	4	879735158
904	815	4	879735678
904	709	3	879735499
904	736	4	879735499
904	739	4	879735678
904	747	4	879735584
904	762	2	879735617
904	778	3	879735678
904	781	4	879735678
904	794	4	879735710
904	724	4	879735616
904	216	4	879735461
904	732	3	879735584
904	181	3	879735362
904	202	2	879735584
904	9	4	879735316
904	88	3	879735710
904	90	2	879735731
904	66	4	879735641
904	111	4	879735641
904	117	4	879735316
904	173	3	879735499
904	97	4	879735678
925	288	5	884633224
925	325	4	884633349
925	324	4	884633348
925	323	4	884633287
925	299	3	884717478
925	260	3	884717669
925	56	3	884717963
925	219	3	884718099
925	218	4	884717862
925	5	4	884718156
925	98	4	884717862
925	245	3	884633287
925	332	4	884717404
925	561	3	884718100
925	447	4	884717963
925	558	1	884718099
925	559	3	884717963
925	563	2	884718204
925	567	3	884718156
925	672	3	884718099
925	682	4	884717586
925	773	1	884717862
925	788	3	884718204
925	876	3	884717404
925	948	2	884717790
925	217	2	884718100
925	200	2	884717963
