30	304	4	875988548
30	294	4	875140648
30	301	4	875988577
30	313	5	885941156
30	315	4	885941412
30	319	4	875060217
30	321	4	875988547
30	403	2	875061066
30	435	5	885941156
30	678	2	885942002
30	683	3	885941798
30	688	3	885941492
30	751	3	884310551
30	873	1	875061066
30	892	4	884310496
30	289	2	876847817
30	286	5	885941156
30	258	5	885941156
30	2	3	875061066
30	7	4	875140648
30	28	4	885941321
30	29	3	875106638
30	69	5	885941156
30	82	4	875060217
30	161	4	875060883
30	172	4	875060742
30	174	5	885941156
30	181	4	875060217
30	231	2	875061066
30	242	5	885941156
30	252	3	875140740
30	164	4	875060217
30	1013	3	875060334
30	780	4	875060217
52	121	4	882922382
52	318	5	882922974
52	333	4	882922038
52	427	5	882922833
52	473	4	882922661
52	475	4	882922357
52	126	5	882922589
52	527	5	882922927
52	531	5	882922833
52	588	4	882922927
52	657	5	882922833
52	742	4	882922540
52	762	3	882922806
52	815	4	882922357
52	864	3	882922661
52	919	5	882922140
52	1009	5	882922328
52	1011	4	882922588
52	1085	4	882922454
52	1086	4	882922562
52	302	4	882922065
52	288	3	882922454
52	498	5	882922948
52	117	4	882922629
52	116	4	882922328
52	287	5	882922357
52	107	4	882922540
52	100	4	882922204
52	95	4	882922927
52	93	4	882922357
52	25	5	882922562
52	22	5	882922833
52	15	5	882922204
52	7	5	882922204
52	111	4	882922357
52	191	5	882923031
52	151	5	882922249
52	282	4	882922302
52	277	5	882922661
52	275	4	882922328
52	280	3	882922806
52	250	3	882922661
52	237	4	882922227
52	235	2	882922806
52	204	4	882923012
52	257	3	882922806
57	204	4	883698272
57	222	5	883698581
57	225	3	883698039
57	237	4	883697182
57	240	2	883697512
57	243	3	883696547
57	245	4	883696709
57	249	5	883697704
57	252	2	883697807
57	282	5	883697223
57	258	5	883698581
57	271	3	883696672
57	281	4	883697404
57	288	4	883696347
57	294	4	883696547
57	298	3	883697293
57	304	5	883698581
57	199	5	883698646
57	257	5	883698580
57	926	3	883697831
57	181	5	883697352
57	318	5	883698580
57	8	4	883698292
57	11	3	883698454
57	15	4	883697223
57	28	4	883698324
57	42	5	883698324
57	50	5	883697105
57	56	3	883698646
57	64	5	883698431
57	79	5	883698495
57	100	5	883698581
57	105	3	883698009
57	111	4	883697679
57	117	4	883697512
57	121	4	883697432
57	125	3	883697223
57	126	3	883697293
57	144	3	883698408
57	151	3	883697585
57	168	3	883698362
57	173	5	883698408
57	194	4	883698272
57	321	4	883696629
57	405	4	883697459
57	831	1	883697785
57	833	4	883697705
57	844	2	883697134
57	845	4	883697253
57	864	3	883697512
57	866	3	883697915
57	871	3	883697536
57	932	3	883697585
57	975	3	883697990
57	988	4	883696785
57	1011	3	883697761
57	1016	4	883697730
57	1028	3	883697432
57	1047	4	883697679
57	1059	3	883697432
57	1071	3	883698324
57	1073	3	883698525
57	1093	3	883697352
57	7	4	883697105
57	1095	2	883698062
57	1096	3	883697940
57	826	2	883697990
57	409	4	883697655
57	410	3	883697378
57	411	4	883697679
57	475	2	883697223
57	477	4	883697655
57	496	4	883698362
57	546	4	883697482
57	588	4	883698454
57	597	3	883697378
57	678	3	883696547
57	710	3	883698324
57	717	4	883697960
57	744	5	883698581
57	748	4	883696629
57	756	3	883697730
57	760	2	883697617
57	820	3	883698039
57	1	5	883698581
67	1	3	875379445
67	833	4	875379794
67	1093	5	875379419
67	1052	3	875379419
67	1047	3	875379750
67	827	3	875379322
67	756	3	875379566
67	743	4	875379445
67	546	3	875379288
67	472	4	875379706
67	412	1	875379540
67	405	5	875379794
67	276	4	875379515
67	240	5	875379566
67	235	3	875379643
67	151	4	875379619
67	147	3	875379357
67	125	4	875379643
67	123	4	875379322
67	122	3	875379566
67	121	4	875379683
67	117	5	875379794
67	105	4	875379683
67	64	5	875379211
67	25	4	875379420
67	1095	4	875379287
67	24	4	875379729
101	288	4	877137015
101	845	3	877136302
101	841	2	877136763
101	840	3	877136659
101	831	3	877136954
101	829	3	877136138
101	826	3	877136686
101	820	3	877136954
101	819	1	877136424
101	815	3	877136392
101	304	3	877135677
101	1	3	877136039
101	7	3	877135944
101	24	4	877136391
101	50	4	877135944
101	109	2	877136360
101	117	4	877136067
101	118	3	877136424
101	121	4	877137015
101	122	1	877136928
101	123	2	877136186
101	125	4	877137015
101	866	4	877137015
101	1132	3	877136954
101	1093	1	877136360
101	1057	2	877136789
101	763	3	877136789
101	742	4	877136302
101	597	3	877136928
101	595	2	877136391
101	546	4	877137015
101	471	3	877136535
101	412	2	877136842
101	369	2	877136928
101	411	2	877136891
101	370	2	877136711
101	924	4	877136535
101	975	2	877136659
101	979	2	877136711
101	1009	2	877136598
101	1051	2	877136891
101	151	3	877136628
101	147	4	877136506
101	222	3	877136243
101	282	3	877135883
101	284	4	877136564
101	181	4	877137015
101	281	2	877136842
101	280	3	877136039
101	257	4	877137015
101	252	3	877136628
101	237	5	877137015
101	225	3	877136814
142	346	5	888639815
142	350	4	888639882
142	358	2	888640178
142	408	4	888640379
142	514	5	888640317
142	147	1	888640356
142	134	5	888640356
142	91	5	888640404
142	89	3	888640489
142	82	4	888640356
142	55	2	888640489
142	42	4	888640489
142	28	4	888640404
142	7	4	888640489
142	294	3	888640054
142	176	5	888640455
142	181	5	888640317
142	268	5	888639837
142	288	3	888639837
142	315	3	888639837
142	186	4	888640430
179	751	1	892151565
179	258	5	892151270
179	682	5	892151459
179	538	4	892151231
179	362	1	892151231
179	354	4	892151331
179	353	1	892151270
179	347	3	892151064
179	902	1	892151064
179	905	4	892151331
179	914	5	892151174
179	916	5	892151064
179	917	3	892151231
179	1127	1	892151270
179	1316	3	892151489
179	269	3	892151064
179	750	1	892151270
179	271	1	892151565
179	893	2	892151565
179	346	3	892151489
179	345	1	892151565
179	340	4	892151064
179	339	1	892151366
179	331	2	892151331
179	321	1	892151331
179	316	5	892151202
179	313	4	892151270
179	310	4	892151365
179	307	3	892151565
179	305	4	892151270
179	303	1	892151270
179	691	3	892151331
179	301	4	892151565
179	300	4	892151231
179	302	4	892151173
206	362	1	888180018
206	361	1	888180082
206	1175	1	888180049
206	360	1	888180081
206	359	1	888179980
206	346	5	888179981
206	343	1	888179788
206	333	4	888179565
206	326	1	888179713
206	315	5	888180018
206	313	5	888179565
206	309	2	888179647
206	302	5	888180227
206	300	1	888179565
206	294	2	888179694
206	288	5	888179565
206	272	5	888179565
206	269	4	888180018
206	262	1	888180049
206	258	4	888179602
206	245	1	888179772
206	242	3	888180049
206	310	5	888179625
206	1432	1	888180082
206	1433	1	888180049
206	678	1	888179833
206	682	3	888179694
206	690	2	888179694
206	691	1	888180081
206	749	2	888179980
206	750	3	888179981
206	873	3	888179833
206	882	1	888180049
206	889	2	888180081
206	895	5	888179788
206	1431	1	888180018
206	900	1	888179980
206	896	4	888180018
206	904	1	888180081
206	1429	1	888180018
206	1395	1	888180081
206	1394	1	888179981
206	1313	1	888179981
206	1233	1	888180018
206	1127	4	888180081
206	1062	3	888180018
206	1024	1	888180049
206	1022	1	888179980
206	990	1	888179913
257	1472	2	880496943
257	1260	2	880496892
257	1462	5	879547695
257	14	5	879029742
257	1160	4	882049973
257	50	5	882049897
257	289	4	879029543
257	288	3	879029516
257	286	5	879029516
257	276	5	882049973
257	275	4	879029716
257	258	3	879029516
257	245	4	884151807
257	237	2	882050168
257	224	4	879029717
257	221	3	882050202
257	198	3	880496822
257	181	5	882050131
257	165	4	879547534
257	151	4	882050266
257	137	4	882049932
257	129	4	880008245
257	113	4	879547534
257	100	5	882049950
257	86	4	879547655
257	70	4	880496892
257	61	5	879547534
257	60	5	879547440
257	59	5	879547440
257	301	3	879029620
257	166	4	880496522
257	313	5	884151683
257	676	4	882050006
257	921	5	883982173
257	936	4	882050151
257	949	3	880496958
257	1008	5	882050187
257	307	4	879029581
257	582	5	879547608
257	57	5	879547717
257	475	5	879029716
257	405	3	882050397
257	381	5	880496690
257	345	4	887066556
257	324	5	879029543
270	319	5	876955633
270	335	3	876953900
270	356	3	876956064
270	370	5	876956232
270	324	2	876954733
270	327	5	876953900
270	387	5	876955689
270	306	5	876953744
270	443	3	876955976
270	452	4	876956264
270	471	5	876954223
270	475	5	876954122
270	509	3	876954965
270	531	4	876954945
270	535	5	876954123
270	546	4	876954484
270	379	5	876956232
270	295	5	876954248
270	268	5	876953745
270	286	5	876953744
270	253	5	876954733
270	251	5	876954752
270	257	4	876954223
270	250	2	876954223
270	244	3	876954004
270	242	5	876953744
270	241	5	876955633
270	237	1	876954484
270	234	5	876955976
270	288	5	876953827
270	230	3	876955868
270	222	5	876954521
270	219	5	876956389
270	218	5	876956206
270	258	3	876953744
270	265	4	876956137
270	275	5	876954248
270	279	5	876954093
270	281	5	876956137
270	282	3	876954093
270	283	5	876954456
270	226	4	876956038
270	727	5	876955563
270	558	5	876954927
270	747	5	876955662
270	778	5	876955711
270	781	5	876955750
270	800	5	876956106
270	815	4	876954522
270	860	5	876956464
270	217	5	876956360
270	1471	4	876956264
270	1210	5	876956264
270	742	2	876954248
270	1148	5	876955042
270	1074	5	876955770
270	1073	5	876955202
270	1014	4	876954062
270	1009	5	876954522
270	1007	5	876954036
270	943	5	876956038
270	928	4	876956137
270	872	5	876953827
270	869	1	876955633
270	741	5	876953967
270	740	5	876954062
270	739	4	876955729
270	559	5	876956442
270	563	3	876956442
270	566	5	876955939
270	569	4	876956419
270	574	3	876956038
270	581	5	876955938
270	582	3	876955087
270	583	5	876956038
270	584	5	876955067
270	596	5	876954456
270	603	5	876955868
270	665	4	876956419
270	671	4	876956360
270	684	4	876955938
270	694	5	876954927
270	707	5	876954927
270	714	4	876954965
270	716	4	876955563
270	722	4	876955689
270	736	5	876955087
270	554	1	876956264
270	213	5	876955067
270	121	4	876954093
270	185	5	876955938
270	79	4	876955938
270	70	5	876955066
270	66	4	876955531
270	86	4	876955067
270	56	5	876955976
270	50	5	876954004
270	26	5	876954995
270	17	2	876956064
270	7	4	876954004
270	5	5	876956064
270	53	4	876956106
270	88	5	876955711
270	25	5	876954456
270	93	5	876954522
270	90	5	876955770
270	183	5	876955938
270	181	4	876954036
270	176	4	876955976
270	173	5	876955531
270	164	5	876956137
270	159	4	876956233
270	200	5	876956360
270	155	5	876955770
270	148	4	876954062
270	156	5	876955899
270	145	3	876956419
270	123	5	876954223
270	118	3	876956038
270	98	5	876955868
270	97	4	876955633
281	338	2	881200457
281	342	1	881200789
281	538	4	881200520
281	682	3	881200519
281	748	5	881200745
281	333	3	881200457
281	877	4	881200643
281	938	2	881200789
281	690	5	881200264
281	332	4	881200603
281	322	4	881200789
281	323	3	881200789
281	258	2	881200457
281	259	3	881200789
281	271	5	881200457
281	288	4	881200264
281	300	4	881200643
281	301	3	881200643
281	310	4	881200264
289	410	2	876790361
289	849	4	876789943
289	21	1	876790499
289	742	4	876789463
289	685	4	876789373
289	477	2	876790323
289	455	4	876790464
289	405	2	876790576
289	282	3	876789180
289	254	1	876790734
289	147	3	876789581
289	125	2	876789373
289	121	3	876789736
289	117	4	876789514
289	24	4	876790292
289	926	3	876790611
289	1016	5	876789843
289	15	3	876789581
289	1	3	876789736
341	259	3	890758051
341	288	4	890757686
341	292	5	890757659
341	294	3	890757997
341	299	5	890757745
341	330	5	890758113
341	872	4	890757841
341	682	3	890757961
341	1025	5	890757961
341	1280	2	890757782
341	877	3	890758113
341	880	5	890757997
341	881	5	890757961
341	887	5	890757745
341	876	4	890757886
341	948	3	890758169
341	895	4	890757961
341	335	4	890757782
347	829	4	881653155
347	827	1	881653266
347	831	1	881653340
347	841	3	881652769
347	871	4	881653300
347	879	3	881652099
347	926	1	881654846
347	928	3	881653176
347	930	2	881653340
347	943	4	881654545
347	959	5	881654545
347	763	5	881652837
347	692	4	881654679
347	693	5	881654156
347	696	4	881653266
347	699	1	881654480
347	820	2	881653340
347	735	2	881654134
347	742	5	881652610
347	748	2	881652142
347	721	5	881654715
347	685	3	881652684
347	290	3	881653132
347	291	5	881652746
347	293	5	881652709
347	294	1	881652142
347	298	5	881652590
347	300	5	881652054
347	317	1	881654409
347	318	3	881653563
347	323	1	881652142
347	324	1	881652230
347	328	4	881652077
347	333	5	881652077
347	356	5	881654134
347	357	5	881653774
347	363	1	881653244
347	288	5	881652118
347	286	3	881652054
347	282	5	881652590
347	237	4	881652629
347	239	5	881654591
347	240	5	881653300
347	241	3	881654386
347	245	5	881652230
347	246	4	881652417
347	249	5	881652683
347	369	4	881653300
347	252	2	881653176
347	260	1	881652250
347	268	4	881652169
347	273	5	881652456
347	276	3	881652657
347	280	4	881652657
347	257	4	881652610
347	371	1	881654715
347	386	1	881654846
347	472	5	881652813
347	475	4	881652417
347	508	3	881652629
347	544	4	881652862
347	546	4	881653059
347	550	5	881654734
347	588	3	881654321
347	597	3	881652788
347	609	4	881654064
347	627	4	881654545
347	655	5	881653973
347	977	5	881653224
347	470	5	881654301
347	468	2	881654825
347	465	3	881654825
347	392	2	881654592
347	403	5	881654386
347	404	4	881654846
347	410	5	881653059
347	416	3	881654715
347	385	4	881654101
347	418	4	881654134
347	423	4	881654567
347	427	4	881654004
347	432	4	881653973
347	435	5	881654211
347	455	2	881653087
347	460	3	881652888
347	982	1	881652709
347	235	2	881653224
347	233	5	881654653
347	230	4	881654101
347	227	4	881654734
347	226	4	881653890
347	223	4	881653669
347	216	3	881653933
347	210	4	881653973
347	208	2	881654480
347	204	4	881653830
347	203	5	881654232
347	202	4	881654211
347	200	4	881654452
347	195	4	881653603
347	192	4	881653798
347	95	4	881654410
347	188	5	881654480
347	91	1	881654679
347	85	5	881654880
347	25	2	881652684
347	28	4	881654612
347	31	5	881654321
347	50	5	881652456
347	55	5	881653603
347	65	2	881654679
347	69	5	881653687
347	70	2	881654428
347	73	2	881654773
347	76	5	881654679
347	77	5	881654386
347	79	5	881653890
347	82	5	881654269
347	24	3	881652657
347	187	5	881653652
347	183	3	881654232
347	137	2	881652568
347	127	5	881652434
347	125	5	881652568
347	123	3	881654301
347	106	2	881652813
347	105	2	881653198
347	100	3	881652417
347	99	3	881654591
347	98	5	881654359
347	97	4	881654101
347	96	4	881653775
347	186	5	881653912
347	147	4	881652710
347	151	3	881652480
347	182	5	881653736
347	181	5	881652377
347	177	5	881654386
347	176	3	881653866
347	174	4	881654248
347	173	2	881654503
347	172	5	881653933
347	168	5	881653798
347	163	4	881654801
347	159	4	881654635
347	158	3	881654773
347	157	5	881654567
347	156	5	881653652
347	148	3	881652888
347	22	5	881654005
347	17	4	881654635
347	15	2	881652535
347	1011	3	881653155
347	1291	1	881653340
347	1283	1	881652730
347	1244	3	881653300
347	1059	3	881652813
347	1047	1	881653224
347	1039	5	881653830
347	1035	3	881654522
347	1088	1	881653224
347	1016	3	881652730
347	1012	4	881652590
347	1	4	881652518
347	7	4	881652590
347	12	3	881653584
347	1028	2	881653087
367	561	4	876690048
367	443	4	876690119
367	448	4	876690098
367	551	3	876690048
367	565	2	876690048
367	876	3	876689418
367	637	3	876690021
367	665	5	876689738
367	670	4	876690021
367	672	4	876689991
367	760	4	876690021
367	769	3	876690077
367	800	4	876690049
367	441	3	876690049
367	919	5	876689790
367	1012	4	876689825
367	567	4	876690077
367	334	4	876689364
367	184	5	876689990
367	183	5	876689738
367	179	5	876689765
367	176	5	876689738
367	164	4	876690119
367	185	5	876689991
367	100	5	876689878
367	56	5	876689932
367	53	4	876690076
367	17	5	876689991
367	7	5	876689878
367	5	4	876689991
367	217	5	876690021
367	379	4	876690048
367	333	4	876689501
367	331	4	876689418
367	326	4	876689502
367	302	5	876689364
367	201	5	876689991
367	288	5	876689418
367	258	4	876689364
367	250	5	876689824
367	246	4	876689612
367	234	4	876690098
367	219	4	876690098
367	218	4	876689962
367	268	4	876689364
367	774	4	876690049
368	7	4	889783365
368	396	2	889783617
368	379	4	889783562
368	320	5	889783364
368	183	5	889783678
368	181	4	889783678
368	164	3	889783364
368	145	2	889783586
368	127	4	889783678
368	98	3	889783407
368	96	3	889783678
368	89	4	889783678
368	56	4	889783407
368	53	2	889783562
368	50	4	889783678
368	17	5	889783562
368	11	4	889783678
368	5	3	889783454
368	413	1	889783454
368	436	3	889783562
368	184	5	889783453
368	447	1	889783453
368	292	4	889783251
368	288	3	889783453
368	234	3	889783365
368	441	3	889783617
368	218	2	889783453
368	217	5	889783562
368	774	4	889783562
368	219	2	889783453
368	637	2	889783617
368	573	3	889783617
368	567	3	889783617
368	561	2	889783617
368	551	4	889783617
368	448	3	889783365
368	672	2	889783453
375	573	4	886622131
375	583	2	886622131
375	603	4	886621917
375	684	4	886622066
375	761	3	886622131
375	1073	2	886621950
375	773	3	886621985
375	939	3	886622024
375	1046	2	886622131
375	566	4	886621985
375	770	3	886622131
375	525	4	886621917
375	302	5	886621795
375	356	4	886622131
375	5	4	886622066
375	39	3	886622024
375	44	3	886622131
375	176	4	886621917
375	183	5	886621917
375	77	4	886622024
375	218	3	886622024
375	233	4	886621985
375	234	5	886621917
375	288	4	886621795
375	185	5	886621950
397	343	2	885349148
397	334	3	885349348
397	338	4	882839517
397	332	2	882838773
397	1298	3	885350543
397	340	2	882838664
397	345	4	889760663
397	435	4	885349376
397	357	5	885350381
397	358	2	882838937
397	423	5	885349999
397	327	2	875063649
397	457	1	875063722
397	346	4	890172230
397	325	3	882838853
397	298	4	885349348
397	199	5	885349790
397	210	4	885349825
397	221	4	885349348
397	223	4	885350132
397	243	1	875063613
397	261	1	875063722
397	268	4	889760703
397	273	4	889760803
397	286	4	882839517
397	288	4	882839517
397	289	3	885349348
397	474	5	882839559
397	313	4	889760640
397	324	2	882838749
397	475	4	885350045
397	480	5	885349476
397	751	3	885349348
397	748	2	889760845
397	705	5	885350045
397	693	4	885349955
397	688	1	875063649
397	611	5	885349562
397	680	1	875063649
397	665	3	885349348
397	657	5	885349759
397	652	3	885350326
397	641	5	885349999
397	615	5	885349562
397	197	5	885349825
397	855	4	885349476
397	896	4	889760725
397	483	5	885349715
397	484	5	885349759
397	492	4	885349955
397	498	4	885349955
397	513	5	885349715
397	522	5	885349476
397	529	4	885350326
397	588	4	885349528
397	591	4	885349562
397	1019	3	885349715
397	1018	4	882839517
397	1001	1	885350326
397	991	1	875063678
397	989	1	875063722
397	988	1	875063722
397	894	1	882838796
397	56	5	882839517
397	192	5	885349610
397	8	4	885349913
397	14	3	885349348
397	22	4	885349476
397	23	5	885350132
397	50	5	885349955
397	65	2	875063876
397	95	4	885349999
397	100	5	882839517
397	108	4	885350045
397	109	4	889760803
397	194	3	885349348
397	134	5	885350132
397	127	5	885349427
397	183	4	885349348
397	181	4	885349955
397	178	5	885349759
397	177	5	882843746
397	182	5	885349759
397	135	5	885349825
397	156	5	885350381
397	171	5	882839540
397	172	5	885350381
434	111	5	886724540
434	287	5	886724359
434	288	5	886724797
434	369	4	886724972
434	406	3	886725027
434	411	5	886724873
434	424	1	886724913
434	471	2	886724797
434	476	4	886725076
434	477	5	886724940
434	275	3	886724633
434	15	3	886724453
434	225	4	886724453
434	220	5	886724873
434	546	5	886725076
434	1	4	886724590
434	7	1	886724505
434	9	1	886724563
434	151	5	886724453
434	148	3	886724797
434	147	3	886724822
434	125	5	886724708
434	121	4	886724666
434	118	5	886724873
434	274	5	886724797
434	628	1	886724873
434	815	4	886724972
434	756	2	886725027
434	833	4	886724914
434	928	5	886724913
434	974	5	886724940
434	975	5	886724873
434	1051	3	886724453
434	1060	3	886724733
434	743	1	886725027
434	1197	5	886724913
434	763	5	886724873
434	1152	5	886724633
434	819	3	886724873
451	988	1	879012773
451	984	4	879012647
451	948	3	879012890
451	938	4	879012772
451	1395	1	879012858
451	1393	2	879012812
451	1295	2	879012811
451	1265	4	879012772
451	887	1	879012858
451	1026	1	879012773
451	1025	3	879012773
451	1022	4	879012858
451	995	1	879012721
451	991	2	879012647
451	990	3	879012684
451	989	1	879012857
451	886	4	879012773
451	304	3	879012684
451	305	3	879012647
451	307	4	879012431
451	308	1	879012890
451	319	2	879012510
451	321	3	879012470
451	323	4	879012510
451	303	2	879012648
451	324	4	879012647
451	327	4	879012580
451	328	5	879012470
451	329	4	879012721
451	330	3	879012721
451	331	5	879012431
451	332	4	879012342
451	325	3	879012721
451	335	4	879012721
451	302	3	879012647
451	885	1	879012890
451	245	2	879012550
451	258	4	879012343
451	259	4	879012721
451	260	5	879012580
451	261	2	879012647
451	301	4	879012431
451	266	2	879012811
451	270	4	879012684
451	286	1	879012343
451	288	5	879012470
451	289	1	879012510
451	292	3	879012684
451	264	3	879012604
451	336	4	879012811
451	294	5	879012470
451	358	1	879012550
451	880	1	879012773
451	881	4	879012721
451	882	1	879012812
451	337	2	879012857
451	883	1	879012858
451	879	4	879012580
451	876	4	879012431
451	873	5	879012684
451	877	4	879012471
451	690	4	879012382
451	359	2	879012721
451	360	3	879012858
451	457	2	879012890
451	688	1	879012811
451	687	2	879012510
451	683	1	879012470
451	681	1	879012773
451	682	4	879012580
451	680	1	879012811
453	288	4	877562071
453	298	4	877552641
453	318	4	877553761
453	356	2	888205866
453	357	5	877554174
453	364	3	888206676
453	369	2	877553051
453	384	2	888205711
453	385	3	888207161
453	354	4	888201923
453	367	2	888202813
453	246	5	877552590
453	215	3	877554419
453	226	3	877561214
453	227	3	888207162
453	229	2	888206219
453	231	2	877562293
453	233	2	888206003
453	234	3	877561411
453	237	4	877552657
453	238	4	877554396
453	239	3	877554927
453	248	4	887942143
453	254	2	877562293
453	257	3	877552590
453	268	4	877552481
453	403	4	877562293
453	412	2	877553302
453	697	4	877561235
453	693	5	877561172
453	684	3	888205336
453	652	3	877554443
453	651	4	877554743
453	628	3	887942025
453	717	2	888206467
453	591	3	877552969
453	586	2	892447163
453	578	3	888205764
453	575	2	892447163
453	568	3	888207161
453	566	3	877561593
453	552	2	877561713
453	721	4	888205696
453	742	3	888207161
453	416	2	888206132
453	421	4	888203015
453	423	4	877554819
453	424	1	888206768
453	427	3	877554174
453	452	2	888206630
453	732	3	877561695
453	453	2	888206768
453	471	4	888205557
453	476	3	890939266
453	496	4	888203066
453	509	4	877553850
453	515	4	876191626
453	750	4	888201942
453	456	3	877552540
453	68	4	877561411
453	202	4	877553999
453	3	4	877552717
453	7	5	877562135
453	9	3	888207161
453	11	5	877554174
453	12	5	877553813
453	17	4	877553928
453	22	5	877553870
453	24	4	877553108
453	25	4	877552872
453	42	5	877554301
453	48	4	877553761
453	49	3	877561172
453	50	5	877562313
453	781	3	888206022
453	790	4	877561800
453	826	1	877553430
453	1303	2	888206730
453	1170	3	877562135
453	1157	2	888206576
453	1145	2	888206492
453	1079	1	887942484
453	53	3	877561894
453	1017	3	887942122
453	1016	4	877552991
453	975	2	887942451
453	963	4	888202307
453	941	2	877561613
453	871	1	888206233
453	1032	1	877561911
453	55	4	877554301
453	56	5	877554771
453	59	2	888202258
453	143	2	888206053
453	144	4	877554443
453	154	3	877554587
453	156	5	877554908
453	157	4	877561172
453	158	2	888205937
453	132	3	877554871
453	174	4	877554564
453	181	5	877552612
453	184	4	877554846
453	186	4	877554466
453	188	4	877554466
453	196	4	877554174
453	168	4	877553708
453	204	4	877554704
453	120	1	877553678
453	69	4	877554647
453	73	4	888206132
453	77	3	888207161
453	79	3	888207161
453	80	2	888205783
453	82	3	877561694
453	122	3	877553532
453	85	3	877561301
453	93	2	887941962
453	94	4	877561956
453	97	3	877554743
453	99	3	888205588
453	100	5	877552612
453	117	4	877552540
453	763	4	877553221
453	780	3	877561522
461	327	4	885355757
461	321	3	885355757
461	319	3	885355778
461	313	4	885355646
461	305	2	885355757
461	302	3	885355646
461	294	3	885355805
461	269	3	885355705
461	259	2	885355679
461	258	4	885355735
461	255	2	885355890
461	242	3	885355735
461	158	2	885355930
461	121	2	885355890
461	50	3	885356089
461	9	5	885356112
461	682	1	885355705
461	347	4	885355679
461	575	2	885355930
471	588	1	889827881
471	1	4	889827881
471	8	5	889827881
471	50	3	889827757
471	501	3	889828027
471	82	5	889827822
471	94	5	889828081
471	95	4	889827822
471	99	2	889827918
471	102	5	889828081
471	140	5	889827918
471	151	2	889828154
471	172	4	889827822
471	225	5	889828026
471	393	5	889827918
471	71	3	889828154
471	768	3	889827982
471	596	1	889827881
471	627	1	889827881
471	878	4	889827710
471	946	2	889827982
471	969	2	889828154
471	432	1	889827822
471	422	5	889827982
471	420	1	889828027
471	418	3	889827757
471	477	5	889827918
482	289	3	887644023
482	288	3	887644023
482	127	4	887644063
482	258	2	887644023
482	249	2	887644102
482	243	2	887644023
482	294	4	887643365
482	269	4	887643096
482	295	3	887644063
482	346	3	887644022
482	301	4	887643315
482	313	5	887643146
482	315	3	887643146
482	321	3	887644023
482	682	3	887644022
482	748	4	887643365
482	876	3	887644023
482	881	3	887644022
482	988	4	887643499
482	298	4	887644085
482	50	4	887644063
482	245	4	887643461
507	252	5	889966054
507	121	5	889965997
507	181	5	889965997
507	222	5	889965997
507	245	5	889964809
507	250	5	889966024
507	678	5	889966088
507	682	5	889964620
507	689	5	889964844
507	690	4	889964074
507	691	5	889964162
507	751	5	889964162
507	754	5	889964121
507	826	5	889966127
507	827	5	889966088
507	841	5	889966054
507	879	5	889964706
507	892	5	889964809
507	894	5	889964162
507	895	5	889964202
507	898	5	889964202
507	1016	5	889966088
507	1237	5	889964311
507	118	5	889966127
507	117	3	889965997
507	597	5	889966089
507	258	4	889963959
507	269	2	889964121
507	271	5	889964312
507	288	5	889964020
507	298	5	889965997
507	302	5	889963959
507	257	5	889966054
507	313	5	889964121
507	315	5	889964593
507	310	4	889964162
507	319	3	889964074
507	538	4	889964239
507	352	1	889964274
507	316	5	889964844
507	345	5	889964202
507	306	5	889964677
507	338	5	889964348
507	333	4	889964121
507	323	5	889964809
528	541	3	888520782
528	588	2	886101736
528	526	4	886101505
528	178	4	886101695
528	505	4	886101956
528	202	5	886101846
528	194	5	886101956
528	193	4	886101873
528	185	4	886101652
528	181	5	886812857
528	657	5	886101505
528	174	5	886101821
528	173	5	886101610
528	109	4	886812980
528	83	5	886101632
528	82	4	886101632
528	58	5	886101994
528	204	5	888522547
528	210	5	886101976
528	213	4	886101505
528	485	2	886101872
528	484	3	886101695
528	479	4	886101505
528	423	1	888522642
528	422	2	886813066
528	393	2	886101695
528	358	2	888520491
528	310	3	888520371
528	298	4	888520849
528	294	3	888520438
528	250	3	886812886
528	239	5	886101632
528	238	3	886101782
528	523	4	886101846
528	50	5	886101695
528	751	4	888520371
528	845	3	886812857
528	1254	3	886812920
528	1618	1	888521905
528	31	5	886101761
528	56	3	886101428
550	313	5	883425610
550	323	5	883425465
550	405	4	883426027
550	538	5	883425812
550	596	2	883426119
550	748	4	883425365
550	688	3	883425762
550	304	3	883425743
550	846	2	883426119
550	892	2	883426119
550	924	4	883426027
550	993	4	883425426
550	1620	4	883425448
550	682	4	883425783
550	301	2	883426119
550	275	4	883425958
550	294	3	883426119
550	15	5	883426027
550	121	5	883426027
550	125	4	883425958
550	222	4	883425979
550	237	3	883426119
550	243	2	883426119
550	249	4	883425388
550	252	1	883426119
550	254	1	883426119
550	255	3	883425388
550	259	2	883426119
550	271	5	883425652
550	288	5	883425979
550	300	4	883425652
550	181	5	883425283
550	877	4	883425723
580	348	3	884124382
580	25	3	884125457
580	358	4	884124472
580	100	3	884124872
580	147	3	884125658
580	148	4	884125773
580	151	2	884126077
580	181	5	884125042
580	249	5	884125243
580	250	5	884125072
580	252	5	884125829
580	271	5	884124248
580	281	2	884126077
580	282	5	884125292
580	286	4	884124750
580	222	3	884125292
580	1	3	884125243
580	405	2	884126077
580	455	4	884125492
580	3	5	884125916
580	546	1	884126077
580	597	1	884126077
580	619	3	884125175
580	687	3	884124583
580	748	2	884126077
580	825	4	884125339
580	1014	3	884125135
580	871	4	884125135
580	288	5	884125658
580	294	4	884124337
580	300	3	884124103
580	329	3	884124191
580	343	5	884124304
580	1028	3	884125829
582	118	2	882962523
582	222	4	882961804
582	181	4	882961301
582	151	4	882961133
582	124	4	882961082
582	121	3	882961133
582	117	3	882961000
582	15	3	882961481
582	93	5	882960844
582	50	5	882961082
582	7	5	882961082
582	3	3	882961723
582	1	4	882961257
582	235	3	882962803
582	100	5	882960863
582	240	4	882961804
582	237	3	882960941
582	826	3	882962652
582	508	4	882961082
582	676	2	882961133
582	742	3	882961082
582	748	3	882960601
582	760	3	882962886
582	763	2	882961804
582	246	4	882961082
582	841	2	882962133
582	948	1	882960718
582	988	1	882960718
582	1215	4	882963027
582	831	2	882962561
582	597	3	882962267
582	472	4	882962561
582	250	3	882961000
582	257	3	882961608
582	258	4	882960396
582	473	3	882962062
582	288	3	882960396
582	293	5	882961082
582	294	1	882960396
582	300	3	882960446
582	271	4	882960418
582	321	3	882960555
582	328	3	882960555
582	369	1	882963114
582	410	3	882961481
582	411	1	882962652
582	455	1	882961481
582	313	5	882960461
588	475	2	890015684
588	483	4	890015500
588	485	5	890015835
588	496	3	890023879
588	553	4	890025864
588	542	3	890026787
588	550	3	890026513
588	552	1	890031021
588	472	4	890026059
588	531	3	890015722
588	471	5	890024289
588	554	3	890032281
588	463	4	890023879
588	451	5	890026059
588	447	3	890026009
588	443	3	890024876
588	433	5	890024246
588	428	4	890024730
588	423	3	890015649
588	421	5	890023830
588	419	5	890023646
588	559	5	890025951
588	125	3	890026154
588	941	5	890026513
588	934	4	890030736
588	928	4	890027063
588	880	1	890014996
588	873	3	890014887
588	846	4	890025621
588	959	5	890026459
588	842	3	890015542
588	821	4	890026339
588	815	4	890024829
588	810	4	890029445
588	783	4	890027297
588	781	2	890028509
588	778	3	890027600
588	832	1	890027865
588	762	4	890026705
588	969	5	890023831
588	1041	2	890027063
588	1428	5	890032056
588	1311	1	890029079
588	1240	5	890025864
588	1219	2	890028385
588	1180	2	890032056
588	1039	4	890024611
588	1098	4	890026656
588	1074	5	890032056
588	1061	5	890024876
588	1044	4	890025674
588	1091	4	890027865
588	755	3	890025797
588	747	4	890025797
588	658	5	890025751
588	655	3	890025864
588	652	2	890026339
588	645	5	890024488
588	638	4	890024289
588	625	3	890024325
588	660	4	890024002
588	623	3	890026939
588	588	4	890023692
588	584	3	890024677
588	578	5	890029212
588	568	4	890024876
588	602	3	890015580
588	751	3	890014887
588	678	2	890015063
588	692	4	890024051
588	742	4	890024002
588	735	5	890024196
588	731	2	890026705
588	729	3	890024488
588	728	3	890027707
588	684	4	890024246
588	724	2	890015648
588	721	5	890023722
588	720	4	890027247
588	713	3	890015791
588	699	4	890024385
588	723	2	890026459
588	732	4	890024325
588	326	4	890014782
588	404	3	890026656
588	95	4	890015722
588	97	2	890023587
588	98	1	890015324
588	99	5	890023646
588	100	1	890015374
588	110	3	890027247
588	111	1	890028509
588	117	4	890027062
588	118	3	890026210
588	121	5	890026154
588	91	5	890026656
588	132	5	890015476
588	142	5	890024117
588	144	3	890024564
588	151	4	890026263
588	154	4	890024529
588	155	5	890026882
588	159	1	890029795
588	161	4	890015580
588	162	5	890026339
588	164	5	890026262
588	165	2	890015649
588	168	5	890024002
588	172	5	890026459
588	133	5	890015894
588	173	5	890024677
588	88	5	890024730
588	1	4	890015684
588	7	3	890024611
588	8	5	890023557
588	21	5	890015791
588	22	5	890024195
588	24	2	890015766
588	25	4	890024677
588	29	3	890027063
588	40	4	890026154
588	85	5	890026882
588	42	5	890024529
588	51	4	890026395
588	62	2	890027865
588	63	5	890028385
588	66	3	890023646
588	67	1	890032343
588	69	2	890023556
588	71	4	890024195
588	72	4	890026939
588	73	3	890026262
588	82	5	890024829
588	50	5	890024427
588	417	5	890026009
588	181	5	890015608
588	294	4	890014887
588	301	5	890015021
588	307	4	890014887
588	313	5	890014782
588	315	4	890014591
588	316	5	890015021
588	318	4	890015435
588	1469	3	890026705
588	347	5	890014648
588	354	5	890014930
588	356	4	890025751
588	362	3	890014710
588	289	2	890015063
588	365	5	890028385
588	367	5	890024117
588	370	5	890031141
588	382	3	890024730
588	384	1	890032013
588	385	3	890023557
588	386	2	890029445
588	395	4	890030781
588	402	5	890026882
588	403	3	890027525
588	366	5	890027430
588	178	5	890015323
588	288	4	890014818
588	184	4	890025951
588	186	4	890024079
588	206	4	890025023
588	207	2	890025076
588	208	3	890023879
588	215	5	890024564
588	216	5	890024781
588	217	4	890030473
588	220	5	890025023
588	222	3	890015722
588	286	4	890014710
588	225	5	890027113
588	230	1	890023692
588	231	4	890028987
588	234	5	890024161
588	239	5	890025704
588	258	4	890014591
588	265	5	890025621
588	268	5	890014648
588	272	5	890014748
588	275	3	890024246
588	278	5	890027600
588	282	5	890015894
588	227	3	890028385
588	1053	3	890027780
592	292	1	882607434
592	293	5	882607986
592	294	3	882607434
592	295	4	882608357
592	297	5	882607844
592	298	5	882608061
592	299	1	882607573
592	302	5	882607325
592	305	4	885280098
592	306	5	882607528
592	307	4	882607528
592	61	4	882956586
592	60	4	882955460
592	59	4	882956718
592	925	3	882608915
592	289	4	882607606
592	287	3	882608457
592	259	2	882607573
592	260	4	882607690
592	262	5	882607356
592	264	2	882607528
592	265	4	882956039
592	266	1	882607744
592	268	5	882607286
592	269	4	882607286
592	271	4	882607647
592	272	5	882955387
592	273	5	882607986
592	276	5	882608401
592	281	4	882608573
592	282	4	882608572
592	283	4	882956241
592	285	5	882607910
592	286	5	882607356
592	58	5	882956388
592	258	5	882607476
592	56	5	882955948
592	50	5	882607872
592	1377	3	882607872
592	1319	1	882608234
592	1315	2	882609056
592	70	4	882956803
592	1276	1	882609057
592	1275	3	882956624
592	1609	1	882608698
592	313	5	882955258
592	322	1	882607647
592	323	1	882607690
592	324	4	882607387
592	325	2	882607647
592	315	5	885280156
592	1	4	882608021
592	48	5	882955735
592	47	5	882955889
592	42	5	882955918
592	32	5	882956067
592	28	4	882956586
592	24	4	882608021
592	22	5	882955506
592	20	4	882608315
592	15	5	882608457
592	14	5	882607986
592	12	5	882955825
592	11	5	882955978
592	8	5	882955582
592	4	4	882956418
592	3	4	882608960
592	55	4	882956067
592	257	4	882608107
592	253	1	882608279
592	129	5	882608457
592	132	5	882955794
592	134	5	882955794
592	135	5	882955765
592	140	3	882956551
592	127	5	882608021
592	150	5	882607955
592	151	4	882608402
592	157	5	882955918
592	168	5	882955825
592	169	5	882955663
592	170	5	882955703
592	173	5	882956276
592	149	4	882607910
592	125	2	882608795
592	124	5	882607986
592	71	4	882956668
592	81	4	882956201
592	87	4	882956467
592	89	4	882955543
592	92	5	882956358
592	93	4	882608061
592	95	4	882956276
592	97	4	882956718
592	98	5	882955918
592	99	5	882955663
592	100	5	882608182
592	109	4	882608145
592	116	4	882608182
592	117	5	882608234
592	118	3	882609056
592	121	4	882608573
592	174	5	882955918
592	176	5	882956039
592	178	5	882956241
592	179	5	882956761
592	216	4	882955978
592	221	5	882608357
592	222	1	882608145
592	223	5	882955863
592	234	5	882955863
592	235	3	882608662
592	236	3	882608061
592	237	4	882608061
592	238	5	882956321
592	242	5	882607286
592	243	1	882607780
592	245	1	882607434
592	246	5	882608500
592	248	4	882608279
592	249	4	882608795
592	250	4	882608145
592	251	5	882607955
592	252	3	882608915
592	215	5	882956467
592	204	5	882956158
592	202	5	882956803
592	64	5	882956039
592	180	5	882956102
592	182	5	882955662
592	183	5	882955613
592	184	5	882956419
592	185	5	882956201
592	187	5	882956157
592	189	5	882955583
592	192	5	882955460
592	193	5	882955948
592	194	4	882955543
592	195	4	882955863
592	196	5	882955978
592	197	5	882955863
592	201	5	882955794
592	203	5	882956276
592	328	1	882607476
592	1281	3	882608795
592	331	3	882607528
592	806	4	882956586
592	815	3	882608625
592	820	3	882609057
592	825	1	882608795
592	833	4	882608662
592	844	4	882608021
592	845	4	882608573
592	782	2	882956510
592	847	5	882607986
592	854	5	882955948
592	875	4	882607434
592	876	1	882607690
592	881	1	882607476
592	885	2	887257199
592	887	5	882607780
592	890	1	882607745
592	853	5	882956201
592	893	1	882955292
592	763	5	882608531
592	655	5	882955543
592	678	2	882607690
592	681	1	882607780
592	682	4	882607573
592	683	1	882607745
592	685	2	882608662
592	686	5	882956387
592	762	5	882608402
592	689	2	882607690
592	730	4	882956011
592	735	5	882956158
592	742	4	882608357
592	744	3	882608500
592	747	4	882956102
592	750	5	886394208
592	751	3	882955258
592	752	4	888553156
592	702	4	882956510
592	654	5	882955703
592	895	3	882607528
592	900	4	887257094
592	1039	4	882955582
592	1025	1	882607745
592	1023	1	882608873
592	1022	5	885280183
592	1017	4	882608279
592	1016	4	882608145
592	1014	4	882609009
592	1012	5	882608401
592	1011	4	882608699
592	1010	5	882608357
592	1047	1	882608736
592	1009	3	882608662
592	988	1	882607745
592	985	4	882608698
592	984	1	882607690
592	975	4	882608873
592	971	4	882955978
592	969	4	882956718
592	963	5	882955663
592	952	4	882608699
592	939	3	882956510
592	1008	4	882608357
592	898	2	887257199
592	1048	3	882608625
592	1060	2	882609057
592	919	5	882608061
592	922	3	882608736
592	1265	1	882607690
592	1264	4	882955460
592	1258	1	882608960
592	1199	5	882608358
592	1184	5	882956551
592	1166	3	882956668
592	1059	3	882608457
592	1143	5	882607872
592	1134	5	882608234
592	1129	5	882608021
592	1082	3	882608625
592	1079	1	882608873
592	1070	5	882956158
592	1067	5	882608698
592	1142	5	882608145
592	330	3	882607606
592	652	4	882956467
592	628	3	882608107
592	423	5	882955918
592	427	5	882955735
592	431	2	882956510
592	432	1	882956321
592	433	5	882956761
592	443	5	882956158
592	455	4	882608402
592	457	1	882607779
592	421	5	882956158
592	460	3	882608873
592	463	4	882956321
592	466	5	882955766
592	467	5	882955582
592	469	4	882955825
592	471	4	882608234
592	472	1	882608795
592	475	5	882608107
592	479	4	882956668
592	482	4	882955582
592	461	4	882955765
592	483	5	882955613
592	418	4	882956551
592	410	5	882608402
592	332	3	882607286
592	333	5	882607476
592	334	3	882607476
592	336	1	882607476
592	338	2	882607647
592	339	3	882607572
592	340	5	882607476
592	342	2	882607745
592	343	3	882607476
592	344	4	888553156
592	411	2	882608457
592	345	4	888553233
592	347	4	885280098
592	350	4	885280124
592	357	4	882956102
592	358	1	882607690
592	382	4	882956761
592	405	4	882608531
592	409	1	882609056
592	346	4	885280098
592	631	3	882956624
592	69	5	882956201
592	512	5	882956803
592	518	5	882956011
592	521	5	882955703
592	522	5	882955662
592	526	5	882956241
592	527	5	882955889
592	531	5	882955765
592	484	4	882956551
592	508	5	882608021
592	534	5	882608531
592	558	5	882955948
592	568	5	882956201
592	589	5	882955825
592	591	4	882608402
592	603	5	882955543
592	619	1	882608234
592	544	4	882608107
609	125	4	886895193
609	15	5	886895150
609	1012	1	886896237
609	908	1	886895699
609	147	1	886895016
609	243	1	886895886
609	258	3	886894677
609	259	1	886895763
609	285	5	886894879
609	287	5	886894940
609	288	2	886894677
609	294	2	886895346
609	304	5	886895436
609	313	5	886894637
609	314	1	886895941
609	352	1	886895699
609	475	2	886896281
609	538	1	886895795
609	750	4	886895397
609	877	5	886895649
609	878	1	886895827
609	890	1	886895914
609	894	1	886895852
609	319	1	886895516
609	1	1	886896185
618	237	4	891307343
618	234	4	891307714
618	218	3	891308115
618	501	4	891308884
618	497	2	891307019
618	496	4	891307619
618	487	4	891309886
618	485	3	891307646
618	483	5	891308199
618	477	2	891308791
618	183	4	891307494
618	186	4	891307224
618	187	5	891307098
618	233	3	891309471
618	190	4	891307404
618	192	5	891307367
618	193	4	891308432
618	195	3	891308431
618	196	4	891307889
618	202	2	891307714
618	203	3	891308176
618	210	3	891308703
618	214	2	891308176
618	215	4	891307494
618	216	3	891308791
618	191	4	891307175
618	239	3	891309293
618	458	3	891309579
618	392	3	891308979
618	385	4	891309163
618	382	2	891307540
618	378	4	891309514
618	371	3	891308980
618	367	3	891309319
618	403	4	891309608
618	356	2	891309608
618	313	4	891306927
618	283	3	891309217
618	282	3	891307289
618	276	3	891309266
618	506	4	891308296
618	318	5	891307825
618	404	5	891309192
618	418	3	891308260
618	273	4	891309293
618	275	3	891307577
618	471	3	891309041
618	470	3	891308615
618	468	3	891308665
618	462	2	891307540
618	443	4	891308665
618	432	5	891308979
618	427	5	891308431
618	421	3	891308615
618	420	3	891309163
618	433	2	891309410
618	507	4	891309239
618	526	5	891308141
618	944	2	891309266
618	962	1	891307784
618	966	4	891307931
618	969	3	891307889
618	1032	2	891309192
618	1039	4	891309887
618	942	2	891309293
618	1063	3	891308459
618	1071	1	891308542
618	1163	2	891309266
618	1221	2	891309636
618	1225	2	891309382
618	1468	3	891308665
618	31	4	891307577
618	1066	3	891309756
618	939	2	891308791
618	925	2	891308854
618	924	4	891309040
618	763	2	891309319
618	770	2	891309756
618	776	2	891307098
618	778	3	891308515
618	781	3	891309382
618	785	3	891309351
618	790	3	891309471
618	815	4	891309552
618	895	3	891309929
618	1	4	891308063
618	2	2	891309091
618	4	2	891308459
618	7	4	891309887
618	8	3	891307862
618	9	3	891308141
618	11	4	891307263
618	12	4	891307263
618	15	3	891308391
618	23	5	891306990
618	24	2	891308515
618	25	2	891308260
618	28	4	891309887
618	44	4	891308791
618	49	3	891309514
618	50	5	891307175
618	52	3	891307224
618	111	3	891308946
618	117	5	891307494
618	118	3	891309004
618	121	4	891308913
618	123	2	891308063
618	125	3	891308704
618	127	5	891307619
618	131	4	891307343
618	132	4	891307057
618	133	4	891307784
618	135	4	891307224
618	136	3	891307931
618	143	4	891308515
618	144	4	891309887
618	148	3	891309670
618	151	3	891309514
618	159	3	891309670
618	161	4	891308946
618	164	3	891309041
618	109	2	891308615
618	100	4	891308063
618	54	3	891309319
618	55	2	891308063
618	56	4	891307175
618	62	2	891309697
618	64	4	891306990
618	65	3	891309720
618	66	4	891309697
618	68	3	891309608
618	70	3	891307495
618	71	4	891309041
618	77	3	891309720
618	79	5	891307494
618	82	4	891308704
618	88	4	891309440
618	90	1	891309351
618	91	4	891309756
618	93	3	891307019
618	95	3	891309319
618	96	3	891307749
618	97	5	891308913
618	633	3	891308571
618	628	2	891308019
618	174	5	891307539
618	609	4	891309440
618	597	4	891309041
618	588	4	891307224
618	173	3	891307404
618	568	4	891309409
618	550	3	891308261
618	549	2	891308342
618	531	4	891309886
618	735	3	891308571
618	746	2	891308946
618	576	4	891309608
618	660	3	891309040
618	651	5	891307263
618	676	2	891307977
618	699	3	891309410
618	705	3	891307825
618	709	2	891308665
618	673	3	891309139
618	720	3	891309293
618	723	3	891309514
618	724	3	891309091
618	713	4	891307224
618	697	3	891308063
618	693	3	891307540
618	692	4	891309091
618	684	3	891306991
618	679	1	891308615
619	685	3	885953850
619	808	3	885954053
619	750	3	885953537
619	720	4	885954238
619	578	4	885954215
619	684	4	885954083
619	651	5	885954053
619	665	5	885954261
619	809	1	885954238
619	597	4	885953850
619	825	2	885953850
619	22	5	885953992
619	849	2	885954184
619	1016	4	885953826
619	1231	2	885954215
619	11	2	885954019
619	53	2	885954341
619	50	4	885953778
619	39	2	885954083
619	33	3	885954133
619	29	1	885954238
619	576	4	885954261
619	568	5	885954083
619	566	4	885954105
619	252	3	885953878
619	245	4	885953743
619	241	5	885954083
619	231	4	885954185
619	226	5	885954133
619	195	5	885954019
619	187	5	885953992
619	183	5	885953992
619	182	4	885954019
619	181	4	885953778
619	258	5	885953622
619	161	4	885954133
619	144	5	885954083
619	127	4	885953778
619	121	5	885953805
619	118	5	885953827
619	117	5	885953778
619	96	5	885954083
619	82	5	885954053
619	79	5	885953992
619	62	1	885954185
619	56	3	885953992
619	55	1	885954053
619	174	4	885953992
619	27	4	885954159
619	288	3	885953931
619	554	3	885954238
619	550	5	885954134
619	546	2	885953826
619	515	1	885953778
619	406	2	885953931
619	405	3	885953826
619	403	5	885954159
619	391	3	885954215
619	385	5	885954053
619	363	2	885954215
619	350	3	885953641
619	346	3	885953622
619	281	4	885954133
619	333	2	885953574
619	331	4	885953574
619	328	1	885953684
619	327	3	885953743
619	326	2	885953601
619	323	3	885953878
619	313	5	885953601
619	307	2	885953601
619	300	5	885953684
619	298	5	885953778
619	294	1	885953684
619	293	3	885953804
619	17	1	885954184
620	1480	3	889988281
620	1503	4	889988196
620	1219	3	889988069
620	423	5	889988168
620	1043	4	889988340
620	173	5	889988121
620	172	4	889988146
620	151	4	889988196
620	148	3	889987299
620	1066	5	889988069
620	145	5	889987682
620	140	4	889988258
620	138	5	889988312
620	125	2	889987255
620	174	5	889988121
620	123	3	889987190
620	118	4	889987825
620	112	4	889988341
620	101	2	889988069
620	100	1	889987073
620	98	4	889987560
620	94	5	889988340
620	91	2	889988069
620	82	5	889988146
620	121	5	889987825
620	181	4	889988146
620	225	3	889988281
620	422	1	889988036
620	420	3	889988005
620	419	2	889988169
620	409	4	889988196
620	406	4	889987073
620	404	4	889988232
620	393	5	889988196
620	379	4	889987656
620	354	5	889986477
620	300	3	889986411
620	288	4	889986452
620	281	5	889987852
620	268	4	889986452
620	260	5	889986624
620	243	3	889986676
620	240	5	889987954
620	237	4	889987123
620	78	4	889988340
620	71	5	889988005
620	50	4	889988121
620	742	5	889987792
620	758	2	889987073
620	760	3	889987073
620	768	5	889988069
620	769	4	889987706
620	820	4	889987954
620	834	2	889987073
620	859	4	889987657
620	740	5	889987349
620	895	3	889986984
620	928	5	889987825
620	930	2	889987875
620	931	3	889987875
620	946	4	889988036
620	63	5	889988232
620	969	4	889988037
620	975	3	889987852
620	993	5	889987954
620	1036	4	889988258
620	924	3	889987164
620	706	3	889987706
620	951	3	889988258
620	683	3	889986984
620	35	3	889988340
620	28	4	889988121
620	15	5	889987210
620	8	3	889988121
620	7	4	889987073
620	1	5	889987954
620	444	3	889987682
620	699	5	889988121
620	560	4	889988232
620	682	2	889986985
620	563	5	889987682
620	627	5	889988037
620	676	3	889987190
620	596	2	889987954
620	595	5	889987792
620	588	5	889988036
620	625	3	889988005
621	71	3	874965208
621	72	2	874962900
621	73	5	874962772
621	79	5	874963594
621	80	4	874963126
621	82	5	874964267
621	87	5	874965408
621	108	3	881445012
621	91	3	874965299
621	94	2	874963081
621	96	5	874963797
621	100	5	880227104
621	107	4	880737311
621	67	4	880739654
621	88	2	874962772
621	65	3	885596944
621	17	4	880739965
621	62	4	874964496
621	1	3	880227233
621	2	3	880739909
621	3	5	881444887
621	4	4	874962988
621	7	4	880738353
621	8	5	874965407
621	28	4	874965408
621	33	4	874962824
621	38	3	874964495
621	40	3	874963273
621	41	4	874963273
621	55	5	874963594
621	63	1	874963445
621	117	5	880227268
621	383	2	874963166
621	121	3	880227385
621	751	4	883799651
621	748	4	880226710
621	735	4	880739654
621	721	4	874963126
621	686	5	880739852
621	118	3	880738353
621	625	4	874965299
621	624	5	874965093
621	588	3	874965208
621	585	4	874962988
621	577	3	874963446
621	576	2	874964605
621	568	5	874963797
621	561	4	874964945
621	559	5	874964915
621	542	2	874965093
621	541	4	874964605
621	540	3	874964657
621	539	1	883799884
621	501	3	874965299
621	472	3	880738462
621	455	4	880738462
621	1228	3	880740296
621	1185	3	881445012
621	1118	3	874962824
621	1093	4	880738568
621	1047	3	880738080
621	1036	1	874963446
621	1035	4	880739654
621	1029	2	874963210
621	1028	4	880737861
621	1016	4	880737785
621	1013	2	880738282
621	1012	5	880227233
621	944	5	874963126
621	940	3	874963166
621	926	3	880738894
621	894	1	883800011
621	890	1	883799608
621	881	2	883798770
621	871	3	881445723
621	833	3	880738462
621	825	3	880738142
621	810	3	874964657
621	809	4	880740136
621	804	4	881445120
621	795	1	874963273
621	790	4	874963081
621	769	3	874964991
621	451	1	874963028
621	676	3	880737607
621	423	4	880739654
621	231	4	874964375
621	222	4	880736904
621	208	4	874962824
621	200	4	874964816
621	197	4	885596884
621	184	3	874964267
621	183	4	874963594
621	181	5	874965408
621	174	3	874965407
621	173	4	874965407
621	172	5	874965407
621	161	3	874964447
621	432	4	874965093
621	154	5	881444499
621	151	5	880737929
621	148	4	880739654
621	147	3	880738282
621	142	3	874965299
621	135	5	885596819
621	128	4	880740034
621	123	4	880738080
621	241	4	874964604
621	783	3	874963273
621	257	5	880738699
621	420	4	874965298
621	418	3	874965298
621	417	3	874965299
621	405	5	880740034
621	404	3	874965496
621	401	1	874963210
621	398	2	874964605
621	250	4	880738568
621	393	3	874962705
621	391	3	874964657
621	386	3	874963126
621	385	5	874963797
621	384	3	874963081
621	395	4	880739654
621	364	3	874963446
621	263	1	883800011
621	367	3	874962900
621	270	4	890517239
621	271	5	880226633
621	273	4	880739654
621	276	4	880736723
621	298	4	883801703
621	299	1	880227012
621	300	3	890517589
621	301	4	880226534
621	268	4	890517367
621	313	5	883798770
621	333	4	890517503
628	340	5	880777095
628	361	5	880776981
628	690	5	880776981
628	332	5	880777096
628	874	5	880776981
628	938	5	880777095
628	984	5	880776981
628	1025	5	880777095
628	1296	5	880777096
628	330	5	880777096
628	326	5	880777095
628	302	5	880776981
628	301	4	880777046
628	294	4	880777167
628	292	5	880776981
628	288	5	880777096
628	258	5	880777167
628	242	5	880777096
628	173	3	880777167
628	168	4	880777167
628	8	2	880777167
628	305	5	880776981
628	333	5	880777096
631	307	4	888465033
631	877	2	888465131
631	294	3	888465155
631	289	4	888465216
631	288	3	888464916
631	286	3	888465033
631	272	4	888464916
631	313	4	888464915
631	338	2	888465299
631	315	4	888464916
631	682	2	888465247
631	1527	2	888465351
631	886	4	888465216
632	191	5	879457603
632	159	3	879459460
632	164	4	879458692
632	168	4	879457248
632	172	5	879457157
632	194	4	879457712
632	173	5	879458649
632	181	5	879457016
632	182	3	879457641
632	183	4	879456909
632	184	5	879458277
632	186	5	879459738
632	188	4	879457857
632	69	4	879457371
632	1028	2	879459649
632	877	1	879459777
632	845	4	879459677
632	763	3	879459304
632	720	3	879459025
632	705	5	879459738
632	693	2	879458692
632	685	2	879459394
632	150	2	879457525
632	144	4	879457812
632	143	5	879459053
632	134	5	879457217
632	68	1	879459394
632	64	5	879457525
632	58	3	879459210
632	56	3	879458277
632	55	2	879457857
632	54	3	879459304
632	51	4	879459166
632	50	5	879459738
632	28	3	879458649
632	25	1	879459418
632	22	4	879457394
632	17	3	879459573
632	12	5	879456910
632	11	4	879458142
632	7	3	879456955
632	2	4	879459505
632	1	3	879458692
632	133	4	879457064
632	131	4	879458941
632	100	3	879457603
632	98	4	879457217
632	684	5	879457903
632	97	4	879458856
632	95	5	879456955
632	91	3	879459187
632	82	4	879457903
632	79	5	879457317
632	73	3	879459649
632	96	5	879457902
632	679	4	879459321
632	71	4	879458649
632	651	5	879459738
632	203	3	879457217
632	204	4	879458277
632	210	5	879459738
632	215	4	879458834
632	227	3	879459025
632	233	3	879459441
632	234	3	879457641
632	258	4	879459777
632	275	3	879457582
632	282	4	879458806
632	288	3	879458977
632	202	4	879457712
632	357	4	879456844
632	367	2	879459544
632	385	4	879458649
632	402	3	879458725
632	404	5	879459544
632	432	3	879456910
632	451	4	879459505
632	468	3	879457925
632	475	3	879457582
632	483	5	879459738
632	485	4	879457157
632	356	4	879459248
632	201	4	879457641
632	195	5	879459738
632	196	3	879457064
632	633	4	879459003
632	622	4	879459418
632	609	3	879459677
632	591	4	879459053
632	568	3	879458142
632	550	2	879458900
632	527	4	879458429
632	523	3	879458900
632	510	5	879459738
632	655	3	879457641
632	588	2	879457217
642	233	4	885606964
642	231	3	886454812
642	225	4	886569942
642	559	5	885604874
642	220	4	887663380
642	217	2	886569659
642	234	1	885603662
642	216	3	885603083
642	208	5	886131547
642	554	4	885842962
642	204	4	885602593
642	202	3	885842351
642	195	3	885602718
642	191	4	886131970
642	186	5	885602739
642	210	5	885842610
642	235	2	885606047
642	560	4	886568978
642	250	5	886131457
642	258	3	885601865
642	288	1	885604085
642	292	2	887663326
642	575	3	886454901
642	237	5	885603870
642	569	2	886569538
642	181	5	885603699
642	565	4	886569870
642	249	5	885604805
642	245	4	891317923
642	240	3	885606137
642	570	1	886131332
642	174	5	885842594
642	153	3	885602572
642	90	4	885606024
642	91	4	885603897
642	94	2	885605909
642	95	5	886131547
642	96	5	885842289
642	97	4	885602418
642	99	2	885602446
642	102	5	885603849
642	110	2	885606048
642	117	4	886131655
642	120	3	886206256
642	121	5	885842289
642	125	4	885603586
642	105	5	885606482
642	553	5	886132153
642	131	3	885603566
642	168	5	885842943
642	166	5	885604434
642	165	4	885604480
642	156	1	886454965
642	155	3	886568726
642	151	3	886568791
642	148	5	885604163
642	141	4	886568744
642	140	3	886569257
642	139	1	886569417
642	138	4	886570173
642	135	3	886131953
642	133	5	886206274
642	552	4	886569347
642	423	3	885602506
642	541	5	885607028
642	356	4	886132104
642	367	5	885605866
642	369	2	885606090
642	375	1	886131744
642	376	3	885606194
642	377	3	886569809
642	378	3	885603517
642	383	5	886570062
642	384	5	886131546
642	385	5	885602571
642	391	4	885607143
642	318	2	885602369
642	392	4	886132237
642	313	5	886454784
642	51	5	886132172
642	1	5	885603565
642	2	4	885606787
642	4	3	885605768
642	13	4	886206806
642	15	5	885602314
642	22	4	885602285
642	28	5	885603636
642	29	5	886454812
642	35	2	886570027
642	40	4	885605866
642	41	3	885605347
642	44	3	885603870
642	49	4	885605909
642	294	5	885601998
642	393	5	885605834
642	395	5	885604187
642	443	2	885603870
642	444	1	886569417
642	447	4	886569328
642	452	1	886569699
642	462	4	886455357
642	465	4	885603932
642	468	3	886568479
642	470	4	886206991
642	472	5	885607081
642	473	1	886131585
642	477	5	886131563
642	485	5	885602612
642	496	4	885603516
642	501	2	885603740
642	527	4	886207132
642	432	2	885602369
642	427	3	886132043
642	88	5	886131546
642	399	3	886131257
642	400	4	886569278
642	402	4	885603792
642	403	4	886454812
642	404	3	886569122
642	405	3	885606946
642	407	5	885606482
642	411	5	885605834
642	412	2	885606271
642	416	5	886455469
642	417	3	886568791
642	418	5	885606581
642	419	4	885603537
642	420	4	885606581
642	422	3	885606608
642	83	5	885603636
642	588	5	886131546
642	942	4	886207151
642	949	1	885605834
642	951	3	886568618
642	955	3	888123262
642	966	5	886569140
642	969	2	885603662
642	974	3	886569765
642	993	4	891317955
642	996	2	885605932
642	998	3	886569765
642	1000	3	885602340
642	1011	3	885842351
642	1028	4	885605735
642	940	2	886569847
642	82	5	885602285
642	932	5	885605866
642	783	4	885606024
642	790	4	885605932
642	794	4	886568429
642	795	4	886570173
642	796	4	885605909
642	801	3	885605794
642	812	4	886455357
642	815	4	892241051
642	1029	3	885606271
642	832	3	892240991
642	843	3	886569682
642	845	5	891318088
642	871	3	885605835
642	921	5	885603849
642	926	5	885605454
642	928	5	886131546
642	827	1	886131332
642	1030	4	886570173
642	1032	4	886569012
642	1181	2	885607143
642	1182	2	885606178
642	1209	3	885606212
642	1219	4	885603932
642	1224	4	886132139
642	1239	4	885607097
642	1285	4	886132043
642	1287	2	885606463
642	1311	3	886569715
642	1415	4	886569783
642	1469	4	886568725
642	1473	4	886568874
642	1480	1	886569922
642	1503	2	885602446
642	1531	3	886569226
642	1178	3	885606067
642	1036	4	885606234
642	1039	5	885602630
642	1047	3	885606327
642	1049	3	885606271
642	1053	3	886207279
642	1054	3	885606482
642	1058	3	886132139
642	1152	5	886569828
642	1076	2	885606648
642	1079	5	885605987
642	1091	4	885606608
642	1095	2	885606271
642	1126	1	885603495
642	1136	4	888123195
642	1140	4	886569732
642	1066	3	885606608
642	775	4	886569570
642	934	2	885606137
642	769	5	885842903
642	622	4	886568941
642	609	3	885604859
642	597	4	885607065
642	596	5	885604113
642	771	3	885607115
642	581	2	886569209
642	579	4	885606537
642	577	4	886569870
642	53	2	885604940
642	54	4	886206959
642	56	4	885602656
642	58	3	886131744
642	63	3	885606090
642	65	4	886132172
642	66	5	885603740
642	67	4	885843025
642	70	2	886132189
642	71	5	886131547
642	73	4	885605735
642	72	4	885843087
642	624	3	885606608
642	584	4	885842877
642	627	3	885606581
642	768	4	885606609
642	765	3	885606234
642	759	3	885843824
642	755	3	885603495
642	746	3	885602483
642	742	5	885602839
642	739	5	886568838
642	732	4	885605538
642	731	5	885605909
642	729	3	885603566
642	748	5	885601998
642	726	2	886570131
642	728	4	886131674
642	651	4	885602571
642	673	2	886130929
642	679	2	885606986
642	686	5	886131546
642	660	3	886132089
642	720	5	885606787
642	722	3	885606113
642	725	4	885606067
642	699	5	886568959
642	628	3	891317897
646	877	3	888529014
646	682	3	888529153
646	683	3	888529014
646	690	3	888528417
646	748	3	888529054
646	750	3	888528902
646	751	2	888528870
646	895	3	888528978
646	1176	4	888528955
646	1237	3	888529127
646	1313	3	888529180
646	352	1	888529153
646	354	3	888528902
646	258	3	888528417
646	259	3	888528978
646	272	4	888528483
646	286	3	888528927
646	288	3	888529127
646	304	3	888529014
646	880	3	888529127
646	310	3	888528483
646	347	2	888528392
646	346	2	888528392
646	332	3	888528870
646	328	3	888528457
646	319	3	888529054
646	313	5	888528457
646	323	3	888529153
674	304	3	887762296
674	313	5	887762296
674	323	3	887762937
674	405	4	887762861
674	410	3	887763150
674	539	1	887763151
674	742	5	887762714
674	300	3	887762296
674	763	5	887762799
674	827	4	887762899
674	866	5	887763062
674	929	3	887763150
674	1197	3	887763386
674	1620	4	887763035
674	685	3	887762861
674	751	3	887762398
674	117	5	887762861
674	1	4	887762799
674	111	5	887763336
674	292	4	887762415
674	118	3	887763150
674	121	4	887762881
674	125	5	887762779
674	255	4	887763012
674	151	2	887763274
674	127	5	887762799
674	288	3	887762296
674	282	5	887763231
674	257	4	887762641
674	289	2	887763151
674	245	4	887762430
700	531	4	884494380
700	423	4	884493943
700	318	4	884494420
700	202	3	884493899
700	181	5	884493523
700	180	3	884494278
700	56	3	884493899
700	48	4	884494215
700	50	5	884493899
700	73	3	884494380
700	79	3	884494420
700	96	4	884494310
700	144	4	884494252
700	169	3	884493862
700	173	5	884493713
700	168	3	884494420
761	402	3	876189829
761	326	1	876189715
761	358	3	876189689
761	295	4	876190130
761	294	3	876189664
761	293	4	876190130
761	426	1	876190510
761	457	1	876189950
761	291	3	876190770
761	458	1	876190623
761	471	3	876190336
761	476	2	876190468
761	477	1	876190235
761	289	2	876189871
761	283	4	876190160
761	7	4	876190206
761	15	5	876190314
761	50	5	876189795
761	117	5	876190314
761	123	3	876190160
761	125	4	876190798
761	127	3	876190025
761	147	4	876190370
761	148	5	876189829
761	151	2	876190394
761	181	5	876190072
761	508	1	876190206
761	201	2	876190511
761	214	1	876190510
761	222	4	876190025
761	237	5	876190417
761	243	3	876189749
761	258	4	876189585
761	261	1	876189871
761	263	1	876189950
761	275	4	876190130
761	278	4	876190370
761	282	4	876190752
761	205	4	876190511
761	1	1	876190094
761	1558	1	876190511
761	628	4	876190689
761	546	5	876190468
761	678	2	876189689
761	688	2	876189913
761	742	2	876190370
761	864	4	876190336
761	877	2	876189931
761	1014	1	876190256
761	1152	2	876190623
761	1157	5	876189775
761	1163	2	876190752
761	1197	3	876190025
761	1272	1	876190160
761	1277	1	876190752
787	938	3	888979605
787	937	3	888979074
787	906	1	888979721
787	898	3	888979182
787	899	3	888979074
787	288	1	888979236
787	1671	1	888980193
787	286	3	888979007
787	269	3	888979547
787	268	4	888979007
787	259	4	888979721
787	258	5	888979605
787	245	3	888980193
787	880	3	888979123
787	1434	1	888979657
787	879	4	888979721
787	347	4	888979606
787	751	4	888979235
787	271	1	888979721
787	345	3	888979007
787	342	2	888979875
787	308	3	888979181
787	310	5	888979007
787	311	4	888979605
787	313	5	888979547
787	324	2	888979605
787	326	4	888979547
787	328	3	888979874
787	329	4	888980193
787	333	3	888979074
787	348	4	888979875
787	307	4	888979074
787	350	1	888979721
787	305	3	888979721
787	750	5	888979075
787	749	4	888979657
787	691	4	888979123
787	690	5	888979007
787	681	3	888979657
787	306	3	888979007
787	361	3	888979075
787	352	2	888979657
787	292	3	888979236
787	294	3	888979606
787	300	4	888979657
787	304	4	888980193
787	359	3	888979547
813	898	1	883752264
813	988	3	883752528
813	901	1	883752708
813	893	3	883752708
813	358	3	883752606
813	890	4	883752708
813	294	1	883752051
813	289	4	883752455
813	270	5	883752380
813	263	3	883752606
813	259	2	883752528
813	243	3	883752660
813	304	1	883752380
813	307	4	883752265
813	310	4	883752290
813	335	2	883752417
813	342	1	883752417
813	538	3	883752380
813	690	4	883752331
813	877	1	883752331
813	892	1	883752708
813	271	4	883752455
849	143	5	879695515
849	15	5	879695896
849	118	5	879695153
849	121	5	879695086
849	172	5	879695469
849	174	5	879695469
849	197	5	879695782
849	207	5	879695680
849	234	5	879695469
849	288	5	879695056
849	298	5	879695086
849	406	4	879695125
849	421	5	879695588
849	427	4	879695317
849	568	4	879695317
849	38	5	879695420
849	588	5	879695680
849	633	5	879695420
849	676	5	879695896
849	27	5	879695469
851	1034	1	875731105
851	1051	2	875730279
851	1059	3	875730533
851	1089	3	875730418
851	1094	1	875730455
851	1120	2	890343707
851	1132	3	875730757
851	1143	5	891961798
851	159	3	875806953
851	157	4	875731605
851	875	5	884205151
851	879	4	875729820
851	881	3	875729751
851	892	2	886534635
851	895	3	886534529
851	912	4	891961214
851	924	4	874789109
851	925	3	875731022
851	930	3	875730312
851	1025	2	884205201
851	1023	3	875730601
851	1016	5	891961664
851	1014	3	874767408
851	1013	2	891961856
851	1009	2	874789084
851	987	1	875730601
851	983	2	875731021
851	981	1	875730826
851	979	3	875730244
851	977	3	875730533
851	975	2	875731105
851	845	3	874767408
851	984	3	874809850
851	1254	1	875730895
851	1598	3	886534882
851	1276	2	875730601
851	79	4	875731722
851	71	4	875731567
851	68	3	875731722
851	64	5	875731674
851	48	4	875731489
851	31	4	875807058
851	27	4	875806765
851	23	4	875806721
851	22	5	875731330
851	17	5	875807089
851	12	4	875731370
851	9	4	875730379
851	4	5	875731489
851	95	4	875731282
851	109	4	875730379
851	112	1	875730629
851	1277	2	875730418
851	1280	4	890343493
851	1337	3	875730719
851	1540	2	875731529
851	1258	3	890343790
851	1675	3	884222085
851	144	5	875806849
851	132	4	875731370
851	129	4	875730379
851	128	4	875731330
851	127	5	891961664
851	125	4	875730826
851	123	4	875730379
851	121	4	874728565
851	1676	2	875731674
851	161	3	875731490
851	974	2	875730979
851	174	5	875731776
851	619	4	875730629
851	595	3	875731021
851	591	5	891961663
851	588	4	875731529
851	564	3	875806892
851	553	4	875731225
851	172	5	875731567
851	531	3	875731189
851	527	5	891961663
851	480	5	875731406
851	475	4	875731674
851	473	4	874728396
851	456	2	875730719
851	455	3	875730379
851	435	4	875731225
851	412	2	875731105
851	410	4	875730379
851	406	2	875731674
851	866	3	875730895
851	367	2	875731674
851	363	4	875730629
851	676	3	875729887
851	355	4	888540240
851	680	3	886534717
851	682	1	890804746
851	840	3	875731105
851	833	3	875731105
851	831	5	875731105
851	828	2	875730482
851	826	4	875730719
851	825	4	875730533
851	824	4	874767550
851	823	3	875730532
851	820	3	875730947
851	818	2	875730279
851	815	3	874767550
851	806	4	875731330
851	772	3	875807019
851	760	4	875730418
851	754	2	891961831
851	751	4	883148669
851	748	3	874788804
851	717	3	874728598
851	696	3	874728338
851	693	5	875731816
851	689	3	883148867
851	687	2	874728168
851	685	4	875731022
851	681	1	886534672
851	353	3	890862878
851	544	4	874728396
851	349	3	890862917
851	284	3	874728338
851	272	5	891961663
851	271	5	883148692
851	266	3	886534672
851	264	2	890343477
851	262	4	890343320
851	261	3	877831111
851	258	4	883148669
851	255	3	890343651
851	252	3	875730418
851	240	4	875730629
851	238	5	875731330
851	234	4	875731189
851	223	4	875731567
851	204	4	875731567
851	193	4	875731722
851	182	5	875731406
851	180	5	875731605
851	176	4	875731816
851	290	4	874728430
851	228	4	875731776
851	295	5	874728370
851	291	4	875730244
851	346	5	884831499
851	343	2	883148773
851	342	2	888540205
851	339	4	888540093
851	338	3	891961750
851	336	4	890804691
851	333	5	890862741
851	332	1	884205263
851	330	3	884205246
851	405	5	874767550
851	327	4	890804671
851	328	3	886534572
851	299	4	886534617
851	298	5	875730379
851	302	5	888540054
851	310	5	891961663
851	313	4	883148627
851	326	3	891961717
851	304	3	877831020
859	313	5	885774773
859	294	3	885775218
859	293	4	885776056
859	288	4	885776056
859	287	5	885775358
859	282	3	885774964
859	276	4	885776056
859	118	3	885775193
859	257	2	885775330
859	249	5	885775086
859	151	2	885775067
859	368	3	885775880
859	111	4	885776056
859	25	4	885776056
859	3	5	885775513
859	275	3	885774828
859	381	4	885776352
859	762	5	885775437
859	421	5	885776384
859	1315	4	885775251
859	1281	3	885774937
859	1132	3	885775513
859	1061	4	885776056
859	1009	4	885775277
859	1008	4	885776056
859	955	5	885776352
859	928	3	885775473
859	535	5	885774867
859	475	4	885776056
859	458	3	885775382
859	410	4	885776056
859	1014	4	885775564
863	310	5	889288943
863	258	5	889289122
863	898	1	889288973
863	887	3	889289328
863	886	3	889289327
863	885	1	889289456
863	877	1	889289277
863	876	2	889289457
863	873	2	889289491
863	754	3	889289067
863	752	4	889289277
863	751	4	889289122
863	748	3	889289456
863	690	4	889289067
863	683	1	889289241
863	682	3	889289491
863	538	2	889289122
863	900	3	889289067
863	361	5	889289618
863	901	1	889288972
863	903	3	889289570
863	1680	2	889289570
863	1679	3	889289491
863	1607	2	889288973
863	1434	2	889289618
863	1431	4	889289618
863	1395	4	889289491
863	1296	3	889289617
863	1294	4	889289618
863	1237	4	889289618
863	1127	4	889289157
863	1062	4	889289570
863	1024	3	889289619
863	1022	2	889289569
863	990	1	889289385
863	910	2	889289570
863	908	1	889289240
863	906	4	889289570
863	902	5	889289456
863	242	4	889289570
863	354	1	889289191
863	313	5	889288910
863	307	5	889289157
863	306	5	889289570
863	305	4	889289122
863	303	1	889288911
863	302	4	889288910
863	301	4	889289240
863	300	5	889289157
863	299	2	889289385
863	292	2	889289067
863	289	4	889289457
863	288	4	889288911
863	286	5	889289191
863	272	5	889288910
863	271	4	889289191
863	270	3	889288943
863	269	3	889288973
863	268	5	889289240
863	264	3	889289385
863	259	1	889289240
863	315	5	889288910
863	316	5	889289419
863	352	1	889289491
863	350	1	889289457
863	349	1	889289457
863	348	2	889289456
863	344	4	889289456
863	343	5	889289328
863	342	1	889289241
863	340	3	889288911
863	336	2	889289327
863	334	5	889289353
863	333	5	889289123
863	332	4	889288943
863	330	2	889289191
863	327	5	889289327
863	326	5	889289157
863	324	5	889289385
863	322	1	889289327
863	319	2	889289123
880	1620	3	880167288
880	42	5	880174808
880	180	5	880241822
880	56	5	880167731
880	55	3	880167778
880	54	3	880242503
880	50	5	880167175
880	49	3	880174858
880	47	4	880174730
880	44	4	880243712
880	62	3	880168411
880	39	4	880167731
880	38	3	880168411
880	33	3	880167880
880	31	4	880243629
880	29	2	880167965
880	27	3	880167965
880	25	4	880166938
880	40	2	880174904
880	64	5	880175646
880	65	4	880241977
880	95	3	880241219
880	94	3	880175097
880	92	4	880167778
880	91	3	880241256
880	88	3	880174705
880	87	4	880241913
880	82	3	880167806
880	79	4	880167670
880	72	3	880174996
880	71	4	880241289
880	70	4	880174677
880	69	4	880175646
880	68	5	880167843
880	67	1	880175023
880	23	5	880175735
880	22	4	880167695
880	21	2	880174961
880	342	3	892958275
880	346	5	892958128
880	347	5	892958301
880	356	4	880242475
880	357	5	880175622
880	363	4	880167200
880	365	2	880242660
880	366	2	880242257
880	367	4	880174730
880	375	1	880242782
880	379	4	880241434
880	381	4	880174808
880	383	3	880243147
880	384	3	880175157
880	96	4	880167695
880	328	4	880166557
880	318	5	880241746
880	17	3	880174808
880	12	5	880175622
880	11	4	880167695
880	8	4	880174677
880	5	3	880241379
880	3	1	880175023
880	1	4	880166744
880	298	4	880166827
880	299	4	892958517
880	300	3	880166451
880	302	5	880166451
880	307	4	892958090
880	310	3	892958036
880	315	5	892958175
880	316	5	892958128
880	327	3	880166475
880	97	4	880175714
880	99	3	880241219
880	294	4	880166557
880	238	4	880174652
880	237	4	880166798
880	235	3	880166990
880	233	4	880167918
880	232	4	880167806
880	231	2	880167880
880	230	3	880167732
880	227	2	880167918
880	226	4	880167806
880	222	4	880166990
880	217	4	880241411
880	210	4	880167670
880	209	3	880174623
880	208	5	880174652
880	293	4	880166872
880	284	4	880242528
880	245	2	892958350
880	246	5	892958837
880	248	4	892958863
880	249	4	880166966
880	250	3	880167521
880	252	2	880167551
880	254	2	880167599
880	257	5	880167521
880	258	4	880166499
880	260	4	892958484
880	268	5	892958128
880	269	4	892958090
880	272	5	892958036
880	273	5	880166770
880	280	2	880243204
880	281	4	880167384
880	282	2	880166966
880	283	3	880167008
880	287	4	892958966
880	385	4	880167843
880	202	4	880174834
880	200	4	880241355
880	148	2	880167030
880	147	4	880167224
880	144	5	880167670
880	140	4	880243001
880	137	4	880166827
880	128	3	880167806
880	127	5	880167066
880	124	5	880166847
880	123	4	880167247
880	122	3	880175208
880	121	2	880167030
880	120	2	880175503
880	118	3	880167551
880	111	4	880167132
880	110	3	880175128
880	109	4	880167114
880	105	3	880175077
880	100	5	880166966
880	150	4	880166798
880	201	4	880174834
880	151	4	880242848
880	158	2	880175128
880	195	4	880167670
880	194	5	880174623
880	191	5	880175597
880	188	4	880167842
880	187	5	880167671
880	186	4	880174808
880	185	5	880241355
880	184	4	880167843
880	182	5	880167670
880	181	5	880166719
880	295	5	892958887
880	179	4	880175735
880	177	5	880167778
880	176	5	880167731
880	174	4	880167670
880	173	3	880174780
880	168	3	880174623
880	161	2	880167778
880	156	4	880243680
880	386	3	880174995
880	392	3	880242475
880	393	3	880174926
880	930	2	880167551
880	931	3	880243564
880	940	3	880175157
880	986	3	880167569
880	992	4	892959014
880	1000	3	880175128
880	1001	2	880167435
880	1002	3	880175527
880	1012	4	880166827
880	1013	3	880167355
880	1016	4	880167223
880	1017	3	880175077
880	1023	2	880175405
880	1030	2	880243147
880	926	3	880167328
880	902	4	892958301
880	879	3	880166529
880	795	2	880243147
880	801	3	880175239
880	802	3	880167918
880	810	3	880168411
880	818	2	880175468
880	820	3	880167384
880	824	4	880174879
880	826	3	880167551
880	831	4	880167411
880	833	4	880167288
880	841	3	880167411
880	845	3	880167200
880	849	3	880167918
880	864	3	880167200
880	876	4	892958376
880	881	4	892958401
880	793	4	880174677
880	1036	2	880243147
880	1044	4	880242577
880	1222	4	880168411
880	1224	3	880242632
880	1225	2	880174834
880	1244	3	880167411
880	1258	3	880175368
880	1267	4	880242356
880	1270	3	880175187
880	1276	3	880167384
880	1277	4	880167355
880	1284	4	880167355
880	1291	3	880175468
880	1296	3	892958128
880	1415	2	880243093
880	1423	3	880175577
880	1446	4	880174705
880	1468	4	880242139
880	1478	3	880242547
880	1496	4	880243147
880	1217	3	880243712
880	1664	4	892958799
880	1210	4	880243790
880	1047	3	880175157
880	1049	3	892959087
880	1052	1	880175503
880	1053	3	880242660
880	1058	2	880242421
880	1059	4	880166939
880	1095	3	880175503
880	1119	3	880242028
880	1134	5	880241609
880	1139	4	880242577
880	1151	3	880167454
880	1157	4	880243817
880	1165	2	880175527
880	1181	3	880242781
880	1184	3	880167806
880	1197	3	880167151
880	1215	1	880167599
880	243	2	892958608
880	791	2	880174961
880	783	1	880175187
880	477	3	880166966
880	508	4	880166966
880	527	4	880241943
880	550	4	880167880
880	554	3	880168411
880	556	3	880242451
880	566	3	880167880
880	568	5	880167843
880	570	3	880167965
880	571	2	880175187
880	577	3	880175207
880	578	3	880168411
880	471	4	880167114
880	579	3	880243882
880	467	4	880241821
880	394	3	880243319
880	396	2	880174995
880	401	3	880175077
880	402	3	880242115
880	403	3	880167778
880	405	4	880167328
880	407	1	880175503
880	411	4	880167328
880	412	3	880167306
880	418	4	880241256
880	421	2	880243204
880	423	5	880175690
880	435	4	880167778
880	451	2	880243230
880	468	3	880242422
880	790	3	880175050
880	584	3	880242933
880	722	3	880174904
880	728	4	880243410
880	731	4	880175023
880	732	4	880174652
880	734	3	880175240
880	742	4	880166847
880	746	4	892959246
880	748	4	892958250
880	768	2	880242848
880	769	3	880241492
880	780	3	880175157
880	781	3	880174961
880	721	1	880174749
880	585	1	880175050
880	720	2	880167965
880	697	2	880242281
880	597	3	880167436
880	603	5	880243629
880	623	4	880243069
880	627	3	880241256
880	628	2	880166799
880	636	3	880167918
880	651	5	880167695
880	655	4	880174623
880	678	3	880166662
880	684	4	880167778
880	689	4	880166577
880	692	3	880174652
880	719	3	880174961
887	7	4	881377812
887	378	5	881381207
887	369	5	881378896
887	368	5	881381679
887	365	5	881381610
887	318	5	881379649
887	305	5	881377532
887	294	5	881378219
887	289	5	881380623
887	288	4	881378040
887	284	4	881378669
887	385	4	881380502
887	279	5	881378478
887	257	5	881377854
887	254	4	881379145
887	252	4	881378972
887	240	5	881378972
887	235	3	881378537
887	274	1	881378478
887	222	3	881378153
887	393	4	881381114
887	405	5	881378439
887	476	1	881379059
887	473	4	881378896
887	472	4	881378402
887	470	3	881380773
887	455	5	881378620
887	432	5	881379988
887	431	3	881379685
887	404	4	881381071
887	427	5	881379718
887	420	5	881381425
887	419	2	881379748
887	418	4	881380025
887	412	5	881379188
887	410	4	881378040
887	409	4	881378971
887	423	2	881379954
887	218	5	881381471
887	210	5	881379649
887	206	5	881381471
887	109	5	881378289
887	105	3	881379009
887	100	2	881377854
887	99	5	881380539
887	98	3	881379345
887	91	5	881380884
887	111	5	881378370
887	87	5	881380335
887	82	4	881381028
887	72	4	881381471
887	71	5	881380996
887	69	4	881380025
887	65	5	881381679
887	56	5	881381382
887	50	5	881377758
887	47	5	881381679
887	38	5	881381503
887	84	4	881381114
887	118	5	881378289
887	121	5	881378370
887	204	5	881380067
887	200	1	881380883
887	195	4	881380438
887	187	4	881381610
887	181	5	881378040
887	176	5	881381348
887	172	5	881379718
887	168	4	881380067
887	151	5	881378325
887	142	1	881381207
887	140	5	881381425
887	132	4	881380218
887	127	3	881377854
887	125	5	881377933
887	477	1	881378570
887	491	2	881379566
887	471	3	881377972
887	501	4	881380884
887	1116	5	881381610
887	496	4	881379685
887	1079	1	881378773
887	1063	1	881380404
887	1060	5	881378570
887	1051	4	881378773
887	1047	5	881378773
887	1035	5	881381740
887	1029	5	881381740
887	1028	5	881379059
887	1015	5	881377933
887	1013	4	881379295
887	1012	1	881378153
887	993	5	881378251
887	1120	5	881378439
887	969	5	881379954
887	1136	5	881381071
887	8	4	881380025
887	13	1	881378928
887	22	5	881379566
887	24	5	881378219
887	25	2	881378537
887	28	5	881379522
887	1473	1	881379522
887	1413	4	881380176
887	1383	4	881379239
887	1283	5	881378896
887	1279	3	881378402
887	1239	3	881381679
887	946	4	881381348
887	1084	5	881377893
887	932	2	881379009
887	699	1	881379566
887	697	1	881380623
887	692	5	881380654
887	655	1	881379609
887	597	5	881378325
887	596	5	881378118
887	934	4	881379188
887	548	1	881381555
887	559	4	881381555
887	562	5	881381071
887	568	2	881379566
887	710	5	881380709
887	718	1	881377812
887	673	5	881381382
887	755	5	881381425
887	926	5	881378537
887	928	5	881378620
887	832	2	881379059
887	871	5	881378325
887	931	3	881379009
887	826	1	881379239
887	768	4	881381471
887	763	5	881378087
887	828	3	881378854
887	845	4	881378087
904	288	4	879735109
904	300	4	879735109
904	289	5	879735177
904	280	5	879735678
904	278	5	879735616
904	274	5	879735551
904	1074	4	879735710
904	628	3	879735362
904	796	3	879735710
904	402	4	879735679
904	451	4	879735584
904	535	3	879735404
904	553	3	879735710
904	682	4	879735158
904	694	3	879735551
904	815	4	879735678
904	709	3	879735499
904	739	4	879735678
904	747	4	879735584
904	778	3	879735678
904	785	5	879735731
904	794	4	879735710
904	724	4	879735616
904	216	4	879735461
904	181	3	879735362
904	202	2	879735584
904	9	4	879735316
904	88	3	879735710
904	66	4	879735641
904	117	4	879735316
904	155	4	879735616
904	173	3	879735499
904	97	4	879735678
925	288	5	884633224
925	299	3	884717478
925	219	3	884718099
925	218	4	884717862
925	5	4	884718156
925	327	3	884717790
925	98	4	884717862
925	185	4	884717963
925	245	3	884633287
925	332	4	884717404
925	561	3	884718100
925	447	4	884717963
925	558	1	884718099
925	559	3	884717963
925	563	2	884718204
925	672	3	884718099
925	678	3	884717790
925	682	4	884717586
925	773	1	884717862
925	788	3	884718204
925	816	3	884718156
925	876	3	884717404
925	948	2	884717790
925	217	2	884718100
925	333	3	884717790
925	200	2	884717963
