fold	target size	recommender system	Coverage@10	nDCG@10	P@10	Recall@10	FScore@10
3	100	Average Rating	1.0	0.17313646940545882	0.15018315018315018	0.1656440991116981	0.1293314670186279
3	100	iMF (test)	1.0	0.5788995101492208	0.3978021978021978	0.5442759371971061	0.38343261515170524
3	100	Normalized kNN (full)	1.0	0.48110958922229485	0.341025641025641	0.42256260029001047	0.3158013705959216
3	100	Random	1.0	0.09858375349475074	0.08351648351648353	0.0924149744626337	0.07088544653562535
3	100	iMF (full)	1.0	0.6254796664063034	0.4238095238095238	0.5705593992368313	0.40572018530586057
3	100	Popularity	1.0	0.43715510587727885	0.3058608058608059	0.39516187916194495	0.2861069166786478
3	100	kNN (test)	1.0	0.578253781764949	0.3989010989010989	0.532058730674061	0.37943071969252506
3	100	Normalized kNN (test)	1.0	0.3740357177871998	0.2813186813186813	0.40321769446376815	0.2718775015924033
3	100	kNN (full)	1.0	0.5840002263890332	0.3981684981684982	0.5356713743089876	0.380826502937275
5	100	Average Rating	1.0	0.19688394866159462	0.16483516483516483	0.15681416405702808	0.13700176309234385
5	100	iMF (test)	1.0	0.5672917754589974	0.3956043956043956	0.521506133227704	0.37266928795178
5	100	Normalized kNN (full)	1.0	0.4957456141736729	0.352014652014652	0.42913369450550265	0.3192650283870208
5	100	Random	1.0	0.09426278774254622	0.08461538461538462	0.08441902131343762	0.06802909429506555
5	100	iMF (full)	1.0	0.6210089546875066	0.42234432234432234	0.5506791935795136	0.3951153484199435
5	100	Popularity	1.0	0.4444423380659264	0.32087912087912085	0.402110144119597	0.2933553266235303
5	100	kNN (test)	1.0	0.5860613771874726	0.40366300366300367	0.525744323629116	0.37541105378197387
5	100	Normalized kNN (test)	1.0	0.38077771546034545	0.2868131868131868	0.3996464520691658	0.2732288162181785
5	100	kNN (full)	1.0	0.5818162825997623	0.4010989010989011	0.5260040663960333	0.3743160930143157
4	100	Average Rating	1.0	0.18990856870112702	0.16446886446886447	0.15693887778961008	0.13606744644490637
4	100	iMF (test)	1.0	0.5653239822531735	0.3886446886446886	0.5341700059931571	0.37764362766155146
4	100	Normalized kNN (full)	1.0	0.4870656226686851	0.33992673992673994	0.4141956543562763	0.3136279139904809
4	100	Random	1.0	0.09346574258869747	0.08021978021978023	0.08972536255552577	0.06896872385045458
4	100	iMF (full)	1.0	0.610933244150125	0.41135531135531134	0.5515299895852432	0.39528456768798237
4	100	Popularity	1.0	0.43007449270474757	0.30842490842490844	0.3824953608297063	0.2861591025863811
4	100	kNN (test)	1.0	0.5813463685414355	0.39084249084249084	0.5181108508752884	0.371961551279378
4	100	Normalized kNN (test)	1.0	0.38308755614811635	0.29304029304029305	0.4062129899874853	0.28186888206179767
4	100	kNN (full)	1.0	0.5883798704147079	0.39304029304029303	0.5279763703935614	0.37642180502972894
2	100	Average Rating	1.0	0.19328232957219443	0.15897435897435896	0.15866883826996944	0.1311089741778863
2	100	iMF (test)	1.0	0.5552773941954133	0.38754578754578756	0.5358378570529282	0.3709290528105666
2	100	Normalized kNN (full)	1.0	0.4801811222055907	0.3322344322344322	0.3998088685059534	0.3009805995071713
2	100	Random	1.0	0.10567380484755347	0.08827838827838828	0.10099647538798408	0.07560762467978353
2	100	iMF (full)	1.0	0.6177831140710942	0.41721611721611723	0.5662496143062219	0.39673066793285855
2	100	Popularity	1.0	0.44097955069559663	0.3139194139194139	0.3879627620405229	0.2879525003635574
2	100	kNN (test)	1.0	0.5837716318082136	0.3974358974358974	0.5351210110256006	0.37555700332540953
2	100	Normalized kNN (test)	1.0	0.38480338513600754	0.28901098901098904	0.4094413658238485	0.27462963387142914
2	100	kNN (full)	1.0	0.5976850318444479	0.40366300366300367	0.552118339308596	0.38449663899100545
1	100	Average Rating	1.0	0.19777793395072443	0.15860805860805863	0.16047495802959505	0.13473952251179935
1	100	iMF (test)	1.0	0.6010769275248883	0.4073260073260073	0.5564619777082858	0.39534232258612567
1	100	Normalized kNN (full)	1.0	0.46977705866889363	0.32893772893772893	0.3900039510397332	0.30426077968370074
1	100	Random	1.0	0.11036398288478533	0.09157509157509157	0.08568869715243864	0.07509927110799723
1	100	iMF (full)	1.0	0.6257261951284572	0.4267399267399267	0.5817519720271044	0.41189921499877147
1	100	Popularity	1.0	0.4367491213448492	0.31978021978021975	0.3965448764567376	0.2995350865836441
1	100	kNN (test)	1.0	0.5849170421504721	0.3985347985347985	0.5393281703888605	0.38252515485325356
1	100	Normalized kNN (test)	1.0	0.39150443266519913	0.29926739926739926	0.4105821382622813	0.2858475135752089
1	100	kNN (full)	1.0	0.5834562018853378	0.39597069597069595	0.5242812922023002	0.3780344166512309
3	200	Average Rating	1.0	0.10900742171097409	0.1	0.09399462209089665	0.08040724480836844
3	200	iMF (test)	1.0	0.4891903167188962	0.33003663003663003	0.45172464900874587	0.3174709820469238
3	200	Normalized kNN (full)	1.0	0.40232482614009935	0.2853479853479854	0.3702010575882147	0.2701977106910278
3	200	Random	1.0	0.0535294490044422	0.045787545787545784	0.047931434720745764	0.03793948545179687
3	200	iMF (full)	1.0	0.5589770058614616	0.37655677655677655	0.5058986330252931	0.3591189891616343
3	200	Popularity	1.0	0.3520961837076148	0.24358974358974358	0.31369126212235937	0.2251582538451415
3	200	kNN (test)	1.0	0.508478909075341	0.3465201465201465	0.4600063528494862	0.3274594897920974
3	200	Normalized kNN (test)	1.0	0.2366269652860473	0.184981684981685	0.2505536546917279	0.17483115312669828
3	200	kNN (full)	1.0	0.5087396135693001	0.34835164835164834	0.46015132203041736	0.3299783081148311
3	5	Average Rating	0.9710622710622712	0.6570507370779352	0.46813186813186813	0.6621424756946773	0.46306259665156996
3	5	iMF (test)	0.9710622710622712	0.7707803109643858	0.519047619047619	0.7099149321104811	0.5081045771318854
3	5	Normalized kNN (full)	0.9710622710622712	0.7098670697716896	0.4842490842490842	0.6632170124809714	0.4720068833660583
3	5	Random	0.9710622710622712	0.5187748344986125	0.3758241758241758	0.5760610996536281	0.38307735860855485
5	200	Average Rating	1.0	0.138036344067785	0.11941391941391942	0.09824861204151279	0.09320950310169059
3	5	iMF (full)	0.9710622710622712	0.769980798469057	0.5153846153846153	0.7059670545978679	0.5045285533658747
3	5	Popularity	0.9710622710622712	0.6969907270490052	0.47912087912087914	0.6788668771469254	0.4765353909209149
3	5	kNN (test)	0.9710622710622712	0.7510939160771751	0.5091575091575091	0.6950808287739813	0.4972375745251355
5	200	iMF (test)	1.0	0.47247264675797934	0.3249084249084249	0.4330340692399174	0.30520726192670733
3	5	Normalized kNN (test)	0.9710622710622712	0.7333545486389399	0.495970695970696	0.6867879150129951	0.4874997858196085
5	200	Normalized kNN (full)	1.0	0.4038736203273652	0.29047619047619044	0.37204689987325684	0.26764738804979443
5	200	Random	1.0	0.06014603493443662	0.055311355311355316	0.05045801110707968	0.044653404425666406
3	5	kNN (full)	0.9710622710622712	0.7578162339655443	0.5106227106227107	0.7014161607521238	0.5004864652212809
5	200	iMF (full)	1.0	0.5503274128706611	0.3750915750915751	0.48555325361843915	0.3473189535968706
5	200	Popularity	1.0	0.366011883859066	0.26153846153846155	0.3188892414321772	0.23427102292263235
5	200	kNN (test)	1.0	0.5107957337102119	0.35421245421245423	0.44508852107545205	0.32344056021762174
5	200	Normalized kNN (test)	1.0	0.24539272477343577	0.19230769230769232	0.26157606388503457	0.17800473513077253
5	200	kNN (full)	1.0	0.5100104551632894	0.3534798534798535	0.457935845979329	0.3267492222525716
5	5	Average Rating	0.9652014652014652	0.6588689486719735	0.48278388278388285	0.6587160791127548	0.46363293395334154
5	5	iMF (test)	0.9652014652014652	0.7562531963987978	0.5161172161172162	0.6964322359493532	0.49618213487540086
5	5	Normalized kNN (full)	0.9652014652014652	0.6941367393121106	0.48278388278388285	0.6374135489235039	0.4554752867430204
5	5	Random	0.9652014652014652	0.5156450970019889	0.38461538461538464	0.572906859253222	0.3824709197907577
5	5	iMF (full)	0.9652014652014652	0.7570943740794668	0.5117216117216117	0.6878148779826545	0.48978451551644325
5	5	Popularity	0.9652014652014652	0.6850388311159177	0.47582417582417585	0.659056466948475	0.46117100196805627
4	200	Average Rating	1.0	0.11783056566957387	0.10219780219780221	0.09447259219747643	0.08286369849697588
5	5	kNN (test)	0.9652014652014652	0.7434847599484198	0.508058608058608	0.6793882641171162	0.48476384900841085
5	5	Normalized kNN (test)	0.9652014652014652	0.7263087356435887	0.5043956043956044	0.6837091726156272	0.4844788712746487
4	200	iMF (test)	1.0	0.47226029331621416	0.32857142857142857	0.44765739933091997	0.31697276398818913
5	5	kNN (full)	0.9652014652014652	0.7423840736250424	0.5073260073260073	0.6859131612449874	0.48679607537600894
4	200	Normalized kNN (full)	1.0	0.40501330600151353	0.28351648351648356	0.369717500483096	0.26850309394211
4	200	Random	1.0	0.04779008040391879	0.043589743589743594	0.034454761189383086	0.03375790920944207
4	200	iMF (full)	1.0	0.5468267706549713	0.36849816849816847	0.4750209822176863	0.34844118791203016
4	200	Popularity	1.0	0.34891237008337916	0.25421245421245425	0.29812591023287643	0.23104934552077874
4	200	kNN (test)	1.0	0.5231631117299098	0.352014652014652	0.45114054841627776	0.3285042677695197
4	200	Normalized kNN (test)	1.0	0.24088412366892956	0.19120879120879122	0.26123048732567783	0.17949810364625535
4	200	kNN (full)	1.0	0.5260761444898473	0.3527472527472527	0.45715985149478094	0.3320013750667121
4	5	Average Rating	0.9761904761904762	0.668817111340594	0.47655677655677653	0.6647720449003185	0.47270069618244376
4	5	iMF (test)	0.9761904761904762	0.7631193051436052	0.521978021978022	0.7078651767482341	0.5123749683334423
4	5	Normalized kNN (full)	0.9761904761904762	0.7079416856733076	0.4835164835164835	0.6523631561887542	0.4704709893679911
4	5	Random	0.9761904761904762	0.5165586866414823	0.37948717948717947	0.5761339945713385	0.3897636216979369
4	5	iMF (full)	0.9761904761904762	0.7637404500234936	0.5128205128205128	0.6967229025091212	0.5025255740275674
4	5	Popularity	0.9761904761904762	0.686691500856533	0.47838827838827835	0.6740135766610307	0.4767136389129785
4	5	kNN (test)	0.9761904761904762	0.7537239152827165	0.5047619047619049	0.6859414118407673	0.4943857287645499
2	200	Average Rating	1.0	0.12694881415928286	0.10732600732600733	0.09521223244014163	0.08327044765117148
4	5	Normalized kNN (test)	0.9761904761904762	0.742066565691325	0.5051282051282051	0.6868820103243289	0.49588627355049175
2	200	iMF (test)	1.0	0.48281990631851546	0.33626373626373623	0.4670950094918736	0.31825879658993267
4	5	kNN (full)	0.9761904761904762	0.7590887163243474	0.5084249084249085	0.6903964384095794	0.4984592239524913
2	200	Normalized kNN (full)	1.0	0.41233099937805034	0.28498168498168497	0.3562760562807401	0.2612706778920213
2	200	Random	1.0	0.051814209778090606	0.045787545787545784	0.03352764891504459	0.03334099321037544
2	200	iMF (full)	1.0	0.5495720999565628	0.3695970695970696	0.49930452469257186	0.34894019167051027
2	200	Popularity	1.0	0.3472316510860407	0.2512820512820513	0.3028953989508791	0.22646041180880322
2	200	kNN (test)	1.0	0.5062570648337675	0.34212454212454213	0.46012587106941805	0.32203988362031605
2	200	Normalized kNN (test)	1.0	0.2506610447375516	0.19413919413919414	0.2850971765087209	0.18165600138882965
2	200	kNN (full)	1.0	0.5122009129048886	0.3498168498168498	0.48556934881872066	0.3322538961549353
2	5	Average Rating	0.9714285714285714	0.6899665546351739	0.4835164835164835	0.6877757297734236	0.47279657013687554
2	5	iMF (test)	0.9714285714285714	0.7762072788835015	0.521978021978022	0.7266978497115314	0.5074604689896434
2	5	Normalized kNN (full)	0.9714285714285714	0.7103620876187534	0.48241758241758237	0.6694474407258669	0.4649165709550656
2	5	Random	0.9714285714285714	0.538449423020556	0.39377289377289376	0.6036592357495206	0.3953807325082423
1	200	Average Rating	1.0	0.12902178428542177	0.10732600732600733	0.10523385592789669	0.0888289543527362
2	5	iMF (full)	0.9714285714285714	0.780561891251397	0.5164835164835165	0.7266266577005459	0.5056483229901422
2	5	Popularity	0.9714285714285714	0.7114474819150056	0.4864468864468865	0.7011767374626101	0.4808609195778379
2	5	kNN (test)	0.9714285714285714	0.7714783618146096	0.5168498168498168	0.7227171898154043	0.5035373788525218
1	200	iMF (test)	1.0	0.48664073024194066	0.34065934065934067	0.4546726408023442	0.3256703714963547
1	200	Normalized kNN (full)	1.0	0.39536700929128943	0.2783882783882784	0.3438941441482095	0.2613667711248328
1	200	Random	1.0	0.05334324834660059	0.050183150183150185	0.04978748704257068	0.04190747948939635
2	5	Normalized kNN (test)	0.9714285714285714	0.7553864858984826	0.5095238095238095	0.7176561358896245	0.4973593526772855
2	5	kNN (full)	0.9714285714285714	0.7706329112943661	0.5175824175824176	0.7246931692948131	0.5051708548981901
1	200	iMF (full)	1.0	0.5351839058590881	0.3728937728937729	0.49001352647956364	0.3548945180131805
1	200	Popularity	1.0	0.3438561164630058	0.2578754578754579	0.29605787096877345	0.23517495486384613
1	200	kNN (test)	1.0	0.5093171413947845	0.34908424908424907	0.46082655468952954	0.3298894606127009
1	200	Normalized kNN (test)	1.0	0.25351054901158193	0.2010989010989011	0.27760517262652684	0.1914792670481029
1	200	kNN (full)	1.0	0.5064331876344623	0.3509157509157509	0.4545119292204434	0.3308909720231583
1	5	Average Rating	0.972893772893773	0.6799903396214995	0.47655677655677653	0.6798571907037023	0.47275690638117723
3	50	Average Rating	1.0	0.28863650194682516	0.23626373626373626	0.28853475958048147	0.21455312994076847
1	5	iMF (test)	0.972893772893773	0.7810665442926259	0.5274725274725275	0.7270952939124654	0.5176596917835027
1	5	Normalized kNN (full)	0.972893772893773	0.7108285324857259	0.4908424908424908	0.6722255440100131	0.4757782955626902
3	50	iMF (test)	1.0	0.6612678876732379	0.4428571428571429	0.6067037358972709	0.43060664200668947
3	50	Normalized kNN (full)	1.0	0.553990208543102	0.3831501831501831	0.466930239199222	0.3556565753363507
1	5	Random	0.972893772893773	0.5363722840655765	0.39597069597069595	0.5879601874540589	0.3959558067883224
3	50	Random	1.0	0.16734909718813312	0.13992673992673993	0.1588111628820854	0.12385196403581111
1	5	iMF (full)	0.972893772893773	0.7629981115985639	0.517948717948718	0.717325712746961	0.5093897986869388
3	50	iMF (full)	1.0	0.6787607565222004	0.45897435897435895	0.6247525067250647	0.44471171838671414
3	50	Popularity	1.0	0.5182816400480457	0.36520146520146524	0.47748036595396154	0.3474566050844811
1	5	Popularity	0.972893772893773	0.703244735688436	0.4882783882783883	0.6928360223139425	0.484752230240677
3	50	kNN (test)	1.0	0.6519386907378565	0.44175824175824174	0.5921156821809017	0.4231796142104529
1	5	kNN (test)	0.972893772893773	0.7602026527159294	0.5157509157509158	0.7119583725858505	0.5058132471886986
3	50	Normalized kNN (test)	1.0	0.500281656515217	0.36043956043956044	0.5219041207081844	0.3532772527224086
1	5	Normalized kNN (test)	0.972893772893773	0.7471567312703346	0.510989010989011	0.7087740271660116	0.5023768663646375
3	50	kNN (full)	1.0	0.6513891095074111	0.4391941391941392	0.5888479119654442	0.4222025062116589
1	5	kNN (full)	0.972893772893773	0.7575007944386734	0.5124542124542125	0.712752394352477	0.5048380542205594
5	50	Average Rating	1.0	0.30101856791095594	0.24432234432234434	0.2659831877038204	0.21072464807641883
3	20	Average Rating	1.0	0.46190720423189613	0.35714285714285715	0.4757710112200655	0.3420025320977614
5	50	iMF (test)	1.0	0.6408681691111202	0.4424908424908425	0.5987255991658517	0.4215800883003874
5	50	Normalized kNN (full)	1.0	0.5486670908574267	0.38754578754578756	0.46417741546588903	0.3500485795062312
5	50	Random	1.0	0.1651085629632198	0.14249084249084248	0.1363528023323219	0.11952183711710479
3	20	iMF (test)	1.0	0.7189120822297201	0.4816849816849817	0.6640891350145024	0.4712914221842657
3	20	Normalized kNN (full)	1.0	0.6207438291490422	0.42820512820512824	0.5271894224946725	0.40000305219365345
3	20	Random	1.0	0.2708297665286206	0.22380952380952382	0.26448937361522196	0.20483045767157854
5	50	iMF (full)	1.0	0.6639489817523907	0.45091575091575087	0.6015247490796582	0.4267809275800523
5	50	Popularity	1.0	0.5136868543073311	0.3710622710622711	0.4791605600564204	0.34611410838598144
5	50	kNN (test)	1.0	0.6393169697695885	0.44175824175824174	0.5822077664023428	0.41471605533789385
3	20	iMF (full)	1.0	0.7339126416663658	0.493040293040293	0.6719170778673331	0.48000170907745054
5	50	Normalized kNN (test)	1.0	0.503665468937491	0.37362637362637363	0.5001145485844263	0.3523966214433121
3	20	Popularity	1.0	0.6140140758268636	0.4267399267399267	0.5835537090240464	0.417146538748876
3	20	kNN (test)	1.0	0.7091906331370981	0.48534798534798534	0.6578668683387323	0.4706912022182081
5	50	kNN (full)	1.0	0.6403770646819841	0.43956043956043955	0.5816284851113839	0.4143048980761663
3	20	Normalized kNN (test)	1.0	0.6371108981794754	0.44505494505494503	0.6250732550960699	0.43754600081811024
3	20	kNN (full)	1.0	0.7127479779074699	0.48131868131868133	0.6632615123249047	0.4694307165344324
4	50	Average Rating	1.0	0.31469155066221366	0.25457875457875456	0.29975433666505114	0.2311672824038822
4	50	iMF (test)	1.0	0.643812640600069	0.4399267399267399	0.5954998669339672	0.4260173996888639
5	20	Average Rating	1.0	0.47169594580666446	0.3695970695970696	0.4751924647158082	0.3405640727826135
4	50	Normalized kNN (full)	1.0	0.5503963476213437	0.37655677655677655	0.45799301928423997	0.3495662467755519
4	50	Random	1.0	0.15815763603201496	0.12673992673992673	0.14383270040097626	0.11051791252794461
3	1000	Average Rating	1.0	0.024259756967240486	0.028205128205128206	0.01996863182412441	0.020223473907417907
5	20	iMF (test)	1.0	0.7093948788412912	0.4842490842490842	0.6498538985539478	0.46151031849152274
4	50	iMF (full)	1.0	0.6771083328276244	0.45860805860805864	0.6185641214116079	0.44346804450629157
4	50	Popularity	1.0	0.5103520023214738	0.36556776556776555	0.47429033890599315	0.34731622850840815
3	1000	iMF (test)	1.0	0.2424113584931223	0.17362637362637362	0.22143452278175396	0.16003833435653111
5	20	Normalized kNN (full)	1.0	0.6180055984642374	0.43003663003663006	0.5251646004882741	0.3928377918249268
5	20	Random	1.0	0.2915390733791815	0.23479853479853477	0.29051527370263197	0.2128423838403998
4	50	kNN (test)	1.0	0.6458079043366654	0.42857142857142855	0.5774465084722107	0.41209316363046194
3	1000	Normalized kNN (full)	1.0	0.1862822001655687	0.13443223443223445	0.1914080036317786	0.12969685771037423
3	1000	Random	1.0	0.012846511360191857	0.011355311355311355	0.009521104262016574	0.007383107435793849
4	50	Normalized kNN (test)	1.0	0.5243225015319439	0.3769230769230769	0.5254042804804135	0.36793558937789705
4	50	kNN (full)	1.0	0.6593301375067603	0.4340659340659341	0.5848423563176913	0.41825524593375707
5	20	iMF (full)	1.0	0.7221715866363141	0.48534798534798534	0.6475350091688069	0.4619193309841814
5	20	Popularity	1.0	0.6061651537775613	0.42930402930402933	0.5795731468969172	0.4081478981333301
5	20	kNN (test)	1.0	0.7055335315563284	0.4835164835164835	0.6404950282620188	0.45718878040026184
3	1000	iMF (full)	1.0	0.3458133195851676	0.241025641025641	0.29982425138454055	0.22034348130925688
3	1000	Popularity	1.0	0.18303432002421532	0.13663003663003664	0.16561937595694415	0.12445326453357941
3	1000	kNN (test)	1.0	0.3027563772994331	0.21062271062271062	0.2624425871542784	0.19004142168247562
5	20	Normalized kNN (test)	1.0	0.6414189418370517	0.45054945054945056	0.6150284672898109	0.4315264383961318
5	20	kNN (full)	1.0	0.6973019366340087	0.4747252747252747	0.6406608965944914	0.45259822443502384
3	1000	Normalized kNN (test)	1.0	0.058818006314681585	0.04908424908424908	0.06873969082868599	0.043703896722836234
3	1000	kNN (full)	1.0	0.307029674391095	0.21245421245421245	0.26660434103716035	0.19234693560068097
2	50	Average Rating	1.0	0.30684931706162905	0.24468864468864468	0.2917166369087918	0.21776796408952193
2	50	iMF (test)	1.0	0.6495742578407353	0.4432234432234432	0.6141741791132871	0.427728473954797
2	50	Normalized kNN (full)	1.0	0.5445262952009579	0.37655677655677655	0.4446362358138727	0.3408005629160823
4	20	Average Rating	1.0	0.45755727829184767	0.3626373626373626	0.46913592394179227	0.34422239104893676
2	50	Random	1.0	0.16475819773761605	0.1413919413919414	0.15908822004586473	0.12289932730678046
4	20	iMF (test)	1.0	0.718855145798634	0.48315018315018315	0.6569283757204847	0.471923224411877
2	50	iMF (full)	1.0	0.6899692148293768	0.46483516483516485	0.6419057274254373	0.4483620316846391
5	1000	Average Rating	1.0	0.03575306236079353	0.03406593406593407	0.030114138994646017	0.02678024083763574
2	50	Popularity	1.0	0.5291733332024933	0.3758241758241758	0.48918214568479845	0.35515224590729605
2	50	kNN (test)	1.0	0.6487288526352348	0.43772893772893773	0.5944030544664076	0.4177836089030146
4	20	Normalized kNN (full)	1.0	0.6105529702558755	0.41245421245421243	0.5087449786201768	0.38523305509727324
4	20	Random	1.0	0.29031546015721593	0.23186813186813188	0.2784834620172418	0.2145236752189745
2	50	Normalized kNN (test)	1.0	0.5044671819092786	0.37142857142857144	0.5143616959108067	0.3533310911708835
5	1000	iMF (test)	1.0	0.2412236333105943	0.1706959706959707	0.221972570302492	0.15530221112298925
2	50	kNN (full)	1.0	0.6549643601658314	0.44358974358974357	0.6065918047494591	0.4255076060702166
5	1000	Normalized kNN (full)	1.0	0.1915728463429169	0.13406593406593406	0.2017668226017378	0.13028556533429952
5	1000	Random	1.0	0.018320310759575662	0.01282051282051282	0.016237196615389887	0.010660517898452015
4	20	iMF (full)	1.0	0.7161494119789387	0.4838827838827839	0.6574672952059984	0.4733560049573182
4	20	Popularity	1.0	0.6017969528247566	0.42344322344322344	0.5762158014925324	0.41266625301507504
4	20	kNN (test)	1.0	0.7061358698360881	0.4703296703296703	0.6381463695655887	0.45709039662431916
5	1000	iMF (full)	1.0	0.35103691054882913	0.23846153846153845	0.305053362441403	0.21369974047075987
5	1000	Popularity	1.0	0.1836145853166804	0.1285714285714286	0.15825471535213262	0.11253733733189074
5	1000	kNN (test)	1.0	0.3044205969132446	0.21245421245421245	0.2598773527620053	0.18777440230330195
4	20	Normalized kNN (test)	1.0	0.6344576938805134	0.4472527472527472	0.6148624566798168	0.43728880045687785
5	1000	Normalized kNN (test)	1.0	0.06041302060281082	0.050183150183150185	0.054684094325779274	0.042978564634618695
4	20	kNN (full)	1.0	0.7122798555106092	0.47362637362637366	0.6414408990861119	0.46087615465425597
5	1000	kNN (full)	1.0	0.3054102867633435	0.21428571428571427	0.26593374141501486	0.1893766372224453
1	50	Average Rating	1.0	0.30063117134716777	0.24065934065934066	0.2703849771747189	0.21439398748677915
1	50	iMF (test)	1.0	0.6612988080062409	0.452014652014652	0.6246058044587481	0.44027491967910637
1	50	Normalized kNN (full)	1.0	0.530450865474989	0.37362637362637363	0.4392471889353459	0.3424076674336947
1	50	Random	1.0	0.17300965795352174	0.14065934065934066	0.14866282214872	0.12099655253828805
2	20	Average Rating	1.0	0.48766119581056816	0.37545787545787546	0.49381078633676023	0.352556624064937
2	20	iMF (test)	1.0	0.7341782669564205	0.4945054945054945	0.692685772722215	0.47925133001202896
1	50	iMF (full)	1.0	0.6750913682286845	0.46703296703296704	0.6383745107267013	0.452345870600737
1	50	Popularity	1.0	0.5132205423481275	0.37435897435897436	0.47192338701268866	0.35301660299983384
1	50	kNN (test)	1.0	0.6488344643825589	0.4428571428571429	0.6007290029729716	0.42788867921916934
2	20	Normalized kNN (full)	1.0	0.6137278515357736	0.42014652014652015	0.5260200692839704	0.38797686989306684
2	20	Random	1.0	0.280992846390458	0.22747252747252747	0.2886729455119045	0.20713834067595427
1	50	Normalized kNN (test)	1.0	0.5239081501003058	0.3871794871794872	0.5411125221299643	0.3779746031284634
4	1000	Average Rating	1.0	0.03424228396852725	0.03076923076923077	0.026239159717012916	0.02345937174201994
1	50	kNN (full)	1.0	0.6485702344966014	0.44175824175824174	0.6029732584672012	0.42771422519556046
4	1000	iMF (test)	1.0	0.23826221957331353	0.1684981684981685	0.2236695876125633	0.1571558163245714
4	1000	Normalized kNN (full)	1.0	0.19269195252412027	0.13699633699633698	0.20668263663307546	0.13717399036225794
4	1000	Random	1.0	0.013757051622192639	0.013186813186813187	0.009237060049524612	0.009702049940829809
2	20	iMF (full)	1.0	0.7338795747753771	0.4926739926739927	0.6892969576414115	0.47829561700362644
2	20	Popularity	1.0	0.6235245928006123	0.4351648351648352	0.6090926496307926	0.42292380043284405
2	20	kNN (test)	1.0	0.7182173699356091	0.484981684981685	0.665723791012217	0.4673516904137673
2	20	Normalized kNN (test)	1.0	0.6559314397201608	0.4556776556776557	0.6416505201037515	0.44077117552598755
2	20	kNN (full)	1.0	0.7258242186889907	0.49010989010989015	0.6799152459514151	0.4742266836766414
4	1000	iMF (full)	1.0	0.338139733326251	0.23443223443223443	0.28445516158758577	0.21369602480352962
4	1000	Popularity	1.0	0.17963097013172802	0.1326007326007326	0.15784487742710257	0.11887899514729895
4	1000	kNN (test)	1.0	0.31841799570908164	0.2164835164835165	0.27692166352530695	0.1979784157685212
4	1000	Normalized kNN (test)	1.0	0.056123701944925095	0.045054945054945054	0.06392399816204686	0.04066842853603965
4	1000	kNN (full)	1.0	0.3203728549383702	0.21575091575091573	0.2787097921209058	0.19854055973538903
1	20	Average Rating	1.0	0.4729025008586054	0.36117216117216117	0.4716970617867997	0.3437332112134479
1	20	iMF (test)	1.0	0.7213752097821662	0.4882783882783883	0.6757353570020499	0.47758610096264464
1	20	Normalized kNN (full)	1.0	0.5983624539292667	0.41904761904761906	0.5123126342323111	0.3888304170597993
1	20	Random	1.0	0.2964431078386375	0.23553113553113553	0.30875146710381596	0.21847317762642848
1	20	iMF (full)	1.0	0.7279293161686015	0.4945054945054945	0.6852956686583248	0.48397265344157103
1	20	Popularity	1.0	0.6120134250740377	0.4347985347985348	0.5939415490940164	0.42221250224823076
2	1000	Average Rating	1.0	0.036930647312638704	0.0347985347985348	0.02636110032183073	0.025599826510898847
1	20	kNN (test)	1.0	0.7080469829477618	0.47985347985347987	0.6567698842855482	0.4668160474765937
1	20	Normalized kNN (test)	1.0	0.6383664361007994	0.4564102564102564	0.6295915975328599	0.44620237764076753
2	1000	iMF (test)	1.0	0.23286708820608906	0.16227106227106228	0.21415928439255863	0.15027310678062838
1	20	kNN (full)	1.0	0.7135641782608595	0.482051282051282	0.6681932391199483	0.4719048684768257
2	1000	Normalized kNN (full)	1.0	0.19819879000761506	0.13333333333333333	0.2068978915098074	0.1313376921742076
2	1000	Random	1.0	0.00933380039787407	0.009523809523809525	0.007437480235856768	0.0069057659540439275
2	1000	iMF (full)	1.0	0.3456143895592117	0.23663003663003662	0.2981050284633007	0.2151619358089936
2	1000	Popularity	1.0	0.1672393159861271	0.12637362637362637	0.14364111296220752	0.1111962284124932
2	1000	kNN (test)	1.0	0.3088511875140011	0.210989010989011	0.260499843096612	0.18939078429962192
2	1000	Normalized kNN (test)	1.0	0.0572134633108708	0.04908424908424908	0.06494586361494793	0.04404736051064366
2	1000	kNN (full)	1.0	0.3075548537513829	0.2098901098901099	0.26553459519145994	0.19050595613239354
3	10	Average Rating	1.0	0.5701019523829186	0.42344322344322344	0.5790441571505781	0.411499296126284
3	10	iMF (test)	1.0	0.7550813801727726	0.5058608058608058	0.693171002404824	0.4943395572217374
3	10	Normalized kNN (full)	1.0	0.6690366183495823	0.45677655677655676	0.6035057408394138	0.4372956910194583
3	10	Random	1.0	0.38614669149412634	0.29816849816849816	0.41243880937716665	0.28606080800411604
3	10	iMF (full)	1.0	0.7600104868905674	0.5058608058608058	0.6939036305983363	0.4946178110874324
3	10	Popularity	1.0	0.6650895915262311	0.463003663003663	0.6469547070042809	0.45688842762658577
3	10	kNN (test)	1.0	0.7394777329591484	0.5018315018315018	0.6846162297468784	0.489142161477377
1	1000	Average Rating	1.0	0.04183899187495187	0.03663003663003663	0.034012973788578184	0.02822791208020587
1	1000	iMF (test)	1.0	0.2559736938991856	0.17765567765567766	0.24407588396435143	0.17049034809399446
3	10	Normalized kNN (test)	1.0	0.6964434829409181	0.4787545787545787	0.6651394584293828	0.47108840511891653
1	1000	Normalized kNN (full)	1.0	0.19192920985844641	0.13772893772893774	0.19885364816733078	0.1371780671958583
1	1000	Random	1.0	0.013713841240759509	0.013186813186813187	0.00889382485300089	0.009755581248856155
3	10	kNN (full)	1.0	0.7432101236200468	0.49963369963369964	0.6851108264039968	0.4880895771563807
1	1000	iMF (full)	1.0	0.3387126489909804	0.23076923076923078	0.29820115976454975	0.21455884032447636
1	1000	Popularity	1.0	0.17127303018217205	0.1336996336996337	0.14386920203545717	0.11765840804867242
1	1000	kNN (test)	1.0	0.30826108642671085	0.21684981684981686	0.26339879472536215	0.19817451112158743
1	1000	Normalized kNN (test)	1.0	0.05700049368760972	0.046886446886446886	0.06066671141315109	0.042822209875772586
1	1000	kNN (full)	1.0	0.31389120345557203	0.2164835164835165	0.2679960056936817	0.19876620354241964
5	10	Average Rating	1.0	0.5735762314178274	0.4340659340659341	0.5944358896516543	0.41567868767421223
5	10	iMF (test)	1.0	0.7360553004748892	0.5018315018315018	0.6786752290913838	0.48134205388092716
5	10	Normalized kNN (full)	1.0	0.6590224687175649	0.4553113553113553	0.5826649647138318	0.42403376842846535
5	10	Random	1.0	0.40536955884489695	0.308058608058608	0.42998738000754894	0.29430764272599813
3	1534	Average Rating	1.0	0.010578068087881183	0.011721611721611722	0.008139828469495887	0.008517430281396152
5	10	iMF (full)	1.0	0.7408173345734781	0.49413919413919416	0.6674033430858233	0.4729468705426016
5	10	Popularity	1.0	0.6497858014489929	0.4556776556776557	0.6248694617700773	0.43865337854359576
5	10	kNN (test)	1.0	0.7251666602755358	0.4945054945054945	0.6623692617515298	0.47079698272958675
3	1534	iMF (test)	1.0	0.1872677625481236	0.1311355311355311	0.17568197647457195	0.12110389531812434
5	10	Normalized kNN (test)	1.0	0.6832938040666645	0.47802197802197804	0.6521261566608941	0.46010853549562797
3	1534	Normalized kNN (full)	1.0	0.1443638060088531	0.10366300366300367	0.15056241168321463	0.10002362849154398
3	1534	Random	1.0	0.005590104220999001	0.0043956043956043965	0.003772896923051722	0.0037108060736096345
5	10	kNN (full)	1.0	0.7256526568041365	0.49487179487179483	0.6685001429554294	0.4739609763287277
3	1534	iMF (full)	1.0	0.294217302989965	0.19743589743589743	0.24535348434020715	0.1793207870489042
3	1534	Popularity	1.0	0.14003818061999257	0.11025641025641027	0.12848354831253112	0.09873324939873976
3	1534	kNN (test)	1.0	0.2569558506427562	0.17875457875457876	0.2134957640527326	0.1586297914870254
3	1534	Normalized kNN (test)	1.0	0.030333653150324155	0.02893772893772894	0.034481394361182395	0.02531275586532191
3	1534	kNN (full)	1.0	0.26537739842751423	0.18168498168498168	0.22570200189061834	0.16318557946340262
4	10	Average Rating	1.0	0.5897130704135496	0.43333333333333335	0.6017303205023845	0.42542132618697476
4	10	iMF (test)	1.0	0.7420427024240761	0.5069597069597069	0.6885817301819718	0.4974493475552762
4	10	Normalized kNN (full)	1.0	0.6640668628428088	0.4534798534798535	0.5833982186339972	0.432993975160849
4	10	Random	1.0	0.4112072386200773	0.3139194139194139	0.4384861224140411	0.3099437422678023
5	1534	Average Rating	1.0	0.022520913165914463	0.022344322344322345	0.019047236426340264	0.017287769305411316
4	10	iMF (full)	1.0	0.73909723534914	0.4992673992673993	0.6818730860336643	0.4900755585400096
4	10	Popularity	1.0	0.6561247508627953	0.45860805860805864	0.6376988191634309	0.4533813858546614
4	10	kNN (test)	1.0	0.7347491180810982	0.4897435897435897	0.6647341508305593	0.47793996945374945
5	1534	iMF (test)	1.0	0.19477474610421033	0.13516483516483516	0.18338902481069078	0.12507489058346435
5	1534	Normalized kNN (full)	1.0	0.14790130420313202	0.10402930402930403	0.15689020557791877	0.10069647982031821
5	1534	Random	1.0	0.008622179324580287	0.006593406593406593	0.004794115675662119	0.004989132218595165
4	10	Normalized kNN (test)	1.0	0.703761721890036	0.48315018315018315	0.6600377634880719	0.4735839055778128
4	10	kNN (full)	1.0	0.743095588351368	0.4945054945054945	0.6741046800919255	0.4845556707991784
5	1534	iMF (full)	1.0	0.3051722305646616	0.20256410256410257	0.26635054178788325	0.18154757560947948
5	1534	Popularity	1.0	0.1469295615772396	0.10512820512820513	0.12537434186902305	0.09160784892361384
5	1534	kNN (test)	1.0	0.2542809065285952	0.1761904761904762	0.21674861730390096	0.15456065953556916
5	1534	Normalized kNN (test)	1.0	0.041029590878004396	0.03553113553113554	0.03400137563123179	0.028960315229273614
5	1534	kNN (full)	1.0	0.2612952979071168	0.18205128205128207	0.22940330400302153	0.16041516497908437
2	10	Average Rating	1.0	0.6055770342163669	0.43846153846153846	0.6193005357647544	0.4232542557151353
2	10	iMF (test)	1.0	0.7567167529846598	0.5113553113553113	0.7133145712194963	0.4963614174206548
2	10	Normalized kNN (full)	1.0	0.665335776212976	0.45604395604395603	0.6012155314401851	0.43190356416568015
2	10	Random	1.0	0.42556400036767383	0.32564102564102565	0.466771788427748	0.3145990954577049
4	1534	Average Rating	1.0	0.02472283367296581	0.023076923076923078	0.020077788135954285	0.017454747258619334
2	10	iMF (full)	1.0	0.7626084114211673	0.5091575091575091	0.7150884133324504	0.4974778018200392
2	10	Popularity	1.0	0.6777510063064262	0.4663003663003663	0.6703322051195066	0.45885721552683023
2	10	kNN (test)	1.0	0.7486649457265511	0.5047619047619049	0.7019181541547345	0.490300094374239
4	1534	iMF (test)	1.0	0.19179932184666226	0.13736263736263737	0.17563188356920467	0.12671714738795
4	1534	Normalized kNN (full)	1.0	0.1455077885288891	0.10329670329670329	0.16242459100022924	0.10402943857898035
2	10	Normalized kNN (test)	1.0	0.7202965635427439	0.4908424908424908	0.6865960309862379	0.4758525275234588
4	1534	Random	1.0	0.006721762135741837	0.005128205128205129	0.006123637860941478	0.005228527294722194
2	10	kNN (full)	1.0	0.7509081958211874	0.508058608058608	0.7115926726859132	0.4948890495065797
4	1534	iMF (full)	1.0	0.28741838715509843	0.19963369963369965	0.2452638932451831	0.18103096138576447
4	1534	Popularity	1.0	0.14228602052820147	0.10622710622710622	0.1308798538200377	0.09547609326723204
4	1534	kNN (test)	1.0	0.26368861618236267	0.1813186813186813	0.22114903992173734	0.16210421785544607
4	1534	Normalized kNN (test)	1.0	0.03209424128511461	0.029304029304029304	0.029834179132968625	0.023916006886428042
4	1534	kNN (full)	1.0	0.27344405073678196	0.18608058608058609	0.23811687733257025	0.16917667322923607
1	10	Average Rating	1.0	0.5959557093306429	0.4391941391941392	0.6087772718691666	0.42911128913640395
1	10	iMF (test)	1.0	0.7532055232684979	0.5120879120879122	0.7078148048760887	0.502232750371161
1	10	Normalized kNN (full)	1.0	0.6513435691440846	0.45384615384615384	0.579344081164234	0.42890320875888605
1	10	Random	1.0	0.4207534317242642	0.31831501831501835	0.4478337150870242	0.31292749513290513
2	1534	Average Rating	1.0	0.02668307904015129	0.027472527472527472	0.01940142578605414	0.019546538119857543
1	10	iMF (full)	1.0	0.755171396697196	0.5106227106227107	0.705265184513813	0.5005708975092344
1	10	Popularity	1.0	0.667688528672853	0.46703296703296704	0.6611827588213324	0.46096479106378846
1	10	kNN (test)	1.0	0.7403768738787515	0.5032967032967033	0.688793144507888	0.4907524612975069
2	1534	iMF (test)	1.0	0.17581659780479453	0.1285714285714286	0.17060031184787877	0.11865596591395322
1	10	Normalized kNN (test)	1.0	0.7080299260296765	0.4886446886446887	0.6766731690484082	0.4789127635832633
2	1534	Normalized kNN (full)	1.0	0.15063942920609685	0.10183150183150183	0.16000472921825795	0.10037138072740828
1	10	kNN (full)	1.0	0.7430947439670584	0.5036630036630036	0.6983002257157248	0.49479457380809355
2	1534	Random	1.0	0.008170620041531037	0.006593406593406593	0.00638874862607215	0.0053394287681611885
2	1534	iMF (full)	1.0	0.2853449138240558	0.19304029304029305	0.23635305318632602	0.1728009917180256
2	1534	Popularity	1.0	0.13288946873348792	0.10183150183150183	0.12001034532308243	0.09057931542000795
2	1534	kNN (test)	1.0	0.26308792587662716	0.1805860805860806	0.2267431517792102	0.162676471156948
2	1534	Normalized kNN (test)	1.0	0.03418280176876255	0.029304029304029304	0.03428575977954269	0.02459295724690257
2	1534	kNN (full)	1.0	0.2552035862042892	0.17582417582417584	0.2146801423820357	0.15594133364097437
3	1	Average Rating	0.832967032967033	0.738514575722947	0.5010989010989011	0.6985832536545172	0.49500886459694005
3	1	iMF (test)	0.832967032967033	0.7869794118149606	0.5230769230769231	0.7141182054957079	0.5116240244598809
3	1	Normalized kNN (full)	0.832967032967033	0.7532669078293325	0.510989010989011	0.7028657031184179	0.5012643346583336
3	1	Random	0.832967032967033	0.6440950020584116	0.4556776556776557	0.668374654357328	0.4619405001826329
3	1	iMF (full)	0.832967032967033	0.7836556567913948	0.521978021978022	0.7145537862823694	0.5116293230432553
1	1534	Average Rating	1.0	0.02840671487263064	0.026739926739926742	0.02399441431464952	0.0200622067130252
3	1	Popularity	0.832967032967033	0.7276510090229833	0.4945054945054945	0.6975171508171017	0.4917877410135685
3	1	kNN (test)	0.832967032967033	0.7726356914424723	0.5227106227106226	0.7122245109246379	0.5111501196613393
1	1534	iMF (test)	1.0	0.2099289192263474	0.1435897435897436	0.1897277947060511	0.13601437598846763
3	1	Normalized kNN (test)	0.832967032967033	0.7703302987253281	0.5186813186813186	0.7123639110923303	0.5094428405834314
3	1	kNN (full)	0.832967032967033	0.7767983662654007	0.5205128205128204	0.7133222877358202	0.5101767712496392
1	1534	Normalized kNN (full)	1.0	0.14636186269817805	0.1043956043956044	0.15261340725569164	0.10497116203758783
1	1534	Random	1.0	0.009766060823623897	0.008791208791208793	0.0069973299785445735	0.0066882847619282254
1	1534	iMF (full)	1.0	0.29169393343830596	0.20476190476190476	0.2492142491800407	0.18605789389714125
1	1534	Popularity	1.0	0.13508403881454042	0.10476190476190476	0.1164717071611583	0.09360461509104383
1	1534	kNN (test)	1.0	0.2609500854497223	0.18205128205128207	0.2171410877630444	0.16467155177612564
1	1534	Normalized kNN (test)	1.0	0.038459927266606096	0.031135531135531136	0.04256618776794309	0.028084618908297554
1	1534	kNN (full)	1.0	0.2651779475669855	0.1838827838827839	0.22844551652852427	0.1699379803836493
5	1	Average Rating	0.8333333333333334	0.7441854975106755	0.5106227106227107	0.6903529788291994	0.4905122439979245
5	1	iMF (test)	0.8333333333333334	0.7715718435525699	0.5256410256410257	0.7070467280178728	0.5053924615458771
5	1	Normalized kNN (full)	0.8333333333333334	0.7403816819276924	0.508058608058608	0.6846748646209232	0.48660503055374354
5	1	Random	0.8333333333333334	0.623218228430872	0.426007326007326	0.632141159084154	0.4270483218738282
5	1	iMF (full)	0.8333333333333334	0.7637647610759195	0.5161172161172162	0.6957915654721446	0.49565880141535307
5	1	Popularity	0.8333333333333334	0.707679804333748	0.48717948717948717	0.6755159403628357	0.4737463556366327
3	500	Average Rating	1.0	0.047262628240848585	0.045787545787545784	0.03808747590152912	0.03360267267149745
5	1	kNN (test)	0.8333333333333334	0.7606345542757258	0.5194139194139195	0.697487838535372	0.49770120146117586
5	1	Normalized kNN (test)	0.8333333333333334	0.7563583570431316	0.5194139194139195	0.6983380383678729	0.49850779224291547
3	500	iMF (test)	1.0	0.3391811404377449	0.23589743589743592	0.32523317990379425	0.224423812125625
5	1	kNN (full)	0.8333333333333334	0.7558788585519686	0.5153846153846153	0.6968860914486867	0.4956695369202853
3	500	Normalized kNN (full)	1.0	0.2818371511610678	0.20256410256410257	0.2739010155633755	0.19350445896243074
3	500	Random	1.0	0.019131574600492335	0.018315018315018316	0.015332515008682386	0.014277423838442048
3	500	iMF (full)	1.0	0.4347351052455296	0.30146520146520145	0.39580752657881424	0.28339824147409587
3	500	Popularity	1.0	0.25373092002915887	0.17912087912087912	0.2191082915093762	0.1634399865593541
2	500	Average Rating	1.0	0.06611921658499587	0.056043956043956046	0.04527079435569268	0.04273762939026108
3	500	kNN (test)	1.0	0.3844848573041589	0.2681318681318681	0.34451906438731555	0.24797031859248372
3	500	Normalized kNN (test)	1.0	0.11330739308031762	0.09487179487179488	0.12193286290095409	0.08454993139949295
2	500	iMF (test)	1.0	0.33230336492328333	0.23589743589743592	0.3088952293011381	0.21890241319179632
3	500	kNN (full)	1.0	0.3957871385923589	0.27399267399267396	0.3624383830858727	0.25622075209330025
2	500	Normalized kNN (full)	1.0	0.28475495296788444	0.20146520146520147	0.2799641952214103	0.18992804539121838
2	500	Random	1.0	0.02585552163907473	0.022344322344322345	0.018868770296387345	0.01726412136803965
4	1	Average Rating	0.8538461538461538	0.7479219157491093	0.5095238095238095	0.7029289257659201	0.5052143344681603
2	500	iMF (full)	1.0	0.42600250621648356	0.2893772893772894	0.3705626095017939	0.26668590937364905
2	500	Popularity	1.0	0.2441810643296502	0.17985347985347985	0.20438778895764628	0.1587676763107493
2	500	kNN (test)	1.0	0.3919987981576578	0.26996336996336995	0.33822639162042206	0.24625383260565223
4	1	iMF (test)	0.8538461538461538	0.7861092255820555	0.526007326007326	0.7185888338774065	0.5192805713018545
4	1	Normalized kNN (full)	0.8538461538461538	0.7573252443192534	0.5146520146520146	0.7042506934016564	0.5076261218792693
2	500	Normalized kNN (test)	1.0	0.11736531930608826	0.0978021978021978	0.12708798215451972	0.08619735216741224
4	1	Random	0.8538461538461538	0.6443452088042395	0.4501831501831502	0.6651374104435753	0.4620929559173214
2	500	kNN (full)	1.0	0.3844388289285869	0.26593406593406593	0.33337293298299214	0.2418732343532189
4	1	iMF (full)	0.8538461538461538	0.7743369147413991	0.5205128205128204	0.7112373744022745	0.5134621916551039
4	1	Popularity	0.8538461538461538	0.7145021486633726	0.4912087912087912	0.6915665162884898	0.49078781607481126
4	1	kNN (test)	0.8538461538461538	0.7709567725714289	0.5186813186813186	0.707013715406068	0.5104192721325493
5	500	Average Rating	1.0	0.06448963959077145	0.05897435897435898	0.049182837734823674	0.046085689572755446
4	1	Normalized kNN (test)	0.8538461538461538	0.7738780712464406	0.5234432234432235	0.7122301625532418	0.5151697465323554
5	500	iMF (test)	1.0	0.3279445547525827	0.23333333333333334	0.3046632357854814	0.21484454067635256
4	1	kNN (full)	0.8538461538461538	0.7735589571395043	0.5183150183150184	0.7064659185196757	0.5101693852583613
5	500	Normalized kNN (full)	1.0	0.2890752784195861	0.20622710622710622	0.28502184884051013	0.1949620638346389
5	500	Random	1.0	0.021470448124448625	0.02197802197802198	0.014383270789069789	0.015386689688415216
5	500	iMF (full)	1.0	0.4290180883838202	0.2926739926739927	0.3767272542754533	0.266697913114103
5	500	Popularity	1.0	0.26125272533399757	0.18351648351648353	0.22120520660609042	0.16198605580904463
5	500	kNN (test)	1.0	0.39345030655947216	0.2765567765567766	0.35374695002207396	0.25131041944342564
1	500	Average Rating	1.0	0.07600762566462761	0.06666666666666667	0.06041114561206371	0.05229715751768785
5	500	Normalized kNN (test)	1.0	0.11318246856883044	0.09304029304029304	0.11111240958375838	0.0808973363679652
1	500	iMF (test)	1.0	0.359867991965675	0.2468864468864469	0.33598229550752856	0.2373642303255195
5	500	kNN (full)	1.0	0.396794907253584	0.27069597069597073	0.35593617159360663	0.24772986001489525
1	500	Normalized kNN (full)	1.0	0.2875409282744256	0.20402930402930403	0.2749515653613712	0.19661218938648195
1	500	Random	1.0	0.02243612112072356	0.019780219780219783	0.016524455185210826	0.015187066024953
2	1	Average Rating	0.8457875457875458	0.7737802053462736	0.5164835164835165	0.7259723871018458	0.5054167177107037
1	500	iMF (full)	1.0	0.43135438379129465	0.2967032967032967	0.38967530952486756	0.27908242752947326
1	500	Popularity	1.0	0.24576433001545175	0.18571428571428572	0.20396826314528313	0.16498937506924385
1	500	kNN (test)	1.0	0.3971645986596766	0.27509157509157506	0.35019671151019893	0.2563496773390768
2	1	iMF (test)	0.8457875457875458	0.803867232309363	0.532967032967033	0.7419856270084668	0.5198118077211576
2	1	Normalized kNN (full)	0.8457875457875458	0.7614774922391826	0.5128205128205128	0.7209406314019589	0.5003751749617082
2	1	Random	0.8457875457875458	0.6617807315854524	0.4542124542124542	0.6840949957660998	0.45875888175646173
1	500	Normalized kNN (test)	1.0	0.12360478022097908	0.09853479853479855	0.1319872106687001	0.0916370753351291
1	500	kNN (full)	1.0	0.3869119986559695	0.26776556776556776	0.34441706749393197	0.24815354627271374
2	1	iMF (full)	0.8457875457875458	0.7954774522926557	0.528937728937729	0.7402575959980512	0.5177209517998037
2	1	Popularity	0.8457875457875458	0.7466106738111704	0.5029304029304029	0.723981710267583	0.49859883772855174
2	1	kNN (test)	0.8457875457875458	0.791795576738305	0.5278388278388279	0.7366480555196692	0.5149658928109886
4	500	Average Rating	1.0	0.058213932294446935	0.04652014652014652	0.03882423571208245	0.03574742180692519
2	1	Normalized kNN (test)	0.8457875457875458	0.7972413586056518	0.5311355311355311	0.7377469637967018	0.5168738582793709
2	1	kNN (full)	0.8457875457875458	0.7904202463060612	0.5274725274725275	0.737208677869435	0.5153563048986609
4	500	iMF (test)	1.0	0.3257280417544503	0.23296703296703297	0.3058610468635412	0.22091844725074117
4	500	Normalized kNN (full)	1.0	0.28724167916410814	0.20146520146520147	0.2909263507460673	0.19671052635205832
4	500	Random	1.0	0.028517292500135124	0.023076923076923075	0.021625762249251744	0.01702005306210069
4	500	kNN (full)	1.0	0.4099351029424358	0.27472527472527475	0.3627095384479793	0.2579730429877117
4	500	Popularity	1.0	0.25367804417837064	0.18315018315018314	0.21707351748134443	0.1649907774048913
4	500	kNN (test)	1.0	0.4034526989475933	0.2754578754578755	0.3590802144771541	0.25603702866571465
4	500	iMF (full)	1.0	0.4247825463995754	0.2893772893772894	0.36955060240683674	0.26930132243922955
4	500	Normalized kNN (test)	1.0	0.11698052992909178	0.09084249084249084	0.12679720378216824	0.08259904722503923
1	1	Average Rating	0.8534798534798534	0.760997533895783	0.5084249084249085	0.7155122059106586	0.5034649437477963
1	1	iMF (test)	0.8534798534798534	0.7882345418351027	0.528937728937729	0.7260625811255111	0.5178619328044923
1	1	Normalized kNN (full)	0.8534798534798534	0.755695909171131	0.5201465201465202	0.7146140688931971	0.5083512794020675
1	1	Random	0.8534798534798534	0.655767441687298	0.4472527472527472	0.6698580109927831	0.455385494802782
1	1	iMF (full)	0.8534798534798534	0.7759879204966578	0.5234432234432235	0.7255539373886821	0.515069924262461
1	1	Popularity	0.8534798534798534	0.7304717141650915	0.5	0.7099398313639632	0.497510860353134
1	1	kNN (test)	0.8534798534798534	0.7791764605675378	0.5263736263736263	0.7265930227026908	0.5171208736133369
1	1	Normalized kNN (test)	0.8534798534798534	0.7865688672579106	0.5274725274725275	0.728368303764287	0.5180544319449532
1	1	kNN (full)	0.8534798534798534	0.7744709040688642	0.5234432234432235	0.7268950659553608	0.516069295601156
3	2	Average Rating	0.878021978021978	0.7151714363815265	0.4926739926739927	0.6908670315481057	0.48733471356515207
3	2	iMF (test)	0.878021978021978	0.7816634743169866	0.5208791208791208	0.7128671819179238	0.5104449464652818
3	2	Normalized kNN (full)	0.878021978021978	0.7416594043629191	0.5073260073260073	0.698400877731094	0.4970851246621515
3	2	Random	0.878021978021978	0.607728722672481	0.432967032967033	0.644243352585787	0.43945498116525233
3	2	iMF (full)	0.878021978021978	0.781314419518033	0.519047619047619	0.7115323449305954	0.5087165184394176
3	2	Popularity	0.878021978021978	0.725785403364989	0.49413919413919416	0.6969566175965815	0.4912927710554585
3	2	kNN (test)	0.878021978021978	0.7670502765316167	0.5194139194139195	0.7088233740070173	0.507883288275457
3	2	Normalized kNN (test)	0.878021978021978	0.7597040110835069	0.5120879120879122	0.7070714336820584	0.5039241743659695
3	2	kNN (full)	0.878021978021978	0.7744862865508636	0.5194139194139195	0.7121283283916777	0.50909446379943
5	2	Average Rating	0.8728937728937729	0.7252801992925735	0.5073260073260073	0.6875869667869167	0.4875405892976412
5	2	iMF (test)	0.8728937728937729	0.7680682999702912	0.5146520146520146	0.6976265886134219	0.49622397254108225
5	2	Normalized kNN (full)	0.8728937728937729	0.7324394548517319	0.5054945054945055	0.6814806888060377	0.4839188007753016
5	2	Random	0.8728937728937729	0.608421685333414	0.4289377289377289	0.6263469655759223	0.42574371480270684
5	2	iMF (full)	0.8728937728937729	0.7637221896876396	0.5146520146520146	0.6965428977569033	0.49512058714418405
5	2	Popularity	0.8728937728937729	0.7019136116904592	0.4835164835164835	0.6718034046727707	0.4702190149351759
5	2	kNN (test)	0.8728937728937729	0.7572973976563409	0.515018315018315	0.6939587429995181	0.4938915433447931
5	2	Normalized kNN (test)	0.8728937728937729	0.7557293919505953	0.5197802197802198	0.698773130819772	0.498795138154545
5	2	kNN (full)	0.8728937728937729	0.7550391236679065	0.5131868131868131	0.6957028389180167	0.49412472595029505
4	2	Average Rating	0.8934065934065935	0.728592826397038	0.5029304029304029	0.6963975560709746	0.49873371797410515
4	2	iMF (test)	0.8934065934065935	0.774254384012694	0.5285714285714286	0.7179427315644018	0.5201368191860517
4	2	Normalized kNN (full)	0.8934065934065935	0.7461753677168692	0.5076923076923077	0.6917364583460134	0.4984699041358028
4	2	Random	0.8934065934065935	0.6012566907019906	0.4391941391941392	0.6487120087371193	0.44904309241704365
4	2	iMF (full)	0.8934065934065935	0.7692543377817146	0.5208791208791208	0.7085155350710403	0.5119429535128445
4	2	Popularity	0.8934065934065935	0.7084829936114326	0.4886446886446887	0.6893566804086475	0.48842629084844613
4	2	kNN (test)	0.8934065934065935	0.7679479678100589	0.5142857142857143	0.700862386228423	0.505351191046574
4	2	Normalized kNN (test)	0.8934065934065935	0.7653859039891169	0.5172161172161172	0.7052866312142506	0.5088482288810005
4	2	kNN (full)	0.8934065934065935	0.7703676492195651	0.5161172161172162	0.7024453359276646	0.5075322620330028
2	2	Average Rating	0.884981684981685	0.753915959148652	0.5065934065934067	0.713849579471515	0.49540873748618547
2	2	iMF (test)	0.884981684981685	0.7900012408964061	0.5326007326007326	0.7373533158412365	0.5172681635100166
2	2	Normalized kNN (full)	0.884981684981685	0.7431972805657924	0.5036630036630036	0.7082936236418289	0.4909143950259799
2	2	Random	0.884981684981685	0.6359648054537741	0.44102564102564107	0.6646185561875796	0.44322573065357
2	2	iMF (full)	0.884981684981685	0.7841690121570413	0.5208791208791208	0.7326972592271875	0.510664556613643
2	2	Popularity	0.884981684981685	0.7402025327709101	0.5003663003663004	0.7211062645899394	0.496010407707714
2	2	kNN (test)	0.884981684981685	0.787260653011576	0.526007326007326	0.7337916120038849	0.5127624248557852
2	2	Normalized kNN (test)	0.884981684981685	0.7856976005816696	0.5285714285714286	0.7352509543690188	0.5146036281581811
2	2	kNN (full)	0.884981684981685	0.785997442527884	0.5267399267399268	0.7365148087851329	0.5146886209840329
1	2	Average Rating	0.8908424908424908	0.7486722168374418	0.5018315018315018	0.7096665821923366	0.49777728444488506
1	2	iMF (test)	0.8908424908424908	0.7913756941214009	0.5318681318681319	0.7288799866533002	0.5204363956072912
1	2	Normalized kNN (full)	0.8908424908424908	0.7437608715734961	0.5124542124542125	0.7044110202565753	0.5009040086636039
1	2	Random	0.8908424908424908	0.6214062472777092	0.4454212454212454	0.6618149789955428	0.4517027523515702
1	2	iMF (full)	0.8908424908424908	0.7777109387817985	0.5256410256410257	0.7254388442648125	0.5165046283761404
1	2	Popularity	0.8908424908424908	0.7223944542929001	0.4945054945054945	0.7013116463621518	0.49152479520185266
1	2	kNN (test)	0.8908424908424908	0.7742017634989227	0.5245421245421245	0.7232632055498546	0.5151208472739591
1	2	Normalized kNN (test)	0.8908424908424908	0.7788028490817925	0.521978021978022	0.7233380760853844	0.5132534872806794
1	2	kNN (full)	0.8908424908424908	0.7702896041321653	0.5208791208791208	0.7227208195240293	0.5132109035815647
3	0	Average Rating	0.7875457875457875	0.7696382018489085	0.5120879120879122	0.7090020216039896	0.5050961073570445
3	0	iMF (test)	0.7875457875457875	0.7937726404416052	0.5263736263736263	0.7181695173017396	0.5153436376999336
3	0	Normalized kNN (full)	0.7875457875457875	0.7654351774441207	0.517948717948718	0.7098563280601706	0.5082175419075297
3	0	Random	0.7875457875457875	0.6968835171138239	0.4666666666666667	0.6813855414292047	0.47366840862916326
3	0	iMF (full)	0.7875457875457875	0.7874313266302346	0.5263736263736263	0.7186046655582302	0.5154414335218465
3	0	Popularity	0.7875457875457875	0.7392877014796437	0.5003663003663004	0.7041031065788818	0.49776847047034734
3	0	kNN (test)	0.7875457875457875	0.7779419826862733	0.5267399267399268	0.7172787566382242	0.5154736641671811
3	0	Normalized kNN (test)	0.7875457875457875	0.7813718304430121	0.5227106227106226	0.7161909855238002	0.5131452555327937
3	0	kNN (full)	0.7875457875457875	0.782056331477731	0.5245421245421245	0.7174971218557094	0.5141471380471506
5	0	Average Rating	0.7904761904761906	0.7693094230423716	0.5208791208791208	0.7022728912679038	0.5006217432307617
5	0	iMF (test)	0.7904761904761906	0.7687597751727293	0.5208791208791208	0.702019626181759	0.5005613089977475
5	0	Normalized kNN (full)	0.7904761904761906	0.7560959481243643	0.5117216117216117	0.6893352835670564	0.49052508507301906
5	0	Random	0.7904761904761906	0.6606785183065113	0.4553113553113553	0.6591092957114622	0.45265368262029854
5	0	iMF (full)	0.7904761904761906	0.7722890754454901	0.5194139194139195	0.7010782483270463	0.4992436665624347
5	0	Popularity	0.7904761904761906	0.715519744865016	0.4897435897435897	0.6786859893090899	0.47640099315238343
5	0	kNN (test)	0.7904761904761906	0.7654512473196909	0.5208791208791208	0.7000606625367674	0.4995442463714477
5	0	Normalized kNN (test)	0.7904761904761906	0.7678415356139341	0.5252747252747253	0.70448659029263	0.5041683451793709
5	0	kNN (full)	0.7904761904761906	0.7609003675298672	0.5175824175824176	0.6998804515859041	0.4981913958662929
4	0	Average Rating	0.8091575091575092	0.7754314286666971	0.5172161172161172	0.7116515747784516	0.5129721564973483
4	0	iMF (test)	0.8091575091575092	0.782447500668494	0.5293040293040293	0.7189691202062277	0.5211450741634407
4	0	Normalized kNN (full)	0.8091575091575092	0.7678335501027296	0.5172161172161172	0.707385623995179	0.5101172244016716
4	0	Random	0.8091575091575092	0.6833652170441037	0.4626373626373626	0.6759439520644006	0.4730020982741134
4	0	iMF (full)	0.8091575091575092	0.7779100187410338	0.5212454212454213	0.711776002879275	0.514082874877204
4	0	Popularity	0.8091575091575092	0.7220152959646786	0.49487179487179483	0.6958396357927017	0.49453549150423626
4	0	kNN (test)	0.8091575091575092	0.7766163329014094	0.5201465201465202	0.7084275062935431	0.5118188942218266
4	0	Normalized kNN (test)	0.8091575091575092	0.7880510208465838	0.5278388278388279	0.7154996996475018	0.518751686971746
4	0	kNN (full)	0.8091575091575092	0.7794347677925957	0.5208791208791208	0.7091877337414909	0.512709660512378
2	0	Average Rating	0.8021978021978022	0.8013242503423738	0.5249084249084249	0.7343555448464217	0.5129596669509071
2	0	iMF (test)	0.8021978021978022	0.8057915613720132	0.5336996336996337	0.7419575209764807	0.5199092352989663
2	0	Normalized kNN (full)	0.8021978021978022	0.7743378715519658	0.5186813186813186	0.7301377834562538	0.5071957123490474
2	0	Random	0.8021978021978022	0.7013646468581423	0.4769230769230769	0.7026263856067695	0.47799101257572796
2	0	iMF (full)	0.8021978021978022	0.796767343402188	0.53003663003663	0.7392694959628305	0.5179356189340896
2	0	Popularity	0.8021978021978022	0.7549053040160593	0.5051282051282051	0.7272691635550362	0.5009420778378416
2	0	kNN (test)	0.8021978021978022	0.7954282434190508	0.5304029304029304	0.7387365754653319	0.517215296846107
2	0	Normalized kNN (test)	0.8021978021978022	0.8035320545845736	0.5347985347985348	0.7407335274975512	0.5199570317196872
2	0	kNN (full)	0.8021978021978022	0.7933531974111903	0.53003663003663	0.7399075662826091	0.5178495221585744
1	0	Average Rating	0.8102564102564103	0.7896679533231119	0.5175824175824176	0.7250216638947238	0.5122556914493719
1	0	iMF (test)	0.8102564102564103	0.7970678076147631	0.5355311355311355	0.7349485600801733	0.5251607799831404
1	0	Normalized kNN (full)	0.8102564102564103	0.7687656308283807	0.5223443223443224	0.719624744492108	0.5112144543637579
1	0	Random	0.8102564102564103	0.6929306255674694	0.4652014652014652	0.6893771455733414	0.47262221511269153
1	0	iMF (full)	0.8102564102564103	0.7808463287411759	0.5267399267399268	0.7295881110271567	0.5187050128848127
1	0	Popularity	0.8102564102564103	0.740029478235923	0.5036630036630036	0.7149662863904183	0.501660122397133
1	0	kNN (test)	0.8102564102564103	0.7844193635282537	0.5293040293040293	0.7297083883686637	0.5199628652438022
1	0	Normalized kNN (test)	0.8102564102564103	0.798082591786563	0.5318681318681319	0.7339645593605425	0.5228543382486188
1	0	kNN (full)	0.8102564102564103	0.780200568068081	0.5271062271062271	0.7309848845188636	0.5198049929212455
