fold	target size	recommender system	Coverage@10	nDCG@10	P@10	Recall@10	FScore@10
3	50	Average Rating	1.0	0.3088966462150239	0.23653846153846156	0.25971875802379346	0.20012225070413187
3	50	iMF (test)	1.0	0.6152678810714933	0.4076923076923077	0.5827551008498413	0.39160503520891055
3	50	Normalized kNN (full)	1.0	0.5234203347629645	0.3480769230769231	0.4665040867293376	0.31994119828841355
3	50	Random	1.0	0.2110446487884539	0.15769230769230771	0.17508956711759868	0.13176577188190175
3	50	iMF (full)	1.0	0.5811040858660864	0.3961538461538462	0.5570294498503157	0.37847801318219154
3	50	Popularity	1.0	0.5122639100565267	0.3557692307692308	0.4861794099416277	0.3323156206562867
3	50	kNN (test)	1.0	0.5694941588372304	0.37884615384615383	0.5134813845311506	0.3569307413238337
3	50	Normalized kNN (test)	1.0	0.36329647159474	0.28076923076923077	0.32178926172447664	0.23991642118443657
3	50	kNN (full)	1.0	0.5996938561166354	0.40384615384615385	0.555889474629458	0.3849810674345046
3	2	Average Rating	0.8634615384615384	0.7576028762351602	0.5038461538461538	0.744672913665034	0.5006245975749183
3	2	iMF (test)	0.8634615384615384	0.805038498949686	0.5173076923076922	0.761748957098047	0.5144571171105609
3	2	Normalized kNN (full)	0.8634615384615384	0.7546890054618077	0.5057692307692307	0.7422986908358346	0.5002657076000688
3	2	Random	0.8634615384615384	0.6852537621005571	0.47115384615384615	0.7200250675059778	0.475081175479772
3	500	Average Rating	1.0	0.07421989004489395	0.051923076923076926	0.029936488665432123	0.033662399926535067
3	500	iMF (test)	1.0	0.30720907660056274	0.22692307692307695	0.2690802027279717	0.1963963745164729
3	500	Normalized kNN (full)	1.0	0.24346284326991313	0.18653846153846157	0.2683123703915457	0.17375766741266327
3	500	Random	1.0	0.021090865965692176	0.019230769230769232	0.015264019102816617	0.013805095485052127
3	20	Average Rating	1.0	0.4415868943719105	0.3211538461538461	0.39683945419865935	0.2883789110662196
3	20	iMF (test)	1.0	0.6932575802656279	0.4538461538461539	0.6551478416519814	0.4428089158418013
3	20	Normalized kNN (full)	1.0	0.5788535326380456	0.37884615384615383	0.5060649039828526	0.350341172884923
3	20	Random	1.0	0.3158695375125223	0.2519230769230769	0.3015560530570452	0.2264632942599166
3	500	iMF (full)	1.0	0.2698882194451441	0.2173076923076923	0.2409085627273183	0.17848906305245457
3	500	Popularity	1.0	0.2264741524796876	0.14615384615384616	0.1983113417766114	0.1315777411606365
3	500	kNN (test)	1.0	0.30046261040963257	0.20192307692307693	0.25275550149480364	0.17293888031081206
3	500	Normalized kNN (test)	1.0	0.06899672361258882	0.07115384615384615	0.04822767790518978	0.04791442990829545
3	500	kNN (full)	1.0	0.30712913992684415	0.21538461538461537	0.2704108145053236	0.18787800101916355
3	2	iMF (full)	0.8634615384615384	0.7683653205910408	0.5096153846153846	0.7501538769489892	0.5060688645753029
3	2	Popularity	0.8634615384615384	0.7879671600778847	0.5153846153846154	0.7625483914945251	0.5141874050231746
3	2	kNN (test)	0.8634615384615384	0.7871216237647546	0.5134615384615384	0.7584419858615091	0.5106195249789578
3	2	Normalized kNN (test)	0.8634615384615384	0.7596965520359137	0.5076923076923077	0.7541055608663888	0.5066742925503427
3	2	kNN (full)	0.8634615384615384	0.7856813986792445	0.5057692307692307	0.7514824009361819	0.5041733849121282
5	500	Average Rating	1.0	0.08766055541960037	0.0673076923076923	0.054553769997470365	0.04684768886958523
5	2	Average Rating	0.9038461538461539	0.7283177576917138	0.5134615384615384	0.7089358039826643	0.5047346943624165
5	500	iMF (test)	1.0	0.2995887207661808	0.20192307692307693	0.25213259117342773	0.17906910566065565
5	500	Normalized kNN (full)	1.0	0.25578571482903495	0.19230769230769232	0.24435386627513764	0.16601119838563133
5	500	Random	1.0	0.01653172992746105	0.015384615384615385	0.0075827713308363465	0.008356207660663499
5	2	iMF (test)	0.9038461538461539	0.7851391061017974	0.5288461538461539	0.7101146984400114	0.5111450356093055
5	2	Normalized kNN (full)	0.9038461538461539	0.7586189465126068	0.5269230769230769	0.7049999276615408	0.5058818570517193
5	2	Random	0.9038461538461539	0.6389866340051342	0.47692307692307695	0.6795709110123063	0.47670902399456566
3	20	iMF (full)	1.0	0.6563907661084526	0.44423076923076926	0.6364613925328205	0.4306049382846198
3	20	Popularity	1.0	0.6097050128264269	0.41923076923076924	0.6065728071790653	0.4063590975830959
3	20	kNN (test)	1.0	0.6571007946583691	0.43076923076923074	0.6080590393073081	0.415354799730236
3	20	Normalized kNN (test)	1.0	0.51502595894794	0.37884615384615383	0.516272666599082	0.35668015360835287
3	20	kNN (full)	1.0	0.669588847097446	0.43653846153846154	0.6144217164852026	0.4226241643525418
5	20	Average Rating	1.0	0.4311977808282758	0.31923076923076926	0.4036104075581966	0.28905536346444033
5	20	iMF (test)	1.0	0.6653211042353274	0.4423076923076923	0.5808221148395634	0.416995149849974
5	20	Normalized kNN (full)	1.0	0.6151494039304329	0.42500000000000004	0.5266472618088751	0.38570824861862085
5	20	Random	1.0	0.3042731246343132	0.24615384615384617	0.2929266551078033	0.2128979187554857
5	2	iMF (full)	0.9038461538461539	0.7591483622757588	0.5307692307692308	0.7133130538055494	0.5124535183593806
5	2	Popularity	0.9038461538461539	0.765109721931217	0.5211538461538462	0.7139600592681424	0.5104016237590246
5	2	kNN (test)	0.9038461538461539	0.7898764018025276	0.5346153846153846	0.7203431060801668	0.5179705083252956
5	2	Normalized kNN (test)	0.9038461538461539	0.7445407495764994	0.525	0.706435393316619	0.5064925879778817
5	2	kNN (full)	0.9038461538461539	0.7912960528255721	0.5346153846153846	0.7175946246312379	0.5164057709293155
5	500	iMF (full)	1.0	0.3241994957399602	0.23846153846153847	0.2772728759402605	0.20160275056089427
5	500	Popularity	1.0	0.23440265614295747	0.14615384615384616	0.1761119896160783	0.1226211582788317
5	500	kNN (test)	1.0	0.31958608132949873	0.2	0.24138788649742346	0.1664858452132858
5	500	Normalized kNN (test)	1.0	0.07503836584579195	0.08076923076923077	0.06045131038863372	0.05728323244374281
4	2	Average Rating	0.8884615384615385	0.760355073564348	0.48846153846153845	0.7425853757621762	0.4843408813173843
5	500	kNN (full)	1.0	0.3456064977397005	0.2326923076923077	0.27984600524772485	0.19699083354004937
4	2	iMF (test)	0.8884615384615385	0.8244107338316702	0.5192307692307693	0.7566200178928942	0.5037714742272582
4	2	Normalized kNN (full)	0.8884615384615385	0.7854990989250191	0.49615384615384617	0.7372339436651203	0.4837281139656825
4	2	Random	0.8884615384615385	0.6273418073421358	0.4326923076923077	0.6932261829986536	0.44196679410803674
4	500	Average Rating	1.0	0.10585596352589079	0.07115384615384615	0.0678118215820585	0.0471302478737385
4	500	iMF (test)	1.0	0.3109448571531296	0.20192307692307693	0.2552117716273367	0.1755254002583753
4	500	Normalized kNN (full)	1.0	0.29634361413946836	0.19230769230769232	0.2661546509741011	0.17306413175980837
4	500	Random	1.0	0.048809598217680175	0.032692307692307694	0.05439359924023672	0.026978930820119425
3	1	Average Rating	0.8115384615384615	0.8039963015897083	0.5230769230769231	0.7663618456480836	0.5190901361642959
3	1	iMF (test)	0.8115384615384615	0.804345231219242	0.5192307692307693	0.7673372572733024	0.5193811908186636
3	1	Normalized kNN (full)	0.8115384615384615	0.7889452754138678	0.5173076923076922	0.761361572398716	0.514500183134854
3	1	Random	0.8115384615384615	0.7232182508696267	0.475	0.7266989300684383	0.4830090908914069
5	20	iMF (full)	1.0	0.6434040408952699	0.4538461538461539	0.5691498912600339	0.42175436296233887
5	20	Popularity	1.0	0.5891574467298274	0.41346153846153844	0.5492124008091837	0.39105225359882556
5	20	kNN (test)	1.0	0.6522385526945781	0.4480769230769231	0.5820922759562718	0.4218013578292589
5	20	Normalized kNN (test)	1.0	0.5397875525525815	0.4076923076923077	0.5343951352057255	0.38238343218354004
5	20	kNN (full)	1.0	0.6638916376846236	0.45576923076923076	0.5869711891484675	0.4271596807808856
4	20	Average Rating	1.0	0.47557284489219553	0.3211538461538461	0.476613496161534	0.3024250284852937
4	20	iMF (test)	1.0	0.7304253060154751	0.4538461538461539	0.6789659945657941	0.43808112393554066
4	20	Normalized kNN (full)	1.0	0.6125907639101281	0.39807692307692305	0.5373817271425309	0.37094413445273283
4	20	Random	1.0	0.35505204573433424	0.26153846153846155	0.3831935625680009	0.24862599362120139
3	10	Average Rating	1.0	0.5794807025148245	0.40576923076923077	0.5760325062250741	0.39131214847790424
3	10	iMF (test)	1.0	0.7482137866738022	0.48653846153846153	0.7243904530455384	0.4850775508474181
3	10	Normalized kNN (full)	1.0	0.6526567637775352	0.4403846153846154	0.6388955743444827	0.4267253688626594
3	10	Random	1.0	0.4298628140538462	0.3230769230769231	0.4933332421444993	0.3201868878653068
4	2	iMF (full)	0.8884615384615385	0.8234791196995388	0.5230769230769231	0.7623911553388976	0.5072169979136573
4	2	Popularity	0.8884615384615385	0.8453861666512179	0.525	0.7645049285841764	0.5090017816715828
4	2	kNN (test)	0.8884615384615385	0.8512131846897032	0.525	0.7595829911152593	0.5069706171783205
4	2	Normalized kNN (test)	0.8884615384615385	0.8104119428571435	0.5076923076923077	0.7559212036985342	0.4982824161071653
4	2	kNN (full)	0.8884615384615385	0.8493984960706715	0.5269230769230769	0.7625210253032935	0.5093834090647966
2	2	Average Rating	0.8884615384615385	0.6868968529380524	0.46923076923076923	0.7350197344830967	0.47588406935697763
4	500	iMF (full)	1.0	0.3382336796708732	0.22307692307692306	0.25806320568497887	0.18212200743927065
4	500	Popularity	1.0	0.2553628235347889	0.15769230769230771	0.19459398759674376	0.1370332560693753
4	500	kNN (test)	1.0	0.39007804817508723	0.23653846153846156	0.2983002155776239	0.19771631243132107
4	500	Normalized kNN (test)	1.0	0.11227034343481629	0.0923076923076923	0.09444120459609578	0.06386880585119438
4	500	kNN (full)	1.0	0.3918306009727744	0.24423076923076922	0.3020094800427023	0.20511902276647936
2	2	iMF (test)	0.8884615384615385	0.7478406019126198	0.48653846153846153	0.7447173625630777	0.4882515334384635
2	2	Normalized kNN (full)	0.8884615384615385	0.6956491583942314	0.4596153846153846	0.725672123519226	0.4675936488374549
2	2	Random	0.8884615384615385	0.6486916382990807	0.4346153846153846	0.6903497687046403	0.44546954891730245
2	500	Average Rating	1.0	0.08185213676576922	0.05961538461538462	0.043020570754530654	0.042500205336594946
2	500	iMF (test)	1.0	0.2927942679054717	0.18653846153846157	0.24746749765139497	0.17196088122588
2	500	Normalized kNN (full)	1.0	0.22456849254749736	0.16346153846153846	0.2198474012461721	0.1423766261110646
2	500	Random	1.0	0.018102205411727062	0.013461538461538462	0.01920859538784067	0.010975829725829726
3	1	iMF (full)	0.8115384615384615	0.7734697073006942	0.5134615384615384	0.7559231077182199	0.5105560440624823
3	1	Popularity	0.8115384615384615	0.8083227502447485	0.525	0.7727902329863667	0.5237889146246842
3	1	kNN (test)	0.8115384615384615	0.8007878906215798	0.5211538461538462	0.7659740371435605	0.5181758575352904
3	1	Normalized kNN (test)	0.8115384615384615	0.7934498305545306	0.5192307692307693	0.767620518131346	0.5188190191687535
3	1	kNN (full)	0.8115384615384615	0.7972309700350367	0.5134615384615384	0.760456759910541	0.5121570678958111
5	1	Average Rating	0.8634615384615384	0.7547384263067402	0.525	0.7193476143944746	0.5149936658071284
5	1	iMF (test)	0.8634615384615384	0.7796487800764683	0.5269230769230769	0.7142848732371212	0.513076495040331
5	1	Normalized kNN (full)	0.8634615384615384	0.7636865864226626	0.5269230769230769	0.7009324673440805	0.5044755187220064
5	1	Random	0.8634615384615384	0.6878003334020311	0.47692307692307695	0.6783100995612774	0.47580649330483243
4	20	iMF (full)	1.0	0.7156179297651951	0.45769230769230773	0.6562852466619187	0.43176738974553175
4	20	Popularity	1.0	0.7043844630333955	0.43653846153846154	0.6501845847696853	0.41946644870181415
4	20	kNN (test)	1.0	0.7515450407912001	0.45576923076923076	0.6491637550582591	0.43197883504526763
4	20	Normalized kNN (test)	1.0	0.6135360871609764	0.41346153846153844	0.6168681192961472	0.39773366441114255
4	20	kNN (full)	1.0	0.7621387235259662	0.45769230769230773	0.6589746297627509	0.43563518993644035
2	20	Average Rating	1.0	0.38805607363578437	0.29230769230769227	0.34948175261376313	0.26303341614694065
2	20	iMF (test)	1.0	0.638557773062643	0.4211538461538461	0.6257506538904867	0.41063074094954766
2	20	Normalized kNN (full)	1.0	0.5414240220273234	0.37692307692307697	0.5270819725354581	0.3633755248230229
2	20	Random	1.0	0.2659630198768468	0.21346153846153845	0.274307740104904	0.18884168112875122
3	10	iMF (full)	1.0	0.7005291979087771	0.4634615384615385	0.6825643502476204	0.4564405116491615
3	10	Popularity	1.0	0.692934758856485	0.4673076923076923	0.6902775673146719	0.4640082445032926
3	10	kNN (test)	1.0	0.7141277920006103	0.4730769230769231	0.7003500657043715	0.46682144668457093
3	10	Normalized kNN (test)	1.0	0.6405183022895092	0.45576923076923076	0.6857969090890669	0.4533331259857896
3	10	kNN (full)	1.0	0.7243251255040424	0.4730769230769231	0.7001441437827073	0.46748333182531393
5	10	Average Rating	1.0	0.5765099231871573	0.43653846153846154	0.5855959615638745	0.41782774669439565
5	10	iMF (test)	1.0	0.7144649647497451	0.49615384615384617	0.6509964202040861	0.47055906966596833
5	10	Normalized kNN (full)	1.0	0.6794097433517112	0.4634615384615385	0.6120214450158756	0.43620754609622936
5	10	Random	1.0	0.45239561135481077	0.35192307692307695	0.46212832761829936	0.3327432361964862
2	2	iMF (full)	0.8884615384615385	0.7533997947972779	0.48846153846153845	0.7384224859019414	0.4835736508371938
2	2	Popularity	0.8884615384615385	0.7309090520171893	0.48846153846153845	0.7502772826411455	0.4918869428675911
2	2	kNN (test)	0.8884615384615385	0.7406455263730862	0.4942307692307692	0.7429714364067743	0.4884814006462594
2	2	Normalized kNN (test)	0.8884615384615385	0.7069006247509286	0.4788461538461538	0.7429391026965825	0.48414538041434135
2	2	kNN (full)	0.8884615384615385	0.7500702714492722	0.5	0.751803345238683	0.4956535847921278
2	500	iMF (full)	1.0	0.3113302068262457	0.20192307692307693	0.2568017202278484	0.17575024029186503
2	500	Popularity	1.0	0.1967649795682635	0.11346153846153847	0.15117547210405027	0.10223249459986894
2	500	kNN (test)	1.0	0.2867953899400339	0.1903846153846154	0.23330331914809563	0.1647654890691107
1	2	Average Rating	0.9038461538461539	0.7467882328031805	0.5134615384615384	0.743273732047667	0.521772058902748
2	500	Normalized kNN (test)	1.0	0.06378492400712407	0.0673076923076923	0.04529825760668559	0.04494385308946572
2	500	kNN (full)	1.0	0.3037280474917072	0.2	0.262086600137259	0.17583751971350975
1	2	iMF (test)	0.9038461538461539	0.7883679458159136	0.5365384615384615	0.7569895796153776	0.5378050174448885
1	2	Normalized kNN (full)	0.9038461538461539	0.7410156755025911	0.5076923076923077	0.7360361655083534	0.5160717542973935
1	2	Random	0.9038461538461539	0.6155054742473981	0.4423076923076923	0.68712296738264	0.4684082922879764
1	500	Average Rating	1.0	0.09915474165912896	0.07115384615384615	0.050113146111634185	0.04672303660029987
1	500	iMF (test)	1.0	0.25050173315806445	0.19230769230769232	0.2122836918641668	0.16425322190176647
1	500	Normalized kNN (full)	1.0	0.22513185557337406	0.16538461538461538	0.21271036994246473	0.15023617097656963
1	500	Random	1.0	0.04891436707286053	0.04423076923076923	0.030528160310787034	0.03052741053309864
5	1	iMF (full)	0.8634615384615384	0.775349851466481	0.5423076923076923	0.7245032524957481	0.5228213592628072
5	1	Popularity	0.8634615384615384	0.7718498807475004	0.5211538461538462	0.7134258712339544	0.5100269983843992
5	1	kNN (test)	0.8634615384615384	0.8030958667218988	0.5384615384615384	0.7233734091104699	0.521340471695259
5	1	Normalized kNN (test)	0.8634615384615384	0.7670893916364897	0.5365384615384615	0.7191879185691441	0.5179523781876718
5	1	kNN (full)	0.8634615384615384	0.8058969731416123	0.5384615384615384	0.7204792400158533	0.5196924842160289
4	1	Average Rating	0.8519230769230769	0.7730177315520574	0.5	0.7501230079862632	0.49268211190651406
4	1	iMF (test)	0.8519230769230769	0.8320515703204515	0.5173076923076922	0.7556303148114526	0.5016710601530427
4	1	Normalized kNN (full)	0.8519230769230769	0.7992859364562036	0.5096153846153846	0.7538550362477513	0.49822419028956205
4	1	Random	0.8519230769230769	0.7120466142176585	0.47115384615384615	0.726953905009468	0.46831550061227545
2	20	iMF (full)	1.0	0.6468512377828473	0.4230769230769231	0.6005056893415278	0.4023969059571094
2	20	Popularity	1.0	0.5573900796887729	0.3807692307692308	0.5076771499596611	0.36428099190496055
2	20	kNN (test)	1.0	0.609078374742777	0.41730769230769227	0.5713508436425644	0.39376151618037647
2	20	Normalized kNN (test)	1.0	0.47657615459849756	0.36538461538461536	0.49867032478418766	0.34487407040527884
2	20	kNN (full)	1.0	0.6283851999050886	0.4230769230769231	0.5825179173096381	0.40100238164492613
1	20	Average Rating	1.0	0.39984067617380237	0.3096153846153846	0.39212111014107415	0.2864826189098072
1	20	iMF (test)	1.0	0.6982388540015266	0.4846153846153846	0.6677610932416845	0.47576123608792426
1	20	Normalized kNN (full)	1.0	0.5944365318777922	0.40576923076923077	0.5716325260247906	0.39951647892305403
1	20	Random	1.0	0.30351394598401465	0.24423076923076925	0.2821232554073087	0.21955714211776944
5	10	iMF (full)	1.0	0.7102878514598897	0.49038461538461536	0.6272213677138634	0.46040841960528545
5	10	Popularity	1.0	0.6631143846371104	0.46923076923076923	0.6282561919853278	0.4514483673240473
5	10	kNN (test)	1.0	0.7199345196626775	0.49038461538461536	0.6369297723378858	0.46380510063918756
5	10	Normalized kNN (test)	1.0	0.6470585875962557	0.47692307692307695	0.6274463934104363	0.45289629085582345
5	10	kNN (full)	1.0	0.738605101919777	0.5019230769230769	0.6597614855480989	0.4765832130485475
4	10	Average Rating	1.0	0.5830283612013186	0.3923076923076923	0.572285039293139	0.3748436137995126
4	10	iMF (test)	1.0	0.7661086605626312	0.4846153846153846	0.7108376485528326	0.4663006204335259
4	10	Normalized kNN (full)	1.0	0.702600834713265	0.4461538461538461	0.6357074786771169	0.42207837936734216
4	10	Random	1.0	0.44048024287522225	0.3346153846153846	0.48564140614954476	0.3160283923351256
1	2	iMF (full)	0.9038461538461539	0.8155421251367484	0.55	0.7595263595742234	0.5426896683035605
1	2	Popularity	0.9038461538461539	0.7796139933790001	0.5269230769230769	0.749943771471586	0.5298716026487683
1	2	kNN (test)	0.9038461538461539	0.8173489715397532	0.5576923076923077	0.7770893032739704	0.5549006051303322
1	2	Normalized kNN (test)	0.9038461538461539	0.7851252623852617	0.5307692307692308	0.7586757541805509	0.5353415285415664
1	2	kNN (full)	0.9038461538461539	0.8188514208627939	0.5538461538461539	0.7712265895987568	0.5503943593121668
3	100	Average Rating	1.0	0.22350371715056003	0.175	0.20020034991580432	0.1476640536700506
1	500	iMF (full)	1.0	0.3173279882951474	0.2403846153846154	0.24488157406778088	0.19859644014567415
1	500	Popularity	1.0	0.16182545424852002	0.11346153846153847	0.12710307303059162	0.09535594789123233
1	500	kNN (test)	1.0	0.2606468485310217	0.1903846153846154	0.1798913946135921	0.14792650916466446
3	100	iMF (test)	1.0	0.5336217417705215	0.3576923076923077	0.5269537350993306	0.3457896227002788
3	100	Normalized kNN (full)	1.0	0.44280943472273765	0.29615384615384616	0.40682725923781593	0.274494244357502
3	100	Random	1.0	0.09706999941561248	0.08653846153846154	0.08271985031415509	0.06658411925018917
1	500	Normalized kNN (test)	1.0	0.08615061505370268	0.08269230769230769	0.0627069307117213	0.05837808520243958
1	500	kNN (full)	1.0	0.29098540529642575	0.21153846153846154	0.22063667874122922	0.1730364355771295
3	1042	Average Rating	1.0	0.06091624658392702	0.04230769230769231	0.027452405951886936	0.02974034938644739
3	1042	iMF (test)	1.0	0.21766969997415028	0.15384615384615385	0.1917358436183178	0.13505634421503143
3	1042	Normalized kNN (full)	1.0	0.16201690158600096	0.13076923076923078	0.18679182004107212	0.11705865133533667
3	1042	Random	1.0	0.014111501779924299	0.013461538461538462	0.005682851075652933	0.007852779404503542
4	1	iMF (full)	0.8519230769230769	0.8296781025567846	0.525	0.7623747187839995	0.5084300487834587
4	1	Popularity	0.8519230769230769	0.8507289286290732	0.5307692307692308	0.7726863305155783	0.5156559445022163
4	1	kNN (test)	0.8519230769230769	0.8653371393970963	0.5365384615384615	0.7780577855515922	0.5203923528300384
4	1	Normalized kNN (test)	0.8519230769230769	0.8065106003164689	0.5211538461538462	0.7708328945717635	0.5124049843601683
4	1	kNN (full)	0.8519230769230769	0.8741317533113068	0.5423076923076923	0.7846817171755238	0.5264803583917282
2	1	Average Rating	0.8461538461538461	0.7167973565819773	0.4788461538461538	0.7458179640313263	0.4857139454326092
2	1	iMF (test)	0.8461538461538461	0.7533151164811149	0.49615384615384617	0.7546398474855626	0.49683153319493384
2	1	Normalized kNN (full)	0.8461538461538461	0.709787589479329	0.47692307692307695	0.7416068832039857	0.4838678975339298
2	1	Random	0.8461538461538461	0.6540083091527708	0.4538461538461539	0.726613722102334	0.466706978526661
1	20	iMF (full)	1.0	0.7220299602364832	0.4942307692307692	0.6499173309394595	0.47646211647229353
1	20	Popularity	1.0	0.6018320840471747	0.4326923076923077	0.5984046119941525	0.42170764984011205
1	20	kNN (test)	1.0	0.6579693057918868	0.4596153846153846	0.6178247586753466	0.4399313713902601
1	20	Normalized kNN (test)	1.0	0.5312582320763108	0.40576923076923077	0.5629955722127388	0.3918774505257034
1	20	kNN (full)	1.0	0.6878450081644822	0.4673076923076923	0.6322907501114468	0.4491863058461352
2	50	Average Rating	1.0	0.23857807893078262	0.17884615384615385	0.17556659934839025	0.14738619821845764
2	50	iMF (test)	1.0	0.531431581273922	0.3596153846153846	0.518453154305753	0.34629797198674006
2	50	Normalized kNN (full)	1.0	0.47271242519150297	0.31538461538461543	0.4386633770895053	0.2999328585878811
2	50	Random	1.0	0.1652765952677781	0.12692307692307694	0.14058992028136832	0.10672873078370931
5	50	Average Rating	1.0	0.30029575787722285	0.21153846153846154	0.2465050103380464	0.17772536687485346
5	50	iMF (test)	1.0	0.5920150846174589	0.4	0.5316242609274983	0.37545318856202753
5	50	Normalized kNN (full)	1.0	0.5112173002042352	0.35192307692307695	0.4186803024752278	0.3101636228624597
5	50	Random	1.0	0.1890127672421405	0.15000000000000002	0.1304497258591854	0.11293119335487127
4	10	iMF (full)	1.0	0.7523824522459314	0.47884615384615387	0.6903509092601899	0.4566342760544281
4	10	Popularity	1.0	0.7536062171204063	0.4730769230769231	0.6961288602081079	0.4543444838412081
4	10	kNN (test)	1.0	0.7873220793543781	0.4826923076923077	0.6908105776313074	0.459638553742138
4	10	Normalized kNN (test)	1.0	0.6900002581235292	0.4634615384615385	0.6894260410597546	0.44920232959316597
4	10	kNN (full)	1.0	0.8045482847510548	0.49038461538461536	0.7114073419780718	0.4685653304398126
2	10	Average Rating	1.0	0.5346994862491694	0.3807692307692308	0.5686999431633054	0.3719874456714881
2	10	iMF (test)	1.0	0.692843713247681	0.4538461538461539	0.6726172404629557	0.44650401367236786
2	10	Normalized kNN (full)	1.0	0.6183103209032608	0.4096153846153846	0.608166018513121	0.40134400901605455
2	10	Random	1.0	0.45759170758632983	0.32499999999999996	0.4983580518429504	0.31983308111142406
3	100	iMF (full)	1.0	0.4968173905914036	0.3538461538461538	0.48387498567283355	0.3327995136917725
3	100	Popularity	1.0	0.4085546595732096	0.27307692307692305	0.3709516737853108	0.25522992220153284
3	100	kNN (test)	1.0	0.48983453772612945	0.33076923076923076	0.44355443200610273	0.305475361909827
3	100	Normalized kNN (test)	1.0	0.2533329708048581	0.20961538461538462	0.2292917767355323	0.1762194118914931
3	100	kNN (full)	1.0	0.52627137086351	0.35	0.49623339480755846	0.33312866521845874
5	100	Average Rating	1.0	0.21459229948960448	0.15576923076923077	0.17009828536068608	0.1253590153239946
5	100	iMF (test)	1.0	0.5135482908040875	0.36538461538461536	0.4597267128470857	0.3295938359667321
5	100	Normalized kNN (full)	1.0	0.42340373897218525	0.28846153846153844	0.33786210643837844	0.2469455935854919
5	100	Random	1.0	0.09249164238844967	0.08653846153846154	0.0696772661749442	0.06230715190537946
3	1042	iMF (full)	1.0	0.17412232432769034	0.14807692307692308	0.14536754037253416	0.11378888931821282
3	1042	Popularity	1.0	0.17002303815721784	0.10192307692307692	0.16146011476945135	0.09543058142175544
3	1042	kNN (test)	1.0	0.2265826602998488	0.14615384615384613	0.18024368869842625	0.12155721704449439
3	1042	Normalized kNN (test)	1.0	0.029095337160160908	0.032692307692307694	0.01865505764988061	0.01935149715409383
3	1042	kNN (full)	1.0	0.2180655188005128	0.15	0.17474166030086036	0.1226040334759262
5	1042	Average Rating	1.0	0.062039178573366535	0.04423076923076923	0.03268818717987516	0.029343396695373426
5	1042	iMF (test)	1.0	0.22579640594944658	0.15576923076923077	0.16424824111802508	0.11960024445007547
5	1042	Normalized kNN (full)	1.0	0.1645205054602173	0.12884615384615386	0.1678312999667657	0.1099490848702136
5	1042	Random	1.0	0.009102745090435708	0.009615384615384616	0.004318585897533266	0.005387000587862862
2	1	iMF (full)	0.8461538461538461	0.7576373389969724	0.49615384615384617	0.7467329254623809	0.49143423717263784
2	1	Popularity	0.8461538461538461	0.7510272187186164	0.49807692307692303	0.7619073192711822	0.5023839043351658
2	1	kNN (test)	0.8461538461538461	0.7560892998075612	0.5096153846153846	0.7621258930612308	0.5051143184514033
2	1	Normalized kNN (test)	0.8461538461538461	0.7268101318780164	0.48653846153846153	0.7537833238349213	0.4928471448355455
2	1	kNN (full)	0.8461538461538461	0.7609171770795636	0.5096153846153846	0.7627541999395377	0.5055802100937655
1	1	Average Rating	0.8692307692307693	0.782317282650919	0.5346153846153846	0.7632407153631591	0.5407221852336924
1	1	iMF (test)	0.8692307692307693	0.7945841914462566	0.5365384615384615	0.7624956883313673	0.5404707385247558
1	1	Normalized kNN (full)	0.8692307692307693	0.7704994571450695	0.5173076923076922	0.7510700287039813	0.527572585987556
1	1	Random	0.8692307692307693	0.7278041992692293	0.4942307692307692	0.7290342834178045	0.5090635925286339
2	50	iMF (full)	1.0	0.5880936836998205	0.37115384615384617	0.5024147708501087	0.3430086579211226
2	50	Popularity	1.0	0.4608219072988301	0.3173076923076923	0.4028070069998955	0.2930635642320548
2	50	kNN (test)	1.0	0.5377617716590891	0.36538461538461536	0.4895928140904172	0.33547340843019924
2	50	Normalized kNN (test)	1.0	0.3020873078588732	0.2653846153846154	0.296837948824955	0.2294877354888523
2	50	kNN (full)	1.0	0.5660250403868491	0.37884615384615383	0.5171798104274136	0.35349121099491765
1	50	Average Rating	1.0	0.26002323450745446	0.20384615384615384	0.18501052882440736	0.16155487533665874
1	50	iMF (test)	1.0	0.5869642262396874	0.4211538461538461	0.5742728231176614	0.4089711090143571
1	50	Normalized kNN (full)	1.0	0.4893633779271615	0.3384615384615385	0.4236288939072613	0.3211968260284166
1	50	Random	1.0	0.1746733860515744	0.15192307692307694	0.16786081943032022	0.13434628913048868
5	50	iMF (full)	1.0	0.5812358825960721	0.4153846153846154	0.5040553168943599	0.3760438580431353
5	50	Popularity	1.0	0.5007850902788469	0.3480769230769231	0.4248215289531415	0.30938025537038444
5	50	kNN (test)	1.0	0.572354146499609	0.3923076923076923	0.48763119653002207	0.35541120045452096
5	50	Normalized kNN (test)	1.0	0.3547992807822302	0.28846153846153844	0.35281515866638363	0.2541576168381953
5	50	kNN (full)	1.0	0.6075963944689987	0.4019230769230769	0.5075987369818976	0.36899190859366254
4	50	Average Rating	1.0	0.3178008607386746	0.20961538461538462	0.2719871522993508	0.18238776387436356
4	50	iMF (test)	1.0	0.652149175554973	0.4076923076923077	0.6124213769040806	0.3879386457262208
4	50	Normalized kNN (full)	1.0	0.5651374716970597	0.35769230769230764	0.4733100622867808	0.3286275305935257
4	50	Random	1.0	0.17229851720389874	0.15384615384615385	0.1435668594617317	0.11770135673583908
2	10	iMF (full)	1.0	0.7136166305320462	0.45769230769230773	0.6837067475425859	0.44710380198723715
2	10	Popularity	1.0	0.6480200630019218	0.4326923076923077	0.6301692976395435	0.42236382646805826
2	10	kNN (test)	1.0	0.674720057565194	0.45769230769230773	0.6527500000417208	0.4437923291033959
2	10	Normalized kNN (test)	1.0	0.5949886202772074	0.4288461538461539	0.6431444529019328	0.422330341080173
2	10	kNN (full)	1.0	0.6911466339994917	0.4653846153846154	0.6737432109285487	0.451797646040899
1	10	Average Rating	1.0	0.5608591962993796	0.4211538461538461	0.6049069167900953	0.4158357811409296
1	10	iMF (test)	1.0	0.7226904234621772	0.5057692307692307	0.7005167016225874	0.49963257469923433
1	10	Normalized kNN (full)	1.0	0.645081807772798	0.4403846153846154	0.610180077152265	0.43000518217908285
1	10	Random	1.0	0.45653447071856124	0.34615384615384615	0.4728280422634294	0.3441251300531199
5	100	iMF (full)	1.0	0.5232248551756671	0.37307692307692303	0.452835099026124	0.3317756155647269
5	100	Popularity	1.0	0.40431498494257734	0.2826923076923077	0.3296189700025176	0.24467323103348762
5	100	kNN (test)	1.0	0.5115573789589776	0.3423076923076923	0.415596225781816	0.30122603391951236
5	100	Normalized kNN (test)	1.0	0.25321665342092703	0.21346153846153845	0.20838274746733154	0.16601347459966964
5	100	kNN (full)	1.0	0.5371358375278856	0.3576923076923077	0.45251218410122707	0.3213342867936024
4	100	Average Rating	1.0	0.23169511340981092	0.15192307692307694	0.1929209355999175	0.1240867199575022
4	100	iMF (test)	1.0	0.5322193340781595	0.35192307692307695	0.5266671683850566	0.32890799620057887
4	100	Normalized kNN (full)	1.0	0.47690503038453474	0.3096153846153846	0.41503949598945866	0.28325453039438936
4	100	Random	1.0	0.14135442369317452	0.10769230769230768	0.13915701376755168	0.08895185510729312
5	1042	iMF (full)	1.0	0.21682872756277596	0.17884615384615385	0.17888811799667906	0.13929472199047563
5	1042	Popularity	1.0	0.17430474595863774	0.10576923076923077	0.1400526419346247	0.09474646075122665
5	1042	kNN (test)	1.0	0.25606884802992647	0.15961538461538463	0.17721325394043794	0.12599311332379276
5	1042	Normalized kNN (test)	1.0	0.02680350781129935	0.032692307692307694	0.021178339456792143	0.020523746399386398
5	1042	kNN (full)	1.0	0.2660036640489844	0.18076923076923077	0.20296865465713898	0.14328377852634086
4	1042	Average Rating	1.0	0.07434731392964453	0.051923076923076926	0.05105402264340851	0.031945559080750106
4	1042	iMF (test)	1.0	0.26782615838741436	0.17307692307692307	0.21604168683864075	0.14380037948137436
4	1042	Normalized kNN (full)	1.0	0.19934658510707906	0.12692307692307694	0.1783520261727038	0.11315566784772556
4	1042	Random	1.0	0.02291165182606606	0.019230769230769232	0.01826177978857453	0.012821819770295822
1	1	iMF (full)	0.8692307692307693	0.8200096126193226	0.5557692307692308	0.7714337230440869	0.5510189615593244
1	1	Popularity	0.8692307692307693	0.7926168332147454	0.5346153846153846	0.7620917112511046	0.5398034600070962
1	1	kNN (test)	0.8692307692307693	0.8294176271217063	0.5634615384615385	0.7858648414612734	0.5619467996765267
1	1	Normalized kNN (test)	0.8692307692307693	0.8054957108071024	0.5403846153846155	0.77013313433541	0.5451606542941417
1	1	kNN (full)	0.8692307692307693	0.8288240621066574	0.5557692307692308	0.7787117514956835	0.5547989101563462
3	0	Average Rating	0.7692307692307693	0.8369639675135	0.5288461538461539	0.7722913328275708	0.5248982169723766
3	0	iMF (test)	0.7692307692307693	0.8120777812741213	0.5269230769230769	0.7742310944302974	0.5262230785135459
3	0	Normalized kNN (full)	0.7692307692307693	0.7884013119896258	0.5173076923076922	0.7585837946209383	0.5134082925692792
3	0	Random	0.7692307692307693	0.7406818620820327	0.4673076923076923	0.7290683903329231	0.48046183889210964
1	50	iMF (full)	1.0	0.6312531277095569	0.4461538461538461	0.575518527128891	0.4208962859496281
1	50	Popularity	1.0	0.45430612861879244	0.3269230769230769	0.39347693149979796	0.30118796848953167
1	50	kNN (test)	1.0	0.5589613596818557	0.4019230769230769	0.5057636496534252	0.3705132220632039
1	50	Normalized kNN (test)	1.0	0.34524484119193777	0.28846153846153844	0.3140423873932337	0.2533522749270318
1	50	kNN (full)	1.0	0.5947034352868285	0.41923076923076924	0.5593944919391588	0.3971731677246976
4	50	iMF (full)	1.0	0.6550328140447524	0.4326923076923077	0.5940018398444267	0.4012117797168588
4	50	Popularity	1.0	0.5699897246895629	0.36730769230769234	0.5058211774459671	0.33744247635487407
4	50	kNN (test)	1.0	0.648828419874751	0.4115384615384615	0.5712090484246227	0.37942383909632177
4	50	Normalized kNN (test)	1.0	0.4424280502653811	0.3211538461538461	0.4532402236341663	0.292865256360455
4	50	kNN (full)	1.0	0.6820331384054341	0.4288461538461539	0.5989334073989817	0.39948877753170553
1	10	iMF (full)	1.0	0.7307097423579818	0.5019230769230769	0.6800511472865112	0.48738827597251827
1	10	Popularity	1.0	0.6901666766674011	0.48653846153846153	0.6823158378110435	0.4832171503560688
1	10	kNN (test)	1.0	0.7304096901600198	0.5057692307692307	0.6870238132084805	0.4913636991398658
1	10	Normalized kNN (test)	1.0	0.6517448451565442	0.4730769230769231	0.6509339307612063	0.4637609133534387
1	10	kNN (full)	1.0	0.7510811541762226	0.5134615384615384	0.704123553745721	0.5019211069882953
3	5	Average Rating	0.9673076923076922	0.6805898714299072	0.4653846153846154	0.6902611489591516	0.4588142799057652
4	100	iMF (full)	1.0	0.5515097210779929	0.37884615384615383	0.48288133111753495	0.33583832586698203
4	100	Popularity	1.0	0.4422563572162851	0.28846153846153844	0.37586242909500045	0.2588581812131295
4	100	kNN (test)	1.0	0.5613788553412798	0.3403846153846154	0.4596225448439719	0.30307563184166164
4	100	Normalized kNN (test)	1.0	0.3126678178184296	0.2423076923076923	0.3112719917839841	0.2090862693571059
3	5	iMF (test)	0.9673076923076922	0.7528745228230936	0.49038461538461536	0.7368049010902025	0.4930572591020276
4	100	kNN (full)	1.0	0.5829432698164956	0.35	0.4813916002566444	0.3148271405007673
3	5	Normalized kNN (full)	0.9673076923076922	0.7282925139161627	0.4826923076923077	0.7108944741375001	0.47606266870305514
3	5	Random	0.9673076923076922	0.6087059299350492	0.43076923076923074	0.6772001068367582	0.43815893328626243
2	100	Average Rating	1.0	0.18046347120467188	0.1423076923076923	0.12281835104614758	0.10877627692888046
2	100	iMF (test)	1.0	0.501206827878386	0.32499999999999996	0.4629745662943115	0.3060501753035594
2	100	Normalized kNN (full)	1.0	0.38891557031687507	0.26346153846153847	0.3647621436715115	0.24150687631477508
2	100	Random	1.0	0.11969253756187151	0.0923076923076923	0.10728753113086714	0.07346238471208702
4	1042	iMF (full)	1.0	0.2515616142429079	0.1846153846153846	0.20608434938942866	0.1456033850055753
4	1042	Popularity	1.0	0.18026313175227832	0.10961538461538461	0.15017563456689878	0.10127124096422385
4	1042	kNN (test)	1.0	0.31054931409104847	0.18846153846153849	0.25426547044624126	0.16022123638381564
4	1042	Normalized kNN (test)	1.0	0.05890102186296929	0.044230769230769226	0.04666919659139727	0.026620443121692615
4	1042	kNN (full)	1.0	0.3253199607933705	0.1903846153846154	0.25973384466461547	0.16370783393149915
2	1042	Average Rating	1.0	0.05576243767371905	0.04615384615384616	0.03157247161869685	0.03287814313356109
2	1042	iMF (test)	1.0	0.20503311063813018	0.1423076923076923	0.17747234662039726	0.12368493688986183
2	1042	Normalized kNN (full)	1.0	0.142804027051428	0.10384615384615385	0.1270132443573006	0.08967146272613108
2	1042	Random	1.0	0.009849224446303022	0.009615384615384616	0.007855107855107854	0.007769503493187705
3	0	iMF (full)	0.7692307692307693	0.7836764299912252	0.5192307692307693	0.7642564410515533	0.5169746254810638
3	0	Popularity	0.7692307692307693	0.8154049025590852	0.5288461538461539	0.7767966432427769	0.5276739185096881
3	0	kNN (test)	0.7692307692307693	0.8115238521508709	0.5269230769230769	0.7733458320153553	0.5244112887707216
3	0	Normalized kNN (test)	0.7692307692307693	0.8067001266590087	0.5269230769230769	0.7754959760068039	0.526501043027248
3	0	kNN (full)	0.7692307692307693	0.8075115009656516	0.5192307692307693	0.7655849650387461	0.5175766483153915
5	0	Average Rating	0.8211538461538462	0.7790017015822309	0.5307692307692308	0.7260732417083372	0.5208137716272343
5	0	iMF (test)	0.8211538461538462	0.7914632258235665	0.5403846153846155	0.7235916272129929	0.5224315823234454
5	0	Normalized kNN (full)	0.8211538461538462	0.7866452838977616	0.5442307692307693	0.7248106724722857	0.5241579196544073
5	0	Random	0.8211538461538462	0.6899120848835028	0.4942307692307692	0.6995271131523487	0.4941486566288344
2	100	iMF (full)	1.0	0.5183695864838127	0.33653846153846156	0.4557535052511084	0.3075536064650936
2	100	Popularity	1.0	0.37377957782613586	0.25384615384615383	0.3185004326119695	0.23538823067162187
3	5	iMF (full)	0.9673076923076922	0.7346576020438105	0.48653846153846153	0.7213105346188047	0.4820594510747544
3	5	Popularity	0.9673076923076922	0.7596407807892438	0.5038461538461538	0.7459913739506655	0.5017211155151429
2	100	kNN (test)	1.0	0.4775281093360453	0.3153846153846154	0.43361947301069315	0.2850251937954271
3	5	kNN (test)	0.9673076923076922	0.7691654220544618	0.5038461538461538	0.7416932890818526	0.49980012659150136
2	100	Normalized kNN (test)	1.0	0.21397157949771628	0.19423076923076923	0.19648606961669282	0.15450785962855848
3	5	Normalized kNN (test)	0.9673076923076922	0.7212399823175062	0.49038461538461536	0.7378179677405604	0.4915978485265302
2	100	kNN (full)	1.0	0.5007919128141582	0.3288461538461539	0.4531136362548564	0.3001732852667503
3	5	kNN (full)	0.9673076923076922	0.7723443846862609	0.49807692307692303	0.7335871017908827	0.49324279503416985
5	5	Average Rating	0.9826923076923078	0.6569291697628413	0.475	0.6458858637268416	0.46055991129202145
1	100	Average Rating	1.0	0.18868902563484974	0.1576923076923077	0.1324352413930479	0.11869630296699919
5	5	iMF (test)	0.9826923076923078	0.7556466928184933	0.5038461538461538	0.676165359735238	0.4864858340436052
5	5	Normalized kNN (full)	0.9826923076923078	0.7228979101197965	0.49038461538461536	0.6468691695307828	0.4626479826091823
5	5	Random	0.9826923076923078	0.5348053984078691	0.4	0.5833123779503675	0.4009110891629855
1	100	iMF (test)	1.0	0.507759063235018	0.36730769230769234	0.4887391453203461	0.34834310910156085
1	100	Normalized kNN (full)	1.0	0.41599018087980666	0.29038461538461535	0.3828818120417583	0.27719848574971195
1	100	Random	1.0	0.11803900937672629	0.09615384615384616	0.09824261421335748	0.0784700183422674
2	1042	iMF (full)	1.0	0.22654144792974407	0.15961538461538463	0.2099449917456506	0.13671654372207595
2	1042	Popularity	1.0	0.15644735382379998	0.07884615384615386	0.11633336552870405	0.07146904888554687
2	1042	kNN (test)	1.0	0.2187792350998817	0.14423076923076922	0.18043657399411644	0.12427700857393699
2	1042	Normalized kNN (test)	1.0	0.02437875644205585	0.026923076923076925	0.014171207637686962	0.01613987033067229
2	1042	kNN (full)	1.0	0.23553539174236454	0.16346153846153846	0.20304671370375552	0.141779507403163
1	1042	Average Rating	1.0	0.06857844435069661	0.05384615384615385	0.035313287154166526	0.033903082164491775
1	1042	iMF (test)	1.0	0.1763802103196482	0.125	0.14715626214373884	0.11034505451522003
1	1042	Normalized kNN (full)	1.0	0.15155538797340165	0.1076923076923077	0.14291462498744412	0.10040660340033034
1	1042	Random	1.0	0.012943070064706222	0.013461538461538462	0.013893398268398268	0.012046944283786389
5	0	iMF (full)	0.8211538461538462	0.7905244065388265	0.5423076923076923	0.7256479411404368	0.5236414950094135
5	0	Popularity	0.8211538461538462	0.7857189688888288	0.5269230769230769	0.7209808162888994	0.5164415397254112
5	0	kNN (test)	0.8211538461538462	0.810313414161853	0.5384615384615384	0.7233734091104699	0.521340471695259
5	0	Normalized kNN (test)	0.8211538461538462	0.7836132739189595	0.5365384615384615	0.7207904826717082	0.5186079725932662
5	0	kNN (full)	0.8211538461538462	0.8131404532939891	0.5403846153846155	0.7226159921526054	0.5217167757140045
4	0	Average Rating	0.8076923076923077	0.8231748038385459	0.5096153846153846	0.761507670332464	0.5022761368074443
4	0	iMF (test)	0.8076923076923077	0.8454115580388548	0.5326923076923077	0.7752618424269371	0.5172921834400322
4	0	Normalized kNN (full)	0.8076923076923077	0.8222070274525409	0.5096153846153846	0.7583782907710059	0.49975630970093843
4	0	Random	0.8076923076923077	0.7218929830570251	0.4788461538461538	0.744623732484793	0.48416046631355064
5	5	iMF (full)	0.9826923076923078	0.7432540630521955	0.5173076923076922	0.6913350318275275	0.49635740858680016
5	5	Popularity	0.9826923076923078	0.7159753254258076	0.49038461538461536	0.658012765820849	0.4720701608577237
5	5	kNN (test)	0.9826923076923078	0.7582992111379204	0.5057692307692307	0.6690561985432594	0.48337938771390854
5	5	Normalized kNN (test)	0.9826923076923078	0.690031792684145	0.49230769230769234	0.6646256099627179	0.47378471401188693
5	5	kNN (full)	0.9826923076923078	0.7771242891828825	0.5211538461538462	0.6944739952606085	0.5011012004749239
1	100	iMF (full)	1.0	0.5361732073463454	0.38461538461538464	0.46862209431334045	0.3504916918667772
1	100	Popularity	1.0	0.34827937914650303	0.2519230769230769	0.27436885227532526	0.21671667633932784
1	100	kNN (test)	1.0	0.46494446310475634	0.3403846153846154	0.3991679577636157	0.3004742922570676
1	100	Normalized kNN (test)	1.0	0.24841287618535218	0.21538461538461537	0.1938843514727959	0.17088876822750335
1	100	kNN (full)	1.0	0.5015073706637656	0.3576923076923077	0.4692517240789996	0.3256906668036398
4	5	Average Rating	0.9730769230769231	0.6940809082787806	0.4596153846153846	0.7086529040161592	0.45608336807360733
4	5	iMF (test)	0.9730769230769231	0.803623065825936	0.5019230769230769	0.7414613818925196	0.4882625859297912
4	5	Normalized kNN (full)	0.9730769230769231	0.7456942908732663	0.475	0.711325130256307	0.4615911500524028
4	5	Random	0.9730769230769231	0.5489903903713688	0.38461538461538464	0.6281273475421687	0.3892639915441433
1	1042	iMF (full)	1.0	0.25105731484899796	0.18846153846153849	0.18564888915232286	0.1493127082562231
1	1042	Popularity	1.0	0.12429556777047292	0.08269230769230769	0.10155906064252097	0.07216759878313457
1	1042	kNN (test)	1.0	0.20795486206148023	0.14807692307692308	0.14313889134208996	0.11371513562925896
1	1042	Normalized kNN (test)	1.0	0.03877237889752456	0.03653846153846154	0.03000100965786239	0.026030192728850706
1	1042	kNN (full)	1.0	0.22585997448320702	0.1576923076923077	0.15957881160844212	0.12317312546516253
3	200	Average Rating	1.0	0.14146962998937285	0.10961538461538461	0.09898890708022817	0.08516696101820022
3	200	iMF (test)	1.0	0.3954213740695095	0.2865384615384615	0.39837123399566404	0.2690742083766182
3	200	Normalized kNN (full)	1.0	0.3807452937629915	0.25384615384615383	0.3678776794058832	0.23819382186286048
3	200	Random	1.0	0.050795451081976584	0.04615384615384615	0.03775285833216292	0.03352780882426693
4	0	iMF (full)	0.8076923076923077	0.8388339892964859	0.5288461538461539	0.7696396760489568	0.5133764182035123
4	0	Popularity	0.8076923076923077	0.8662285748230012	0.5403846153846155	0.783002616793403	0.5254025945557717
4	0	kNN (test)	0.8076923076923077	0.8761293889298294	0.5423076923076923	0.7844909357347424	0.5263300099441661
4	0	Normalized kNN (test)	0.8076923076923077	0.8439120371648381	0.525	0.7772660447549137	0.5168163899480445
4	0	kNN (full)	0.8076923076923077	0.879205608879012	0.5423076923076923	0.7846817171755238	0.5264803583917282
2	0	Average Rating	0.8	0.739314800574918	0.48846153846153845	0.7581806013939636	0.49645310951929655
2	0	iMF (test)	0.8	0.7576575412569813	0.5019230769230769	0.7652123496021824	0.5047583163442402
2	0	Normalized kNN (full)	0.8	0.7303226472538215	0.48653846153846153	0.7566404607375633	0.49533002286989414
2	0	Random	0.8	0.7300774591523046	0.4730769230769231	0.7465584181685677	0.4861027560025593
4	5	iMF (full)	0.9730769230769231	0.7844284717130902	0.5057692307692307	0.7355196294289101	0.4870342146554264
4	5	Popularity	0.9730769230769231	0.7920811926542866	0.5057692307692307	0.7357720695628558	0.48848772586488487
4	5	kNN (test)	0.9730769230769231	0.8214696022317685	0.5076923076923078	0.7388870204192887	0.489773263878026
4	5	Normalized kNN (test)	0.9730769230769231	0.7572211916732384	0.49038461538461536	0.7302045592318898	0.47922303594484394
4	5	kNN (full)	0.9730769230769231	0.8295267324825454	0.5153846153846154	0.7471821974644656	0.496845701674148
2	5	Average Rating	0.9769230769230769	0.6128463722606559	0.43653846153846154	0.6775868895502518	0.4399020925274776
2	5	iMF (test)	0.9769230769230769	0.7300532905511941	0.475	0.719673002814223	0.46960760519701206
2	5	Normalized kNN (full)	0.9769230769230769	0.6624594689629913	0.4519230769230769	0.7056865535336561	0.4560515854490418
2	5	Random	0.9769230769230769	0.5423055968104769	0.3942307692307692	0.6329665034893563	0.397579334452385
3	200	iMF (full)	1.0	0.3846701866605813	0.29423076923076924	0.35098630976886286	0.2587312650702641
3	200	Popularity	1.0	0.3114071732956579	0.20384615384615384	0.2718808468806811	0.18466095557926743
3	200	kNN (test)	1.0	0.4109474732939117	0.27307692307692305	0.3689567043289216	0.2482124384015023
3	200	Normalized kNN (test)	1.0	0.1672187663424182	0.15384615384615385	0.15426107169560538	0.12349889850834248
3	200	kNN (full)	1.0	0.4137818338201991	0.2846153846153846	0.37884622719921374	0.26066728331050293
2	0	iMF (full)	0.8	0.7767898889555741	0.5076923076923077	0.7641703491498046	0.5050331146453544
2	0	Popularity	0.8	0.763569335056584	0.5057692307692307	0.7691417515056144	0.5092930168944331
2	0	kNN (test)	0.8	0.7639181395419316	0.5134615384615384	0.7670098979452358	0.5094010533882931
2	0	Normalized kNN (test)	0.8	0.7488288223663431	0.49615384615384617	0.7638343838859813	0.5019673138821851
2	0	kNN (full)	0.8	0.7661787633554565	0.5115384615384616	0.7648909520762899	0.5076045015917413
5	200	Average Rating	1.0	0.14552113890567353	0.10961538461538461	0.08397316882476392	0.07816562728812305
1	0	Average Rating	0.8269230769230769	0.8166180131362064	0.5442307692307693	0.7775358564965354	0.5516969811349589
5	200	iMF (test)	1.0	0.4402189294748923	0.3	0.39112382175252347	0.27109938387832694
1	0	iMF (test)	0.8269230769230769	0.8079408271843612	0.5461538461538461	0.7673351197332987	0.5464658428885194
5	200	Normalized kNN (full)	1.0	0.3492531563882046	0.24423076923076922	0.2950547982550944	0.20769242406508218
1	0	Normalized kNN (full)	0.8269230769230769	0.7761826687999314	0.5269230769230769	0.7583367815589696	0.5362921062708415
5	200	Random	1.0	0.08248153623543988	0.06153846153846154	0.053241414444974815	0.046755947833961684
1	0	Random	0.8269230769230769	0.774728269444873	0.5384615384615384	0.7712520915336738	0.5443118283898525
1	0	kNN (full)	0.8269230769230769	0.833493386566334	0.5596153846153846	0.7805297864019536	0.5572355573298354
1	0	Popularity	0.8269230769230769	0.8062635344124748	0.5423076923076923	0.7730144507922654	0.5478925930962293
1	0	kNN (test)	0.8269230769230769	0.8385637168909034	0.5692307692307692	0.7929484441331114	0.5680375906937883
1	0	Normalized kNN (test)	0.8269230769230769	0.8281431190507603	0.5461538461538461	0.7768733304138412	0.5511257540092415
1	5	Average Rating	0.9769230769230769	0.6576713543747957	0.4807692307692308	0.6923936134104898	0.48429231012268964
1	5	iMF (test)	0.9769230769230769	0.748901245338672	0.5211538461538462	0.7327381366139346	0.5218205173195287
1	5	Normalized kNN (full)	0.9769230769230769	0.7236600754523178	0.49807692307692303	0.726656043995879	0.5061669040362083
1	5	Random	0.9769230769230769	0.5742212489121187	0.40576923076923077	0.6148943726141195	0.41597931226353096
2	5	iMF (full)	0.9769230769230769	0.7267025388090524	0.4730769230769231	0.7120717533012088	0.46406297152737835
2	5	Popularity	0.9769230769230769	0.6907565164343067	0.46923076923076923	0.7045431556570185	0.46741336661695004
2	5	kNN (test)	0.9769230769230769	0.7059707593371818	0.4807692307692308	0.7057461616814995	0.47075100804320125
2	5	Normalized kNN (test)	0.9769230769230769	0.6679907017441719	0.4634615384615385	0.7032796608312584	0.464402075542953
2	5	kNN (full)	0.9769230769230769	0.7328655389222735	0.49230769230769234	0.7406998653852033	0.4862808067966842
1	5	kNN (full)	0.9769230769230769	0.7941034416248502	0.5442307692307693	0.7503863187584859	0.5383145273793937
1	5	Popularity	0.9769230769230769	0.7387533578182741	0.5115384615384616	0.7220758061036207	0.5121113271485547
1	5	kNN (test)	0.9769230769230769	0.7850294624366345	0.5442307692307693	0.746138309822977	0.5371278550046409
1	5	Normalized kNN (test)	0.9769230769230769	0.72883269290852	0.5134615384615384	0.7260205009370622	0.5151598447569414
5	200	iMF (full)	1.0	0.428590008107727	0.31346153846153846	0.3685257229328605	0.27390524767299673
5	200	Popularity	1.0	0.32370407433727544	0.21346153846153845	0.2518555081517795	0.18400573126275216
5	200	kNN (test)	1.0	0.42346198519668127	0.2846153846153846	0.32189117674588463	0.23901260934806492
5	200	Normalized kNN (test)	1.0	0.16982749239206732	0.15384615384615385	0.14581330438318257	0.11641557721457288
5	200	kNN (full)	1.0	0.44880092064903476	0.3057692307692308	0.3695126796982699	0.26585223996666385
4	200	Average Rating	1.0	0.1623420545624456	0.11730769230769232	0.137010205024628	0.09009691449672828
4	200	iMF (test)	1.0	0.43578820936768903	0.2865384615384615	0.40705680997727384	0.2613313149958592
4	200	Normalized kNN (full)	1.0	0.3818083884262181	0.24807692307692308	0.3367382233018595	0.2270889542941929
4	200	Random	1.0	0.08297250571050478	0.06923076923076923	0.05966550078018042	0.05125326833110941
4	200	iMF (full)	1.0	0.4327000576248104	0.3057692307692308	0.3751913968399648	0.2621622165430427
4	200	Popularity	1.0	0.35638325382801284	0.23653846153846156	0.2906765600982904	0.20856476409788882
4	200	kNN (test)	1.0	0.48683650465787376	0.30192307692307696	0.4105188914352914	0.2683218462248163
4	200	Normalized kNN (test)	1.0	0.21110480032000617	0.15961538461538463	0.1850758325610691	0.12532857851143084
4	200	kNN (full)	1.0	0.5072844880268602	0.3211538461538461	0.44701488657490357	0.28924810339095197
2	200	Average Rating	1.0	0.14508156491441865	0.11538461538461539	0.09311463769881721	0.08406051833154292
2	200	iMF (test)	1.0	0.4122137166194271	0.2692307692307692	0.39111638737453436	0.2499332087963982
2	200	Normalized kNN (full)	1.0	0.3179629886983211	0.21538461538461537	0.30495987609877023	0.1936544835401562
2	200	Random	1.0	0.05048677623714145	0.04807692307692308	0.031212106705943342	0.03237007498966952
2	200	iMF (full)	1.0	0.43308944495596446	0.29423076923076924	0.3724642072216871	0.2605908544371475
2	200	Popularity	1.0	0.2830445619327123	0.18653846153846151	0.2368029503248645	0.1697170670335364
2	200	kNN (test)	1.0	0.3923159794985676	0.2653846153846154	0.316258986122849	0.22846347198081768
2	200	Normalized kNN (test)	1.0	0.13548345033848516	0.13076923076923078	0.1085400942322625	0.09938828044879121
2	200	kNN (full)	1.0	0.41809659101442	0.2846153846153846	0.3513236899375528	0.2500497943389012
1	200	Average Rating	1.0	0.13850441065411406	0.10961538461538461	0.08845844037635857	0.07907908474839495
1	200	iMF (test)	1.0	0.4170618229667343	0.29230769230769227	0.3524710994891201	0.26270479191380686
1	200	Normalized kNN (full)	1.0	0.3493968121945426	0.2423076923076923	0.31442054717704077	0.22566901318695765
1	200	Random	1.0	0.07075141475334432	0.057692307692307696	0.06359960827689853	0.0507169542185009
1	5	iMF (full)	0.9769230769230769	0.7777795543539755	0.5346153846153846	0.7225984998522461	0.5234816704190921
1	200	iMF (full)	1.0	0.46285519349840415	0.3423076923076923	0.3966589329719822	0.30607388668896973
1	200	Popularity	1.0	0.2617189677022526	0.1846153846153846	0.21438274581861247	0.15992064642049136
1	200	kNN (test)	1.0	0.4068629808471425	0.3038461538461539	0.341298458362558	0.2647601664281395
1	200	Normalized kNN (test)	1.0	0.17952129097912728	0.1576923076923077	0.1483567761742218	0.12296788084483935
1	200	kNN (full)	1.0	0.42884025034525547	0.3173076923076923	0.38664234406123693	0.28463547740658335
1	0	iMF (full)	0.8269230769230769	0.8219403963205937	0.5538461538461539	0.7702317999671637	0.549539671618496
