fold	target size	recommender system	Coverage@10	nDCG@10	P@10	Recall@10	FScore@10
2	3706	Average Rating	1.0	0.015076396943542512	0.018294701986754966	0.010664276767179515	0.010997070004017987
2	3706	Random	1.0	0.0059759703259010455	0.005695364238410596	0.0026668895572125547	0.0029715100658643115
2	3706	iMF (test)	1.0	0.14385577015003825	0.12455298013245034	0.08746545439365108	0.0831443257677732
3	100	Average Rating	1.0	0.20456134911813514	0.1821688741721854	0.12246852228925167	0.11817641895179024
2	3706	Normalized kNN (full)	0.9955132450331126	0.1679920184611695	0.14394039735099337	0.1308755613941493	0.11039236691889487
2	3706	kNN (full)	1.0	0.32138255927247505	0.25572847682119204	0.19330024903229273	0.17796529028275238
3	100	iMF (test)	1.0	0.5869992138406201	0.48562913907284766	0.41410821376552565	0.36365146335174486
2	3706	Popularity	1.0	0.16948828911356792	0.14549668874172186	0.08483639581685883	0.08779494968795501
2	100	Average Rating	1.0	0.17688281962739003	0.1632615894039735	0.11270879875614383	0.10795173638370328
1	100	Average Rating	1.0	0.16577409415750377	0.1499503311258278	0.10167398953289862	0.09796257713554465
2	3706	kNN (test)	1.0	0.3175405877332266	0.25256622516556293	0.18749984471697428	0.1742879911018511
2	100	iMF (test)	1.0	0.5882912291847477	0.48779801324503314	0.4247572390439599	0.37150531186136365
1	100	iMF (test)	1.0	0.5879165330419789	0.48408940397350997	0.41873269315654343	0.36659158147657234
3	100	Normalized kNN (full)	0.7389072847682119	0.5545828446522354	0.4484105960264901	0.3400274633639071	0.32167635558906343
3	100	Random	1.0	0.13448589112930695	0.12496688741721855	0.07778898028743662	0.07785462302539756
3	5	Average Rating	0.9716059602649006	0.7798031357100138	0.615	0.5751107372906372	0.48492815491035096
4	100	Average Rating	1.0	0.18445581673325057	0.16572847682119204	0.10745299228879612	0.10648845321398313
2	100	Normalized kNN (full)	0.7344370860927152	0.5532538082440728	0.4479139072847682	0.3404688389395411	0.32295596818103295
2	100	Random	1.0	0.1381086324695985	0.12687086092715233	0.0800293463779202	0.07995519635521225
5	100	Average Rating	1.0	0.18977816870677364	0.15948675496688744	0.1065708409338182	0.10344255341212746
1	100	Normalized kNN (full)	0.7334105960264901	0.5571922995237553	0.45023178807947023	0.34274755142560603	0.3248715955281939
1	100	Random	1.0	0.13679647645667206	0.12594370860927154	0.0813140444526337	0.08004469962155787
3	5	iMF (test)	0.9842218543046357	0.8336088284245344	0.6622516556291391	0.6137752748711516	0.5238108487180826
4	100	iMF (test)	1.0	0.594076495252884	0.49329470198675496	0.4299672320611213	0.3760241296051836
5	100	iMF (test)	1.0	0.5876055155787895	0.4900496688741722	0.4241311562191596	0.37216147537813227
3	50	Average Rating	1.0	0.5984202439392214	0.5030794701986755	0.42193574674347656	0.37419852663980585
2	3706	Normalized kNN (test)	1.0	0.033459335648169386	0.03879139072847682	0.020057252698668586	0.022245751947402685
3	5	Normalized kNN (full)	0.6828145695364238	0.6396126432474196	0.5083774834437086	0.36638152002204	0.35598581497008697
3	5	Random	0.9842218543046357	0.5476571586565903	0.4614569536423841	0.47501613466714027	0.38073759131542245
4	100	Normalized kNN (full)	0.732748344370861	0.5583689195135496	0.45162251655629143	0.3434605749556846	0.3253121420344737
4	100	Random	1.0	0.1362531756714481	0.12735099337748346	0.08133751522189987	0.08056345599540524
5	100	Normalized kNN (full)	0.728907284768212	0.5611784995774388	0.4523344370860927	0.3441330508308585	0.3258100644302949
5	100	Random	1.0	0.13703979308337905	0.12774834437086094	0.07887212724944274	0.0796093142091074
3	50	iMF (test)	1.0	0.7502537963789019	0.6146026490066225	0.5518767724264186	0.47678594285618364
3	50	Random	1.0	0.21771483699391617	0.19995033112582783	0.14220607196064822	0.13488919585074446
3	0	Average Rating	0.8847682119205298	0.8471551726896873	0.6630132450331125	0.624157548186688	0.5309720968821556
3	0	iMF (test)	0.8848509933774834	0.8682902843904748	0.682069536423841	0.6322515762462504	0.5415647469254534
3	0	Random	0.8848509933774834	0.6866167830510188	0.544387417218543	0.5623765094937759	0.45836886011300926
3	50	Normalized kNN (full)	0.7022185430463576	0.6154384556640512	0.49354304635761587	0.3590973240387914	0.3468002565575297
3	0	kNN (full)	0.8612086092715231	0.8211034040043886	0.6445364238410596	0.5885226644286209	0.5083513888226603
3	0	Popularity	0.8847682119205298	0.7910872134923554	0.6205132450331126	0.6004863527133526	0.5035084390588084
3	50	kNN (full)	0.9838079470198675	0.7487871093975397	0.5968377483443709	0.5425112220989613	0.46586316953772217
3	50	Popularity	1.0	0.6020082251273817	0.5152152317880795	0.47514888704719366	0.4042345797148262
3	0	Normalized kNN (full)	0.6754139072847682	0.647182090066485	0.5140894039735099	0.36904249236103365	0.35943568331633446
2	5	Average Rating	0.9864735099337749	0.785756529178652	0.6213741721854305	0.580954051968739	0.4932154822819375
3	0	kNN (test)	0.8742384105960265	0.8335711140314634	0.6532781456953642	0.6073408480291126	0.5195393929922184
3	50	kNN (test)	0.9989735099337749	0.7477866265321292	0.5979966887417218	0.549391857780593	0.4687662181674024
2	5	iMF (test)	0.9864900662251656	0.8569346215608459	0.6759933774834437	0.6270946322713353	0.5385804450739176
3	2000	Average Rating	1.0	0.05867900911778155	0.06480132450331126	0.03727827125796287	0.03842908191652799
3	2000	iMF (test)	1.0	0.2300535385624479	0.19892384105960265	0.1429466839528244	0.1343349132940899
2	5	Normalized kNN (full)	0.678046357615894	0.6439443816588358	0.5116556291390728	0.36885075710315657	0.3598067793373254
2	5	Random	0.9864900662251656	0.5492035392359174	0.4618874172185431	0.475225600811493	0.38293395601026575
4	5	Average Rating	0.9852980132450331	0.7780729595046451	0.6146688741721854	0.5659189478498124	0.4834278674657936
2	1000	Average Rating	1.0	0.07290675910193188	0.07347682119205298	0.04754466125725456	0.04658118798976386
2	3706	iMF (full)	1.0	0.3565653308800385	0.2901490066225166	0.21559132043415266	0.20136344317847454
4	2000	Average Rating	1.0	0.037727070599284714	0.04478476821192053	0.026123042632754775	0.027383000535132655
4	5	iMF (test)	0.9853311258278145	0.8528992383991273	0.6736258278145695	0.6222804509884036	0.5360952326069283
3	2	Average Rating	0.9341887417218543	0.7966535849171635	0.630430463576159	0.5933488317996073	0.5008713734536364
2	1000	iMF (test)	1.0	0.30984718721716964	0.2666390728476821	0.2052144016489911	0.18916054290436654
4	5	Random	0.9853311258278145	0.5546069770608797	0.461705298013245	0.4702350037212788	0.3810672036018078
3	2000	Normalized kNN (full)	0.9628311258278146	0.28154959933574475	0.23225165562913908	0.20297833034402907	0.17570822548695592
3	2000	Random	1.0	0.011802964676591763	0.011307947019867549	0.005634043035685473	0.006062195077844797
3	50	Normalized kNN (test)	1.0	0.6685011456956956	0.5556622516556291	0.48352476071508427	0.4216747188266928
4	2000	iMF (test)	1.0	0.2277715645177486	0.19562913907284768	0.14319461996784436	0.13413261562888115
3	2	iMF (test)	0.9342384105960265	0.8401956747646089	0.6656953642384106	0.6177598807411128	0.5271021908622094
2	1000	Random	1.0	0.022951862600160605	0.021423841059602648	0.011020299251638629	0.01176902618461134
4	1000	Average Rating	1.0	0.05604850743231611	0.06094370860927153	0.0371428641157096	0.03785340884070264
4	5	Normalized kNN (full)	0.6790728476821193	0.6478644573653422	0.5151324503311259	0.37185075501603726	0.36200627317093065
3	2	Random	0.9342384105960265	0.629899717015843	0.5140066225165563	0.5326486360837696	0.43021779302465846
2	50	Average Rating	1.0	0.4505391156397913	0.43632450331125827	0.38041393894203235	0.3334604812805917
1	5	Average Rating	0.9854801324503312	0.7958632342138312	0.6277980132450331	0.5873602770608515	0.4983478725994874
2	1000	Normalized kNN (full)	0.8985099337748345	0.3711838329733072	0.3047185430463576	0.2577918524909512	0.22906269446336172
3	2	kNN (full)	0.8933609271523179	0.8042972684497549	0.6329139072847683	0.5784148797276928	0.49816102021286063
3	2	Popularity	0.9341887417218543	0.7286833494248198	0.5900165562913907	0.5768651034051581	0.4791575744228755
4	1000	iMF (test)	1.0	0.3187158674682379	0.2718708609271523	0.20951549036195025	0.19243034150261565
4	2000	Normalized kNN (full)	0.9641721854304637	0.2791090101804902	0.23155629139072847	0.20277831546373168	0.17552648868915924
4	2000	Random	1.0	0.01198135662773665	0.011390728476821191	0.005364121628832463	0.0061056062136145665
3	2	Normalized kNN (full)	0.6824006622516556	0.640645106782493	0.5093708609271523	0.36678204126601327	0.3565306042776619
2	50	iMF (test)	1.0	0.7697912960816921	0.6301655629139072	0.5742318877316138	0.49519857676108936
2	1000	kNN (full)	1.0	0.5165156824705777	0.4099834437086093	0.3302901359697148	0.29838547989582853
2	1000	Popularity	1.0	0.350345489603948	0.2852814569536424	0.20222579671887442	0.19249464373280833
1	5	iMF (test)	0.9854966887417218	0.8568282006295287	0.6749503311258278	0.627433079983961	0.5377677962151447
3	100	iMF (full)	1.0	0.7159311197434507	0.5740562913907286	0.5068509247937246	0.4405673810176476
3	100	Popularity	1.0	0.4944998902994081	0.42379139072847677	0.3449036380571099	0.30921221535895954
2	1000	kNN (test)	1.0	0.5138248570576475	0.409817880794702	0.32779076504113974	0.2973258357178937
4	1000	Normalized kNN (full)	0.9005298013245033	0.37754483361494046	0.30701986754966887	0.2596905409785288	0.23047514400599695
3	100	kNN (test)	1.0	0.6617906074978984	0.5285761589403973	0.462823804234694	0.40236481801235185
4	1000	Random	1.0	0.022495720862325604	0.020794701986754968	0.011583630450536783	0.011682665235900986
2	50	Normalized kNN (full)	0.6975496688741721	0.619473000415058	0.49720198675496685	0.36194183058472235	0.3509312284196635
2	100	iMF (full)	1.0	0.7200131640051792	0.5762417218543047	0.5074873152025887	0.44439931627473866
2	50	Random	1.0	0.2173109397346446	0.19524834437086092	0.1432780107144006	0.13357904815568586
2	100	Popularity	1.0	0.5180535283491376	0.44249999999999995	0.36318953855083047	0.32563448650136495
1	5	Normalized kNN (full)	0.6774503311258279	0.6467740184579682	0.514751655629139	0.371556321536463	0.3622664396055414
1	5	Random	0.9854966887417218	0.5529314062761065	0.4611258278145695	0.47147870411981385	0.38068017058594583
1	100	iMF (full)	1.0	0.7208530099952368	0.5769370860927152	0.5084361510319574	0.44479310008500195
4	1000	kNN (full)	1.0	0.5212237840215361	0.41455298013245034	0.33383983101661535	0.30181246645872545
1	100	Popularity	1.0	0.5103128546115744	0.4343708609271523	0.3522520536682759	0.3163762346325995
4	1000	Popularity	1.0	0.35218530043284674	0.28402317880794703	0.2030015365481297	0.19178109487565695
2	100	kNN (test)	1.0	0.6616060405788944	0.5290562913907285	0.466879401362384	0.40630016864527563
1	100	kNN (test)	1.0	0.6621079175794026	0.528046357615894	0.464641171142307	0.40488669397841975
4	1000	kNN (test)	1.0	0.5202924921609166	0.41451986754966885	0.3316842260021279	0.30053369254418005
3	5	iMF (full)	0.9842218543046357	0.817393568350036	0.6446026490066226	0.6020894299822602	0.5118752839172904
3	5	Popularity	0.9716059602649006	0.7233655351896574	0.5859271523178808	0.5693867089151742	0.47411847187301925
4	100	iMF (full)	1.0	0.7248992960209938	0.5802483443708609	0.5106053894405836	0.4474965710373583
4	100	Popularity	1.0	0.5184583715823569	0.44051324503311257	0.3593294278337239	0.3226804018425328
5	100	iMF (full)	1.0	0.7232097479787305	0.5787748344370861	0.5102246899154492	0.44701651564494854
5	100	Popularity	1.0	0.5186407502425281	0.44052980132450337	0.3641346204863958	0.3248123371532612
3	5	kNN (test)	0.9326490066225165	0.8116277196773719	0.6375993377483443	0.59205011207938	0.5051010569246741
4	100	kNN (test)	1.0	0.6710351705475869	0.5372516556291391	0.47328965316045907	0.4123663361704002
5	100	kNN (test)	0.9999834437086093	0.6707700033965699	0.537317880794702	0.47284327685019684	0.41230323698884364
3	100	Normalized kNN (test)	1.0	0.3522728701605398	0.28822847682119207	0.21017361546166213	0.19712761686843436
4	1	Average Rating	0.9123675496688741	0.8322666058879512	0.6585596026490066	0.6164725361585595	0.5275731544190689
3	100	kNN (full)	0.9993874172185431	0.6682041503988395	0.5327980132450331	0.46578404797333584	0.40544379000741193
4	500	Average Rating	1.0	0.08133210490658277	0.09233443708609272	0.059625484269066026	0.05900505482268947
2	100	Normalized kNN (test)	1.0	0.3424519364437798	0.2812913907284768	0.20763204350732212	0.19451297036191545
4	1	iMF (test)	0.9124668874172186	0.8642947374137019	0.6820860927152318	0.6309482767813747	0.5437749950666146
4	1000	Normalized kNN (test)	1.0	0.1549105096271618	0.1404635761589404	0.08570179227541724	0.08764016629511878
4	500	Random	1.0	0.040434355779265845	0.03847682119205298	0.020582620903457038	0.02197465660135302
1	100	Normalized kNN (test)	1.0	0.3242979046515297	0.2710761589403973	0.20155400587607797	0.1882559104975632
4	500	iMF (test)	1.0	0.4357303332091163	0.36496688741721856	0.29330802544787293	0.2650718321709038
2	100	kNN (full)	0.9983278145695363	0.6682529603143864	0.5331622516556291	0.4689364180007144	0.40898156373347117
4	500	kNN (full)	1.0	0.5883756208935088	0.4685430463576159	0.3883407590698374	0.3472413285061523
4	500	Popularity	1.0	0.41504605529764693	0.34369205298013245	0.25338355456739853	0.23791112611679024
1	100	kNN (full)	0.9997019867549669	0.6680354337141232	0.5320033112582782	0.46751875571793067	0.4076584074285215
4	1	Normalized kNN (full)	0.6787913907284767	0.648841168026669	0.5161258278145695	0.37223407031515593	0.36252781363889863
4	1	Random	0.9124668874172186	0.6598694760682939	0.5327649006622517	0.549543817915615	0.44913284622103056
4	500	kNN (test)	1.0	0.5864844425180217	0.46826158940397355	0.38866746234672817	0.34683840001738914
4	500	Normalized kNN (full)	0.8343708609271524	0.46446345125675215	0.37375827814569534	0.2987425629208438	0.2736699678754834
4	100	Normalized kNN (test)	1.0	0.33315231713305493	0.2803145695364238	0.20592399334983885	0.1932851988498525
3	5	Normalized kNN (test)	0.9592880794701988	0.7960972732198134	0.632069536423841	0.5868734001026548	0.49831781555573806
5	100	Normalized kNN (test)	1.0	0.35402787228048194	0.2904635761589404	0.21231257573189719	0.1994829470119261
4	100	kNN (full)	0.9995033112582782	0.6764176503889925	0.5408940397350993	0.4753706860970872	0.41503002931209304
3	5	kNN (full)	0.9018211920529802	0.8029737488334229	0.6316887417218543	0.576921168946633	0.49686458694769997
2	5	iMF (full)	0.9864900662251656	0.8279096875849723	0.6523675496688742	0.6088053008740283	0.5206677585368462
2	5	Popularity	0.9864735099337749	0.7803786221373545	0.6142384105960265	0.5890750876087298	0.4971758024824162
5	100	kNN (full)	0.9989569536423841	0.677321449999054	0.5404635761589404	0.47569742008006033	0.4147435833000505
2	5	kNN (test)	0.9266721854304636	0.82733512312385	0.6502483443708609	0.6038524279173559	0.518575606129296
4	5	iMF (full)	0.9853311258278145	0.8311467796622707	0.6546192052980132	0.6073688858275977	0.5212040627178
4	5	Popularity	0.9852980132450331	0.7813793006574055	0.6147847682119205	0.5858860000935542	0.49641061755730737
3	2000	iMF (full)	1.0	0.4703936502957121	0.37968543046357617	0.29453386414738386	0.2699665498480192
3	2000	Popularity	1.0	0.258124410537857	0.21488410596026492	0.1416594036859692	0.13791098242977834
4	20	Average Rating	1.0	0.660834928461083	0.5603145695364239	0.4746844806924299	0.42398339787069617
3	200	Average Rating	1.0	0.18947335648415664	0.16198675496688741	0.10595581308120061	0.10337532177797229
4	5	kNN (test)	0.9280960264900662	0.8278417948505179	0.6508112582781457	0.6012330296671183	0.5178473771109565
2	1000	iMF (full)	1.0	0.5491327868195819	0.4425993377483444	0.35606762356907634	0.32292318239148415
2	500	Average Rating	1.0	0.10246966580273377	0.10117549668874172	0.06893084701568014	0.06622023230333555
3	2000	kNN (test)	1.0	0.42865120060974016	0.34129139072847686	0.2617094562388689	0.23972702050102218
4	20	iMF (test)	1.0	0.7697636507077135	0.6320198675496689	0.5766048260514296	0.4971723912170457
3	200	iMF (test)	1.0	0.5244179499949828	0.43584437086092714	0.3522915549723307	0.31727343006553427
2	500	iMF (test)	1.0	0.42601969318662225	0.355728476821192	0.2870918975945974	0.2596257328362832
4	10	Average Rating	1.0	0.7555351178719386	0.5947682119205299	0.5233634965110094	0.4577269171684202
4	2000	iMF (full)	1.0	0.47124884917061544	0.38284768211920533	0.297408028831675	0.2731598445325675
4	2000	Popularity	1.0	0.25230532678514606	0.21344370860927153	0.14291631325808843	0.13858267294108986
4	20	Normalized kNN (full)	0.6958112582781457	0.6229354759768135	0.49890728476821194	0.36427036751406844	0.3522314896313586
4	20	Random	1.0	0.3520085020751475	0.3090894039735099	0.25641426593722283	0.2289830793750458
4	10	iMF (test)	1.0	0.8383984999671688	0.6648841059602649	0.6102614052583075	0.5269749891078449
4	2000	kNN (test)	1.0	0.42104441658917247	0.33639072847682117	0.25976049350676494	0.23799519392178262
3	200	Normalized kNN (full)	0.7808609271523178	0.5205686983928254	0.41985099337748344	0.3238611072013632	0.3027082774452824
3	200	Random	1.0	0.08232206005696473	0.07796357615894041	0.04323073118484831	0.045269928050020246
2	500	Normalized kNN (full)	0.830182119205298	0.4587043064155469	0.3693377483443709	0.29704908057889107	0.27224424543571324
2	500	Random	1.0	0.04065179823697351	0.0373841059602649	0.02074694234776667	0.021314294858459214
2	5	Normalized kNN (test)	0.9618874172185431	0.8098989513237601	0.6435099337748345	0.5984152458959785	0.5113193078236268
2	50	iMF (full)	1.0	0.7877275421104495	0.6269039735099338	0.5701672849118129	0.49379853580271543
2	50	Popularity	1.0	0.6401072612868686	0.5455132450331126	0.5053816294247875	0.4312694509287252
1	5	iMF (full)	0.9854966887417218	0.8314697489641276	0.6522019867549669	0.6096984821121914	0.5207991841537681
1	5	Popularity	0.9854801324503312	0.7871386808687393	0.6171688741721854	0.5937756969393638	0.49960815668775477
2	5	kNN (full)	0.8893708609271523	0.8155786346349476	0.6425165562913907	0.5857179108387287	0.5081713371201089
4	10	Normalized kNN (full)	0.6818543046357616	0.6450639922989718	0.5124834437086093	0.3706974296567003	0.36050288930249086
4	10	Random	1.0	0.45228932184816667	0.389635761589404	0.36857949962299263	0.3083299480611418
2	50	kNN (test)	0.9964072847682119	0.7614823577386698	0.6115066225165563	0.5645584752442728	0.48356319053470065
4	5	Normalized kNN (test)	0.960794701986755	0.7985787198804776	0.6371854304635761	0.5888420928204651	0.5042740444260151
1	5	kNN (test)	0.9151324503311258	0.8299267115017821	0.6511092715231788	0.6047931198955431	0.5188222847432513
3	2000	Normalized kNN (test)	1.0	0.10810032455286316	0.10329470198675496	0.05528655216165458	0.06008184483286461
4	5	kNN (full)	0.8914569536423841	0.8171868911724234	0.6433609271523179	0.5844824887553622	0.5082297649042193
3	2000	kNN (full)	1.0	0.4324258763154133	0.3449834437086092	0.26803462076603995	0.24394127892676867
4	10	kNN (full)	0.9178476821192053	0.8117972775270582	0.6388245033112583	0.5792781075396021	0.5036868130306072
4	10	Popularity	1.0	0.754854797757258	0.5972682119205298	0.5625845305246573	0.4781796298950086
4	10	kNN (test)	0.9601324503311258	0.8211485788728321	0.645	0.5939457409588943	0.511724783321222
4	2000	Normalized kNN (test)	1.0	0.10668409264058862	0.10132450331125828	0.054730715505450084	0.059423107426458954
4	2000	kNN (full)	1.0	0.42537815540272783	0.3399834437086093	0.2654716624324409	0.2421332310358697
2	50	Normalized kNN (test)	1.0	0.6731813542786836	0.5633774834437086	0.49834706688124564	0.4341560027674128
1	5	Normalized kNN (test)	0.9477317880794702	0.8123540714526012	0.6444039735099337	0.6014351174204624	0.512634069779607
2	50	kNN (full)	0.9726986754966888	0.7612354979580557	0.6096523178807948	0.5548203455955162	0.4791963230177513
4	50	Average Rating	1.0	0.4880168032094529	0.448476821192053	0.37193553415035835	0.3329713976391699
1	5	kNN (full)	0.8812582781456954	0.8177289707484001	0.6420033112582781	0.5873966391086777	0.5078953755990949
4	1	iMF (full)	0.9124668874172186	0.8378306026038613	0.659023178807947	0.6156124636613344	0.5271429172153377
4	1	Popularity	0.9123675496688741	0.7893228607827938	0.6213079470198675	0.5969296037489128	0.5043587867777916
4	50	iMF (test)	1.0	0.7649592096123811	0.6265066225165563	0.5653892918525018	0.4903253611578029
4	10	Normalized kNN (test)	0.9900993377483444	0.781778263673343	0.623046357615894	0.5670133150314185	0.4882911280575415
4	1	kNN (test)	0.894933774834437	0.8315195554929463	0.6536920529801324	0.6052057655161933	0.5210937085632035
4	50	Normalized kNN (full)	0.6981456953642384	0.622136958246418	0.4982119205298013	0.3637744442706894	0.3516976664775182
4	50	Random	1.0	0.2080840193474364	0.19130794701986756	0.1347567890946643	0.1283843815775158
3	3706	Average Rating	1.0	0.016157669009139782	0.020413907284768214	0.010538791024920014	0.011505535385975558
3	3706	iMF (test)	1.0	0.1431498009444265	0.12427152317880795	0.08799135150938157	0.08258253274388506
4	3706	Average Rating	1.0	0.011100841442814976	0.013625827814569539	0.008394424183994142	0.008471926251470115
3	3706	Normalized kNN (full)	0.9953145695364238	0.1727277858554996	0.1463245033112583	0.13185913773472022	0.11128046602303011
3	3706	Random	1.0	0.005383180645735431	0.005413907284768212	0.0026320351322398254	0.0029345168293074364
4	1	Normalized kNN (test)	0.9087417218543047	0.8423544242005351	0.6655132450331126	0.6173551308638823	0.5310680164746986
4	3706	iMF (test)	1.0	0.14677537607253505	0.12629139072847684	0.08980955239667332	0.08447334740852941
4	20	iMF (full)	1.0	0.7934487972851229	0.6315397350993377	0.5746506133917566	0.49747454985065215
4	20	Popularity	1.0	0.6439138734682216	0.545	0.5103586760210431	0.4320975664277216
4	1	kNN (full)	0.8738079470198675	0.8200151361035761	0.6455132450331126	0.587109040142674	0.5105193697358659
3	200	iMF (full)	1.0	0.6725882951220397	0.5381291390728478	0.4597986495168928	0.4053066628113126
3	200	Popularity	1.0	0.4511073060553278	0.37705298013245037	0.288945817022438	0.2659464613026264
4	20	kNN (test)	0.9884437086092714	0.762455799045329	0.6113741721854304	0.5626858052270387	0.4827480776742053
2	500	iMF (full)	1.0	0.6224167655154172	0.4975662251655629	0.41477127114125834	0.3710314279453712
2	500	Popularity	1.0	0.41725787871848335	0.3416556291390728	0.25163587906886803	0.23607623740201428
4	3706	Normalized kNN (full)	0.9960761589403974	0.1712500127191773	0.14730132450331127	0.1335521656788172	0.11267187393490438
4	3706	Random	1.0	0.0060783136122434895	0.005844370860927153	0.0029643353617926954	0.003175435516668753
3	200	kNN (test)	1.0	0.632671679289011	0.5029139072847681	0.4268695452622708	0.37629744898341455
2	500	kNN (test)	1.0	0.5865555499286113	0.46433774834437086	0.387486302695292	0.34498618385298235
4	10	iMF (full)	1.0	0.8213063465426778	0.6470695364238411	0.5930314186350003	0.5125489491794742
1	200	Average Rating	1.0	0.12051725750703392	0.12251655629139073	0.08189130724413121	0.07939868235460983
1	200	iMF (test)	1.0	0.5122298671738885	0.4262913907284768	0.35028009758565914	0.31395675349756114
3	20	Average Rating	1.0	0.6651793417572256	0.5594205298013245	0.4882267477532776	0.42493949417774995
4	200	Average Rating	1.0	0.14350419897711142	0.14443708609271522	0.09593087081781432	0.09387914864186381
1	200	Normalized kNN (full)	0.7678642384105959	0.5216370275401524	0.4197185430463576	0.3265080076091221	0.3054546298926634
1	200	Random	1.0	0.08152008684776822	0.07607615894039735	0.04424093572066338	0.04512886286530737
5	200	Average Rating	1.0	0.17385059687374896	0.14036423841059603	0.09172317362310455	0.0900525296593612
3	20	iMF (test)	1.0	0.761297685186048	0.6228807947019868	0.5640846836351744	0.48508582093975594
4	200	iMF (test)	1.0	0.520320641529766	0.4339403973509934	0.35845993131875753	0.3205788861870707
4	20	Normalized kNN (test)	0.9992880794701986	0.6906723482342428	0.5765066225165563	0.5100291551885426	0.4434424411648933
3	200	Normalized kNN (test)	1.0	0.33044739337794055	0.27114238410596025	0.19060539507769592	0.18218918610416432
5	200	iMF (test)	1.0	0.5215027361619585	0.43415562913907285	0.35870185260302234	0.3212805329003356
4	20	kNN (full)	0.9568046357615895	0.7626598461438937	0.6100331125827815	0.554837339782161	0.47957814368994817
3	200	kNN (full)	1.0	0.6363051635877357	0.5049006622516556	0.4275866254013895	0.37750280139099623
2	500	Normalized kNN (test)	1.0	0.2197838102876912	0.1927317880794702	0.13025017793383975	0.12721576983782135
3	20	Normalized kNN (full)	0.6997185430463576	0.6164530695103193	0.49461920529801323	0.3598779783019068	0.34761475124400854
3	20	Random	1.0	0.3488161928182245	0.30993377483443707	0.25413369063866686	0.22747986618797536
4	200	Normalized kNN (full)	0.7745860927152318	0.5253360458147323	0.42334437086092713	0.3275956380253675	0.30656767601696966
4	200	Random	1.0	0.08469873293762506	0.0783112582781457	0.04740185847446843	0.047132767433005145
2	500	kNN (full)	1.0	0.5888491819357821	0.4648841059602649	0.38618460567664664	0.34511257235819265
5	200	Normalized kNN (full)	0.7697350993377483	0.5277819584634289	0.4245860927152318	0.32886181599894515	0.307729312546242
5	200	Random	1.0	0.08405337896116566	0.07889072847682119	0.04532935389516879	0.046658465158106927
4	50	iMF (full)	1.0	0.7899092892422416	0.6284105960264901	0.5680644217843145	0.4935403478520194
4	50	Popularity	1.0	0.63711921480068	0.5390066225165563	0.4983184034211691	0.42468449956708076
3	1000	Average Rating	1.0	0.09274037639872582	0.09986754966887418	0.06375355387786326	0.0627532279052618
4	50	kNN (test)	0.9986092715231789	0.7603056392354592	0.6097185430463575	0.5582894528671103	0.48045813298657125
2	20	Average Rating	1.0	0.6650759082120882	0.5577980132450331	0.4861401422014075	0.4259055352406546
3	1000	iMF (test)	1.0	0.32421289069875453	0.27495033112582784	0.2099867180172934	0.19249282651856175
2	20	iMF (test)	1.0	0.7731583311889123	0.6330794701986755	0.5824251693664698	0.4996420932600181
3	3706	iMF (full)	1.0	0.3605380266687783	0.2919701986754967	0.21776251614336897	0.2019652110808086
3	3706	Popularity	1.0	0.17098256441647924	0.1456291390728477	0.08334995244718131	0.08611383679729186
3	1000	Normalized kNN (full)	0.9010596026490065	0.37625881734122596	0.30649006622516556	0.25828615281235684	0.22932712007518585
3	1000	Random	1.0	0.022381402996720395	0.021142384105960265	0.011603935935504985	0.011609341380516983
3	3706	kNN (test)	1.0	0.3197219126703091	0.2540066225165563	0.18777805956208307	0.17373833358611288
3	2	kNN (test)	0.9154801324503311	0.8134209084220295	0.6392052980132451	0.5943103982644323	0.5068877402893025
2	20	Normalized kNN (full)	0.6954801324503311	0.6202576685417323	0.49794701986754963	0.3623662573932062	0.35143370768466686
2	20	Random	1.0	0.3421519538458372	0.30188741721854306	0.2532201237838928	0.22376163787564718
2	2000	Average Rating	1.0	0.05172923413347933	0.0530794701986755	0.032389316526558624	0.03287334279791256
3	0	Normalized kNN (test)	0.8810264900662251	0.8555849579003897	0.6697019867549668	0.6248214373130832	0.5341921317777885
4	3706	iMF (full)	1.0	0.363975596063924	0.29543046357615893	0.2209426813332275	0.20514184729672869
4	3706	Popularity	1.0	0.17135433796440236	0.14478476821192052	0.08611652945217599	0.08749842721790353
2	2000	iMF (test)	1.0	0.22827220202609233	0.19647350993377485	0.1438052700279979	0.13550879949128042
4	50	Normalized kNN (test)	1.0	0.662834758714317	0.5564569536423841	0.483756841124182	0.4241895898049649
4	200	kNN (full)	1.0	0.6401097677609976	0.509205298013245	0.4334727730046545	0.3837338383853446
4	200	Popularity	1.0	0.4648698821343572	0.38519867549668874	0.2941434246823527	0.27211687764575304
4	3706	kNN (test)	1.0	0.31872825187223525	0.2520198675496689	0.1883061905951696	0.17420021027266763
4	50	kNN (full)	0.9780794701986756	0.7603358067805454	0.6080960264900662	0.5512086737245896	0.4771716396970544
4	200	kNN (test)	1.0	0.6368251700063159	0.506953642384106	0.4327429010416119	0.3819869459160369
1	20	Average Rating	1.0	0.6442713636635812	0.5435927152317881	0.4810493656084997	0.41749015959961766
1	2000	Average Rating	1.0	0.050519449175764466	0.05021523178807947	0.030752578978242774	0.031110260812796955
4	3706	kNN (full)	1.0	0.32108443360408323	0.2544867549668874	0.19301082112550094	0.17720850137662927
1	1000	Average Rating	1.0	0.08294979302456322	0.08905629139072847	0.056517052493713124	0.05634489493198934
2	2000	Normalized kNN (full)	0.9604966887417218	0.2794601354528055	0.2333774834437086	0.20475894736041644	0.17752761785816923
2	2000	Random	1.0	0.011811412579378105	0.01142384105960265	0.0056721765051226634	0.0062099084167566015
1	20	iMF (test)	1.0	0.7739995453566955	0.6322847682119205	0.5806601767625383	0.49810733107698096
3	2	Normalized kNN (test)	0.9300993377483444	0.8093688946185582	0.6418211920529802	0.5988237277312367	0.5086016615719735
1	2000	iMF (test)	1.0	0.22645510566392638	0.1952980132450331	0.14283183814864106	0.134036978866368
3	3706	Normalized kNN (test)	1.0	0.04176069379828109	0.0468046357615894	0.022170399397475442	0.025551788839879894
1	1000	iMF (test)	1.0	0.3146565427972684	0.26937086092715234	0.20519535258822066	0.1897055769463721
3	3706	kNN (full)	1.0	0.32313846353978104	0.25682119205298015	0.19324072581436288	0.17720557299069697
1	200	iMF (full)	1.0	0.6792527017799471	0.5425827814569536	0.4659498717757075	0.4118476793777857
1	200	Popularity	1.0	0.46926112604570297	0.3929470198675497	0.3044664334304026	0.2791086967673762
1	20	Normalized kNN (full)	0.694817880794702	0.6261895983885909	0.5028973509933775	0.36565287867881735	0.35477299056236167
1	20	Random	1.0	0.35020434545121343	0.3074668874172185	0.26026629519287503	0.2287993075015977
1	2000	Normalized kNN (full)	0.9619701986754967	0.2808341629974748	0.2339072847682119	0.20529945546674383	0.17809908972587243
1	2000	Random	1.0	0.010908108210727824	0.010711920529801324	0.004861802907767392	0.005583414857127557
1	1000	Normalized kNN (full)	0.9048344370860927	0.37240845900155434	0.3040066225165563	0.25740428167545304	0.22877775274682918
1	1000	Random	1.0	0.02289512209495341	0.021043046357615895	0.011238183068047369	0.011864636764858674
1	200	kNN (test)	1.0	0.6343772009148303	0.5029801324503311	0.432145640940959	0.3800409987570626
3	20	iMF (full)	1.0	0.7812688215882575	0.6220198675496689	0.5689177314788355	0.4882717280630135
3	20	Popularity	1.0	0.6075878429676108	0.5198344370860928	0.48643957925137793	0.4103344649852265
5	200	iMF (full)	1.0	0.680794321312948	0.5452814569536424	0.46751265552539834	0.4140964319404454
5	200	Popularity	1.0	0.46932739452979544	0.3902980132450331	0.29989645262852954	0.2771005654474022
3	20	kNN (test)	0.9919039735099339	0.7504129156855108	0.6001986754966887	0.5543429567716449	0.471645105101721
4	200	iMF (full)	1.0	0.6840511356262758	0.5477980132450331	0.46746414758777033	0.4152179734199277
5	200	kNN (test)	1.0	0.6417089228992024	0.5116225165562913	0.4371502883108297	0.38603570490507577
4	200	Normalized kNN (test)	1.0	0.3053491329912462	0.25903973509933775	0.185419798913001	0.1763952891334352
4	3706	Normalized kNN (test)	1.0	0.04431390410405628	0.04933774834437086	0.023818626819092123	0.027286915561088514
4	2	Average Rating	0.9366390728476821	0.8172964734975827	0.6468211920529802	0.6033936794699482	0.5157585968920256
1	200	Normalized kNN (test)	1.0	0.28067114665628196	0.24201986754966887	0.1753706682509246	0.1660720655164143
2	20	kNN (full)	0.9561092715231787	0.7634812849079321	0.6115728476821192	0.5583670444017169	0.48156889459655555
2	20	Popularity	1.0	0.6445712806541225	0.5493211920529801	0.5133585481094877	0.4361200639291262
4	2	iMF (test)	0.9367218543046358	0.863627271504056	0.6819701986754968	0.6299212550388545	0.5432244671330072
1	200	kNN (full)	1.0	0.6374837487574742	0.5051986754966887	0.43125265018430897	0.38090712710053437
2	20	kNN (test)	0.9883609271523178	0.7637219191402981	0.6132781456953642	0.5687586385835091	0.4859560273048048
3	20	Normalized kNN (test)	0.9997847682119205	0.6930176992989315	0.5750331125827814	0.5105186593360203	0.4406632433926961
3	20	kNN (full)	0.965976821192053	0.7518248405573953	0.5995529801324504	0.5473619481442455	0.46915062745104
4	2	Normalized kNN (full)	0.6787913907284767	0.648841168026669	0.5161258278145695	0.37223407031515593	0.36252781363889863
4	2	Random	0.9367218543046358	0.6309363459369516	0.5166390728476821	0.5318154170472551	0.43320039211555933
5	200	Normalized kNN (test)	1.0	0.32310480133167624	0.26642384105960265	0.18546577463325425	0.17852087509879283
3	1000	iMF (full)	1.0	0.5537473244693486	0.44307947019867544	0.3588048541130849	0.32279246778654114
3	1000	Popularity	1.0	0.3482865807663489	0.28577814569536425	0.20398391055719503	0.19273050679341794
5	200	kNN (full)	1.0	0.6453807032771172	0.5129801324503311	0.43766174682462666	0.3866167162269291
3	2	iMF (full)	0.9342384105960265	0.8210474034032994	0.6466721854304636	0.6070273022942697	0.5149644233676358
2	20	iMF (full)	1.0	0.7906497729313601	0.6295033112582781	0.5761230822035864	0.49723724601185254
3	1000	kNN (test)	1.0	0.5168678765128428	0.41225165562913907	0.33089257445629533	0.29782761302466476
2	1	Average Rating	0.9147350993377483	0.8220586454198041	0.6499668874172185	0.6135100022598108	0.5218348245179985
2	20	Normalized kNN (test)	0.9998509933774835	0.6973128101864573	0.5819370860927152	0.5202472181845538	0.44963816099842757
2	1	iMF (test)	0.9147847682119206	0.864254976011562	0.6815397350993377	0.6340584399339279	0.5444232831750134
2	2000	iMF (full)	1.0	0.46698770856657923	0.37945364238410595	0.29387436559943647	0.27079791505554646
2	2000	Popularity	1.0	0.2604589964634876	0.21877483443708612	0.14716088218198006	0.14307467722915723
2	1	Normalized kNN (full)	0.6772682119205298	0.6455593008537501	0.5129304635761589	0.36940450215260306	0.3605422395846134
2	1	Random	0.9147847682119206	0.6606250296547962	0.5340562913907284	0.552609298571846	0.45078601566629833
2	2000	kNN (test)	1.0	0.4235196933275683	0.3387417218543046	0.2617021729320867	0.24027562552130957
3	10	Average Rating	0.9998675496688741	0.7673118056729801	0.6040231788079471	0.5546223298929646	0.4713997260101012
3	1000	Normalized kNN (test)	1.0	0.1597970083065281	0.14445364238410596	0.08913099855517748	0.09020936906910793
3	10	iMF (test)	0.9999834437086093	0.8240124644193844	0.6550496688741722	0.6009751402012931	0.5151783143155172
3	1000	kNN (full)	1.0	0.5193241421319141	0.41299668874172185	0.3326736883903019	0.2989558412489546
1	20	iMF (full)	1.0	0.794116064490802	0.6293046357615895	0.5763304481913817	0.4968513802657366
1	20	Popularity	1.0	0.6459695493732449	0.5480298013245033	0.5169293216175456	0.43523824662988575
1	2000	iMF (full)	1.0	0.4715799200636553	0.38034768211920533	0.2982474498159016	0.2721520775399971
1	2000	Popularity	1.0	0.2565836915392797	0.2133112582781457	0.14249942702486257	0.1381417256576204
1	1000	iMF (full)	1.0	0.5480958599944564	0.44039735099337746	0.35647254801168754	0.3218705016078405
1	1000	Popularity	1.0	0.3341666640318025	0.2689900662251656	0.19056650528094435	0.18019417057918344
1	20	kNN (test)	0.9881291390728477	0.7674378949678141	0.6138576158940398	0.5699343383618357	0.4862853299632017
1	2000	kNN (test)	1.0	0.42679021342694107	0.33857615894039733	0.26463055708893707	0.24089641061812633
1	1000	kNN (test)	1.0	0.5099568861941386	0.4049006622516556	0.32682576389454393	0.2948741350465751
3	10	Normalized kNN (full)	0.6845860927152317	0.638789979986555	0.5080960264900662	0.3662400311391686	0.3558078173603997
3	10	Random	0.9999834437086093	0.4480437945437171	0.38915562913907287	0.36972331169379946	0.3057254582435127
3	0	iMF (full)	0.8848509933774834	0.8378675050244342	0.6571854304635761	0.6171798225472829	0.5245762832124637
3	1	Average Rating	0.9096688741721853	0.8196112573334351	0.6484271523178808	0.6107879924279439	0.5176913172151654
1	3706	Average Rating	1.0	0.016400977497289717	0.021440397350993377	0.012280810782296647	0.01293060390949719
3	1	iMF (test)	0.9097516556291391	0.8449835008787488	0.6698013245033112	0.6226126522964027	0.531352011052584
2	2000	Normalized kNN (test)	1.0	0.10315382193508833	0.10236754966887418	0.056996421263895335	0.060820205319620645
1	3706	iMF (test)	1.0	0.14262403013718936	0.12355960264900663	0.08689378875677838	0.08253789362644051
2	2000	kNN (full)	1.0	0.42886380379011574	0.34266556291390726	0.26781401455280057	0.24446895148231593
3	1	Normalized kNN (full)	0.6823013245033113	0.6413375605441407	0.5101655629139072	0.36709018620567757	0.35695685694677837
3	1	Random	0.9097516556291391	0.6653468402953072	0.5336589403973511	0.5513026448275099	0.4477337341971138
1	20	Normalized kNN (test)	0.9994205298013245	0.7140455963926904	0.5925662251655629	0.5377323994646608	0.46146089466692586
1	2000	Normalized kNN (test)	1.0	0.09625335360574125	0.09496688741721855	0.054922923010719285	0.05782395499167122
1	3706	Normalized kNN (full)	0.995248344370861	0.1706261587894294	0.14500000000000002	0.13142961017695037	0.11111517877468716
1	1000	Normalized kNN (test)	1.0	0.14300993913937501	0.13374172185430463	0.08535996996191551	0.08573365408013572
1	500	Average Rating	1.0	0.10946432254131307	0.10978476821192053	0.07275508819101943	0.07086784429628362
1	3706	Random	1.0	0.0063402154001781725	0.005778145695364239	0.002671101628708811	0.002960238256299333
1	20	kNN (full)	0.9533774834437085	0.7649867389133886	0.6101655629139073	0.5591751529689256	0.48069422920239385
1	2000	kNN (full)	1.0	0.42846224351474205	0.3407119205298013	0.2665464853390412	0.24273824076469955
1	1000	kNN (full)	1.0	0.5117698924495714	0.4064403973509934	0.32998274488588614	0.29654585673862616
1	500	iMF (test)	1.0	0.41386089133070836	0.3500662251655629	0.27636133523369444	0.2514667026371915
4	2	iMF (full)	0.9367218543046358	0.8372432187448737	0.6593543046357616	0.6144729777352248	0.5264673869504684
4	2	kNN (full)	0.8745364238410596	0.8199512996630556	0.6454470198675497	0.5870150240594194	0.510442864520093
4	2	Popularity	0.9366390728476821	0.789126545672561	0.6211423841059602	0.5966764633095141	0.5041604572717124
4	2	kNN (test)	0.8972682119205299	0.8313904207149916	0.6535761589403973	0.6050532111169501	0.5209624485536809
1	500	Normalized kNN (full)	0.8304635761589404	0.45691939054323827	0.36935430463576163	0.298079484344516	0.27237566352347686
1	500	Random	1.0	0.040641149967987726	0.038857615894039736	0.021003522044733377	0.022295923894818954
4	0	Average Rating	0.8849834437086093	0.8474446363666335	0.6679139072847682	0.6262322890189497	0.5367563293457289
4	0	Random	0.8850993377483444	0.6925277499036149	0.5497185430463577	0.5644048955575899	0.46394543233115126
4	0	iMF (test)	0.8850993377483444	0.869836858170966	0.6855132450331126	0.6340423326819833	0.5467492963277172
2	1000	Normalized kNN (test)	1.0	0.15563673124792607	0.14524834437086093	0.08990207839248214	0.09173960035377039
3	1	kNN (full)	0.8852317880794702	0.8055959166757543	0.6339569536423841	0.5797009809733286	0.49928058659161234
3	1	Popularity	0.9096688741721853	0.732092393938059	0.5926986754966888	0.5807336612637821	0.48225269118876557
1	500	kNN (full)	1.0	0.5765522025196064	0.4579801324503311	0.38150871122456986	0.339776903755645
1	500	Popularity	1.0	0.4034485874173047	0.33705298013245033	0.24943446205669959	0.23264211932794218
3	1	kNN (test)	0.8999337748344372	0.815049113891937	0.6405794701986754	0.5962391556562534	0.5084404238682189
4	0	Normalized kNN (full)	0.6782947019867549	0.6495397581428182	0.5166721854304636	0.3725171480502293	0.3628914938850182
1	500	kNN (test)	1.0	0.5722343006358985	0.4554470198675497	0.3819165234450384	0.338641115073392
4	0	Popularity	0.8849834437086093	0.7944622844319735	0.6249172185430464	0.6019657466971113	0.5084024941095873
4	0	kNN (full)	0.8609602649006622	0.8221379533698144	0.6472350993377484	0.5892623609756306	0.5123506420425494
4	0	kNN (test)	0.8740728476821191	0.8338836367150702	0.6554139072847682	0.6076301478197185	0.5230210209263133
2	1	iMF (full)	0.9147847682119206	0.8357158723332547	0.6579304635761589	0.6179842806307297	0.527352047779111
2	1	Popularity	0.9147350993377483	0.7903959409636951	0.6218377483443709	0.6009002554550057	0.5061167362528444
2	200	Average Rating	1.0	0.16183235397096485	0.14377483443708608	0.09824071398402881	0.09443357973327621
2	200	Random	1.0	0.08323424662454462	0.0785430463576159	0.04443883310210528	0.04600551130459788
2	1	kNN (test)	0.8930629139072849	0.8312298691384984	0.6533940397350994	0.6080467919262715	0.5220084911969326
2	200	iMF (test)	1.0	0.5186836461826856	0.43264900662251654	0.3545020662122926	0.3192814520517039
3	1	Normalized kNN (test)	0.906274834437086	0.8292497753059042	0.654271523178808	0.6113684469169268	0.520464932387224
1	500	Normalized kNN (test)	1.0	0.2245603407504866	0.19834437086092715	0.13398310311457115	0.1309261610542539
2	200	Normalized kNN (full)	0.7704635761589405	0.5210641409386146	0.42124172185430464	0.32559932843387557	0.30546418585297763
3	10	iMF (full)	0.9999834437086093	0.8078517736999982	0.637135761589404	0.5885752909931611	0.5033682446585134
3	10	Popularity	0.9998675496688741	0.7133175554531971	0.5777317880794702	0.5520022337292771	0.4635444923639814
5	50	Average Rating	1.0	0.5094378738468351	0.44094370860927157	0.3608838864975767	0.325516023835495
2	200	kNN (full)	1.0	0.6385111106490977	0.5066059602649007	0.4329659680885295	0.3824557422397371
2	200	Popularity	1.0	0.46861719469329316	0.3920529801324503	0.3043382497413754	0.27941489508538725
3	10	kNN (test)	0.9624834437086092	0.8077235267916174	0.6350827814569536	0.5879190467686789	0.5021282281620334
2	200	kNN (test)	1.0	0.6339241471324563	0.5042384105960265	0.432152048739762	0.3810310672778262
5	50	iMF (test)	1.0	0.7616833680746922	0.6241721854304636	0.5675747464335303	0.4901764480358661
5	5	Average Rating	0.985860927152318	0.78857066720288	0.625728476821192	0.5830450486033386	0.4967225288300927
2	1	Normalized kNN (test)	0.9104470198675497	0.8347624655484448	0.6603476821192052	0.6167126261752703	0.5279707213992767
2	1	kNN (full)	0.8711092715231789	0.8185833742252722	0.6449834437086093	0.5886663514313064	0.5107250329784696
5	5	iMF (test)	0.9858774834437086	0.8565400804125972	0.6768046357615894	0.6261851861403546	0.5396363930323298
5	50	Normalized kNN (full)	0.6954635761589405	0.6218663802672473	0.49832781456953645	0.364235781381075	0.3520197271919434
5	50	Random	1.0	0.21080820506601972	0.19450331125827813	0.13609725021542768	0.13096771186693673
3	1	iMF (full)	0.9097516556291391	0.8236607916787828	0.6496854304635762	0.6100003561009522	0.5176806822265504
3	500	Average Rating	1.0	0.13242003380231546	0.1341225165562914	0.08694716684593701	0.08530960700492751
4	500	Normalized kNN (test)	1.0	0.23760716208788138	0.2072185430463576	0.13727757254320241	0.1352650075447645
1	3706	iMF (full)	1.0	0.36046390181672083	0.29132450331125825	0.21960223731797657	0.20274740284182272
1	3706	Popularity	1.0	0.171448864007565	0.14589403973509935	0.08700460334989468	0.08755458896951955
5	5	Normalized kNN (full)	0.6768708609271523	0.644556024708556	0.512864238410596	0.37135308656923127	0.36104338141090025
5	5	Random	0.9858774834437086	0.5473642838640193	0.46264900662251657	0.47079862060478167	0.38223919589726796
3	500	iMF (test)	1.0	0.43151770662480526	0.35854304635761586	0.2871534414445498	0.2587347073983727
1	3706	kNN (test)	1.0	0.3195949799532942	0.2522682119205298	0.190010101747848	0.1744094994299382
3	10	Normalized kNN (test)	0.9900993377483444	0.7841840918034817	0.6229966887417219	0.5714262349746289	0.4874914774727626
3	10	kNN (full)	0.9244701986754967	0.7994685998089431	0.6297019867549669	0.5742255340076206	0.49465922978243065
3	500	Normalized kNN (full)	0.8315728476821191	0.46738759559905574	0.3740894039735099	0.29945458597076485	0.2740264429776329
3	500	Random	1.0	0.04043083348031172	0.03872516556291391	0.02053024325282134	0.021575742769416022
1	500	iMF (full)	1.0	0.623107516374487	0.4973841059602649	0.41565192816960894	0.3708649046994694
1	3706	kNN (full)	1.0	0.32163226860163235	0.2545860927152318	0.19392227769439707	0.17732965753888816
2	200	Normalized kNN (test)	1.0	0.3149499984025503	0.2602483443708609	0.18559927677838042	0.1765738451009675
1	1	Average Rating	0.9133774834437086	0.8453463893052701	0.6615066225165563	0.6245083873591881	0.5319121411456017
2	10	Average Rating	1.0	0.7766717062396749	0.6133774834437087	0.5662563315816097	0.4834925641122996
1	1	iMF (test)	0.9134437086092715	0.8683013503155772	0.6820860927152318	0.6348782086808884	0.5443868834982741
2	10	iMF (test)	1.0	0.8468207753991961	0.6699834437086093	0.6200193005389891	0.5328958044408441
1	1	Normalized kNN (full)	0.6770198675496688	0.6486048750178852	0.5164900662251656	0.37230263938776026	0.36325676828845643
1	1	Random	0.9134437086092715	0.6552293687393242	0.5271688741721854	0.5483269749447509	0.44558345343850625
2	10	Normalized kNN (full)	0.6797847682119205	0.6433718157327734	0.511341059602649	0.36862404311301195	0.3595563755926821
2	10	Random	1.0	0.4561262578921744	0.3905960264900662	0.3664676763936013	0.3076772719287849
3	500	kNN (full)	1.0	0.6027058538551019	0.47493377483443705	0.3932240660895923	0.3501458820882105
3	500	Popularity	1.0	0.4246502537852639	0.3460927152317881	0.25312540487727697	0.2378869875218214
1	0	Average Rating	0.8861589403973509	0.8469365285000855	0.6627980132450332	0.6265036414612303	0.5334205244458832
3	500	kNN (test)	1.0	0.6043127957652416	0.47746688741721854	0.39565127338177436	0.352490185501014
1	10	Average Rating	1.0	0.7289251411560248	0.5832615894039735	0.539438292715806	0.45791542301038046
1	1	kNN (full)	0.8623675496688742	0.8212202845015706	0.6445529801324503	0.5906568970553356	0.5106184117497102
1	1	Popularity	0.9133774834437086	0.7958865973123246	0.6238907284768213	0.6033976873477781	0.5073016301572492
1	0	iMF (test)	0.8862417218543046	0.8686752103700571	0.6817549668874172	0.6346044932176746	0.5441496020664145
1	10	iMF (test)	1.0	0.8471070604904466	0.6677814569536424	0.618849407511246	0.5307356002360203
1	1	kNN (test)	0.8780794701986756	0.8343751028514735	0.6544701986754967	0.6093112680677621	0.5225674877270028
1	0	Normalized kNN (full)	0.6770198675496688	0.6486154082609645	0.5165066225165562	0.3723090071921413	0.36326596622811796
1	0	Random	0.8862417218543046	0.6910659522454692	0.5476986754966887	0.5660506151786839	0.46269223448970415
1	10	Normalized kNN (full)	0.6796026490066226	0.6457412660667192	0.5139072847682119	0.37100944093355176	0.3616460927554709
1	10	Random	1.0	0.452793396430425	0.3875	0.36613354134004666	0.3064505007418604
4	500	iMF (full)	1.0	0.6283538453112032	0.5030629139072847	0.4166024682195373	0.3742021511758743
3	500	Normalized kNN (test)	1.0	0.23373498090690792	0.2031456953642384	0.1356310956990352	0.1324456613064511
5	50	iMF (full)	1.0	0.7887399677018144	0.6274834437086093	0.5688602550319098	0.4938452750894013
5	50	Popularity	1.0	0.6393684871133786	0.5433278145695364	0.5009457407439316	0.42860625711688544
1	1	Normalized kNN (test)	0.8905132450331126	0.855331739436228	0.6692384105960265	0.6269521820548806	0.5365098837742346
5	50	kNN (test)	0.9981788079470199	0.7614320237984311	0.6115397350993377	0.5595232423761821	0.4823262806204839
1	0	Popularity	0.8861589403973509	0.7964445733904962	0.6243046357615895	0.6040115900933033	0.5077865853220733
5	5	iMF (full)	0.9858774834437086	0.8299365074979688	0.6545364238410596	0.6085693212452951	0.5226524188326979
5	5	Popularity	0.985860927152318	0.7840192947999421	0.6185596026490066	0.5927538529711286	0.5017617697912254
1	2	Average Rating	0.9372019867549669	0.8185536867378855	0.6459271523178808	0.6096380809981617	0.5173932240260879
1	10	Popularity	1.0	0.7730237652955786	0.607069536423841	0.5782173578701646	0.48809972069115637
5	5	kNN (test)	0.9153476821192053	0.8288540226969128	0.6521523178807948	0.602675013180402	0.5199682749700313
1	2	Random	0.9372682119205299	0.6270373507755994	0.5131788079470199	0.5333494461226443	0.4315540482217921
1	2	iMF (test)	0.9372682119205299	0.8617482621902294	0.6775496688741722	0.6303061459725863	0.540307301741986
3	500	iMF (full)	1.0	0.6268020966646788	0.4982781456953642	0.41426576736273063	0.36943584321658013
1	2	kNN (full)	0.8712582781456953	0.8194529125573028	0.6432781456953642	0.5890907593134833	0.5092441295638942
1	2	Popularity	0.9372019867549669	0.7924239382991741	0.6213245033112583	0.5998293627364071	0.504402705844815
1	2	Normalized kNN (full)	0.6771523178807947	0.6479683313743885	0.515794701986755	0.37197709564927955	0.3628382271911402
1	2	kNN (test)	0.8949668874172186	0.8320483287669166	0.6526986754966888	0.6070125600612727	0.5205990273939737
2	0	Average Rating	0.887135761589404	0.8473686927846684	0.6653807947019867	0.6277685328321884	0.5360128635120233
5	50	Normalized kNN (test)	1.0	0.6741611514894948	0.564023178807947	0.48797124216188864	0.42890310189026776
2	0	iMF (test)	0.8872019867549669	0.8703487848885859	0.6860430463576158	0.6377595239566749	0.5482291363714938
5	50	kNN (full)	0.9775496688741722	0.7609815114429562	0.6089569536423841	0.550891384711644	0.4779654431980992
5	5	Normalized kNN (test)	0.945728476821192	0.8123107119598642	0.6479635761589404	0.6006621264730129	0.515285565199367
4	1000	iMF (full)	1.0	0.5578145753016623	0.44723509933774835	0.3611272024043257	0.32685928610778764
5	5	kNN (full)	0.8838576158940398	0.8178617807817413	0.6450496688741721	0.5866513211812133	0.5107104977594695
2	0	Normalized kNN (full)	0.6770529801324503	0.6461256280147232	0.5134933774834437	0.36960902347714425	0.3608328425786357
2	0	Random	0.8872019867549669	0.6941610592137765	0.5500662251655629	0.5672713397240532	0.46503853736539563
2	10	iMF (full)	1.0	0.8208613051344357	0.6470529801324503	0.5967792844204023	0.5140435633989802
2	10	Popularity	1.0	0.7660702838558198	0.6033443708609271	0.57080126714798	0.48428398612515144
2	10	kNN (test)	0.9574172185430464	0.8243357052847126	0.6480629139072848	0.6005912935862713	0.5160533914169685
2	2	Average Rating	0.9388245033112583	0.795304795981906	0.6296357615894039	0.5944342452702217	0.5031035856156139
1	2	Normalized kNN (test)	0.9161920529801325	0.8293113340423145	0.6547019867549669	0.6131871023583843	0.5230513369876405
2	2	iMF (test)	0.9388741721854305	0.8609178973704505	0.678228476821192	0.6302178139046076	0.5411053309972195
5	1	Average Rating	0.9153807947019867	0.8177213648256665	0.6493874172185431	0.6098538446160431	0.5205698773120744
2	2	Normalized kNN (full)	0.6775	0.6445567009421463	0.5120695364238411	0.3690686360079306	0.3600781113049862
2	2	Random	0.9388741721854305	0.630985848638493	0.5157119205298013	0.5359476498563917	0.43467043242728015
5	1	iMF (test)	0.9154635761589404	0.8625118987283698	0.6819701986754968	0.6315692968133263	0.5443796753795875
2	10	Normalized kNN (test)	0.991341059602649	0.8020514629433907	0.6375827814569537	0.5891849472238461	0.5044679793192585
2	10	kNN (full)	0.9120198675496689	0.8132301771880607	0.6408609271523179	0.5836853995678069	0.506402485324898
5	1	Normalized kNN (full)	0.6764900662251656	0.6458110629040561	0.5139735099337749	0.3718086609119682	0.36166777565848174
5	1	Random	0.9154635761589404	0.6562599084046038	0.5325827814569537	0.548726245804603	0.4493539254320683
1	10	iMF (full)	1.0	0.82401126112638	0.6469701986754967	0.5985383319480719	0.5139121885130021
1	0	iMF (full)	0.8862417218543046	0.8408758356198366	0.6591059602649006	0.6202364577607674	0.5284911835432072
2	0	iMF (full)	0.8872019867549669	0.8387505109151892	0.6596688741721854	0.6203849502019998	0.5292936123962843
2	0	Popularity	0.887135761589404	0.7943166954572992	0.6245033112582782	0.6046636993543085	0.5091419074208378
2	0	kNN (full)	0.8612913907284768	0.8202119614745619	0.6461258278145695	0.58997091697377	0.51191672276795
2	0	kNN (test)	0.8757615894039735	0.8331849449544201	0.6547847682119206	0.6097733049276189	0.5235204420915152
5	0	Average Rating	0.8877980132450332	0.8459909826305425	0.666887417218543	0.6258638339702024	0.5365474157778393
1	2	iMF (full)	0.9372682119205299	0.835725560102295	0.6556291390728477	0.6162020163745843	0.5250887094057871
1	10	kNN (test)	0.9471854304635762	0.825016617233296	0.6474006622516557	0.5996644989087948	0.5146682844546002
5	0	iMF (test)	0.8878807947019868	0.8690518919099439	0.684751655629139	0.6340553244495626	0.5467893517643853
4	0	Normalized kNN (test)	0.8810927152317881	0.8564440283765575	0.6740894039735099	0.6264223273447094	0.5395287028452965
5	0	Normalized kNN (full)	0.6764238410596026	0.6462353775071685	0.5144370860927152	0.37198484894108297	0.36191418384573365
5	0	Random	0.8878807947019868	0.6926224289844342	0.5508609271523178	0.5663106327609193	0.4660907287905123
2	0	Normalized kNN (test)	0.8833940397350993	0.8560859281743605	0.6723344370860928	0.6284136852457678	0.5392465064236758
2	2	iMF (full)	0.9388741721854305	0.8331786510955627	0.6564403973509934	0.6159948527657825	0.5256875666533458
2	2	Popularity	0.9388245033112583	0.7858542805756571	0.6185596026490066	0.5960115851448804	0.5023117435936677
1	10	Normalized kNN (test)	0.9795364238410595	0.8001067267766137	0.6360099337748344	0.588563775013251	0.502962237029367
1	10	kNN (full)	0.9053476821192054	0.8137246612342037	0.6389238410596026	0.5835606136578051	0.5045852797921728
1	0	kNN (test)	0.8749172185430464	0.8344952162488337	0.6545860927152317	0.6094725007828028	0.5226991146777714
2	2	kNN (test)	0.9066556291390728	0.8288409848990008	0.6514403973509933	0.6053233684466574	0.5198674258154807
5	1	iMF (full)	0.9154635761589404	0.8358283998298217	0.6589072847682119	0.6163035568026349	0.527869772397531
5	1	Popularity	0.9153807947019867	0.7893339936892375	0.6225496688741722	0.5987552380591177	0.5064248756012362
5	2000	Average Rating	1.0	0.04917305759041663	0.05948675496688742	0.036352502886040125	0.036589431932558245
4	0	iMF (full)	0.8850993377483444	0.8416581456516832	0.6619039735099338	0.6184112450987141	0.5296830675640624
5	20	Average Rating	1.0	0.6207770543373657	0.5204966887417218	0.4466855552523335	0.3927031597742133
5	1	kNN (test)	0.8946523178807947	0.8310139810801765	0.6539072847682119	0.6049366701433152	0.5218727114941866
5	1000	Average Rating	1.0	0.06363388307980351	0.07574503311258278	0.048444485631865285	0.04782149087943019
5	2000	iMF (test)	1.0	0.22706238080543584	0.19607615894039734	0.14312419475496446	0.134144819075215
5	20	iMF (test)	1.0	0.7796990553100964	0.6400331125827815	0.5860265585391263	0.5051276322722746
5	1000	iMF (test)	1.0	0.31584984669231353	0.27043046357615896	0.20592907419067197	0.19009995574836897
1	0	Normalized kNN (test)	0.8822847682119205	0.8560765525072145	0.6697847682119206	0.6276809007699404	0.5371181903172668
1	0	kNN (full)	0.8613410596026491	0.8212836154593665	0.6446026490066226	0.5907139959534942	0.5106710853112923
5	20	Random	1.0	0.34204062752407777	0.304023178807947	0.25010986283657105	0.22470449120025443
5	2000	Normalized kNN (full)	0.9597847682119206	0.2812169702338137	0.23347682119205299	0.2039217847306208	0.1768522853006363
5	2000	Random	1.0	0.011299547738552093	0.010596026490066225	0.005357841746676586	0.005715923365389833
5	20	Normalized kNN (full)	0.6923344370860927	0.6243902611622364	0.5009271523178808	0.36559288360540887	0.3536982326592111
2	2	Normalized kNN (test)	0.9334271523178808	0.8138707355815512	0.6468211920529802	0.6032181317977883	0.5151134541068113
5	20	kNN (full)	0.9507781456953642	0.7673803696334565	0.614933774834437	0.5603227015040996	0.48482766914708497
5	20	Popularity	1.0	0.656441606773143	0.5583443708609271	0.5302005982026263	0.4471986199473127
5	1000	Normalized kNN (full)	0.8940562913907285	0.3810964439221963	0.30966887417218547	0.26141005583058713	0.23236297632308706
5	1000	Random	1.0	0.022809306937598462	0.021721854304635763	0.011077018922272072	0.011881771339406105
5	20	kNN (test)	0.9847350993377484	0.7679261072200442	0.6172019867549668	0.5701152149319655	0.48924799831554056
2	2	kNN (full)	0.8783112582781457	0.8169144566062224	0.6435927152317881	0.5869924599650991	0.509304847222036
4	2	Normalized kNN (test)	0.9127980132450332	0.8398766753724823	0.6635099337748345	0.6156754042690583	0.5294188522592992
5	1	Normalized kNN (test)	0.9114900662251655	0.828802422558772	0.6595529801324503	0.6132529919533484	0.526790740416394
5	3706	Average Rating	1.0	0.011491252713346898	0.014983443708609271	0.008789737416711072	0.008962916473065909
5	10	Average Rating	0.9999834437086093	0.7715775377194423	0.6103642384105961	0.5544454404638944	0.47759741775860154
5	1	kNN (full)	0.8729470198675497	0.8194255847924204	0.6464238410596027	0.5881997794590736	0.5121307184290568
5	10	Random	0.9999834437086093	0.4425527597850169	0.38485099337748346	0.3572621460806791	0.30193413756732024
5	0	kNN (full)	0.8632119205298013	0.8211811830627685	0.6477649006622517	0.5896064502565703	0.5134724921951828
5	3706	iMF (test)	1.0	0.1430673755640866	0.1235430463576159	0.08750852323375077	0.08261174435978438
5	0	Popularity	0.8877980132450332	0.7925867390455793	0.6246192052980132	0.6016221260460388	0.5087732532145859
5	10	iMF (test)	0.9999834437086093	0.8488088446964948	0.6729139072847682	0.6210169783273947	0.5356407030997932
5	0	kNN (test)	0.8767549668874173	0.8328891309574482	0.6553311258278145	0.6066199732732244	0.5233817455157157
5	1000	kNN (full)	1.0	0.5269915212327911	0.418476821192053	0.3373830367508921	0.3046163881567071
5	1000	Popularity	1.0	0.3601431264846603	0.29286423841059606	0.20826456353788755	0.19829451871729112
5	3706	Normalized kNN (full)	0.9952649006622516	0.17159097733758477	0.14625827814569536	0.13228757784879333	0.11146754069498002
5	3706	Random	1.0	0.006736184891511821	0.006059602649006623	0.0030227977817299345	0.0032710849774950502
5	10	Normalized kNN (full)	0.6775	0.6443053065970842	0.5128145695364239	0.37130235166993775	0.3610051587486815
5	10	Popularity	0.9999834437086093	0.7811217125054125	0.6160099337748344	0.5880864241894614	0.4985533006131624
5	10	kNN (full)	0.8966721854304636	0.8162252309688409	0.6441556291390729	0.5855246408802781	0.5097359945783206
5	1000	kNN (test)	1.0	0.5267001347409596	0.419453642384106	0.33772424876744545	0.30509896875292764
5	10	kNN (test)	0.9363907284768213	0.8268697863866715	0.6509437086092715	0.6010011976655268	0.5185971240018674
1	1	iMF (full)	0.9134437086092715	0.8392271523886723	0.6584933774834437	0.6188812613996183	0.5275485909527347
5	0	iMF (full)	0.8878807947019868	0.8388068218814899	0.6604635761589404	0.618179848468991	0.5294207778536132
5	0	Normalized kNN (test)	0.8842218543046357	0.8544732986013973	0.6727317880794702	0.62587208842748	0.5391406052034197
5	2	Average Rating	0.9389403973509933	0.7951601983055462	0.6314403973509934	0.591608395269356	0.5033613800723103
5	1000	Normalized kNN (test)	1.0	0.156936514843951	0.1441721854304636	0.08725612684740762	0.08962811937886878
5	500	Average Rating	1.0	0.11392903669456671	0.10567880794701988	0.06972390426439791	0.0679602123007313
5	500	Random	1.0	0.042101097638948606	0.03937086092715232	0.021842888232498723	0.022598465334444245
1	3706	Normalized kNN (test)	1.0	0.043855395315661704	0.04793046357615894	0.02380938149831722	0.02722314623845999
5	500	Popularity	1.0	0.3900191688549908	0.32125827814569535	0.23036093123982923	0.21960964873813185
5	10	Normalized kNN (test)	0.9670695364238411	0.8004808236248735	0.6386754966887417	0.5895091364915556	0.5057967976629005
5	500	kNN (full)	1.0	0.5778237304683836	0.4615728476821192	0.38142442724862213	0.3415392626607905
5	2	Random	0.9390066225165563	0.622634640682246	0.5141556291390729	0.5305825569681131	0.4323447950312985
5	500	kNN (test)	1.0	0.5724381733333412	0.4584602649006622	0.37898401344286115	0.3391529733159317
5	2	iMF (test)	0.9390066225165563	0.8583299219322593	0.6787913907284767	0.6282427734780182	0.5414365555202377
5	3706	kNN (full)	1.0	0.32028346344042663	0.2551324503311258	0.19184314327060423	0.17682119986684336
5	3706	Popularity	1.0	0.17310352390243947	0.14748344370860927	0.08760476646512394	0.08925787636395921
5	500	iMF (test)	1.0	0.4142923535196046	0.3513741721854305	0.27729411527341397	0.253092826409881
5	3706	kNN (test)	1.0	0.3184361211420461	0.2531291390728477	0.18808240412146845	0.1744086659045811
5	2	kNN (full)	0.881274834437086	0.8178890838732368	0.6450827814569536	0.5866954712915886	0.5107477494150987
5	500	Normalized kNN (full)	0.8340397350993378	0.45765290460708985	0.3703476821192053	0.2978600911616903	0.272163472860759
5	2	Popularity	0.9389403973509933	0.784881836107348	0.6192880794701987	0.5941617947350306	0.5026998401758261
5	500	Normalized kNN (test)	1.0	0.22872770082120641	0.20019867549668874	0.13041341925127328	0.12939339710793554
3	50	iMF (full)	1.0	0.7777265320883244	0.618046357615894	0.5600329993630863	0.4832012219720636
5	2000	kNN (full)	1.0	0.42815328696777466	0.34291390728476817	0.2679611675702311	0.2441819916810601
5	2000	Popularity	1.0	0.2595386605904973	0.21359271523178808	0.14221504626502085	0.13862092622851147
5	2	kNN (test)	0.9092384105960265	0.8288876502803727	0.6521854304635761	0.602735719582168	0.5200110453894573
5	2	Normalized kNN (full)	0.6768377483443708	0.644557801896132	0.512864238410596	0.37135308656923127	0.36104338141090025
5	3706	Normalized kNN (test)	1.0	0.04590823558743678	0.04975165562913907	0.023583421246888628	0.027286497926836115
5	2000	kNN (test)	1.0	0.42504289936065487	0.3404304635761589	0.26352029167062047	0.2415284903710831
5	2	Normalized kNN (test)	0.934139072847682	0.8127390729754567	0.6483940397350993	0.6012111363331384	0.5157358657539645
5	2000	Normalized kNN (test)	1.0	0.10591641248000667	0.10195364238410597	0.054983193528496566	0.059747770721899435
2	200	iMF (full)	1.0	0.6804312678094586	0.5443046357615894	0.46766304528689173	0.4134682765546989
5	20	iMF (full)	1.0	0.7952111365598125	0.6337086092715232	0.5796490158240054	0.5013408954195528
5	2000	iMF (full)	1.0	0.46975045368532586	0.37925496688741717	0.2958551913657449	0.2708597401045619
5	10	iMF (full)	0.9999834437086093	0.8251157284091483	0.6514403973509933	0.5996135948083949	0.5180050891432406
5	20	Normalized kNN (test)	0.9980960264900662	0.7051611601315201	0.5880960264900662	0.5293099568233035	0.45630313603372485
5	3706	iMF (full)	1.0	0.36019703704736955	0.29172185430463576	0.2169104625913572	0.2018932332937257
5	2	iMF (full)	0.9390066225165563	0.8344565831302179	0.6574337748344371	0.6139109162286054	0.5259883380964339
1	50	Popularity	1.0	0.632179777054324	0.5362086092715231	0.48991585849213265	0.4197238831039001
1	50	Random	1.0	0.2177970385791983	0.19548013245033113	0.14398665783535586	0.13388830305816907
1	50	Average Rating	1.0	0.47987334165910894	0.43892384105960264	0.3693192862039911	0.32690693135854365
1	50	kNN (full)	0.9770860927152318	0.7611144514476812	0.6068543046357616	0.5536019433805974	0.47671949163352767
1	50	kNN (test)	0.998476821192053	0.7632777256746448	0.6104139072847682	0.5621674517931313	0.48184334773314047
1	50	Normalized kNN (full)	0.6978476821192053	0.6241841412635355	0.5008443708609271	0.3646709701944318	0.3535623903397095
1	50	Normalized kNN (test)	1.0	0.6729477328576947	0.5613741721854304	0.4968741357607015	0.43180461393595315
5	500	iMF (full)	1.0	0.6196223891474695	0.4982615894039735	0.4149256647085129	0.3713320417725766
1	50	iMF (test)	1.0	0.7653027326460222	0.6254470198675497	0.5694535878096155	0.4906052131662439
5	1000	iMF (full)	1.0	0.5563022083803341	0.44670529801324504	0.36095341469078096	0.32649645322539683
1	50	iMF (full)	1.0	0.7884199998178177	0.625	0.5684068987711816	0.491924886856319
