fold	target size	recommender system	Coverage@10	nDCG@10	P@10	Recall@10	FScore@10
3	100	Average Rating	1.0	0.1344166815245467	0.12612612612612611	0.1108726819356519	0.09543632716341842
3	100	kNN (full/test)	1.0	0.6024063899077383	0.46351351351351355	0.4755407662738262	0.4002261452049933
3	100	iMF (test)	1.0	0.4096602904333166	0.3418918918918919	0.34375391679082756	0.2888832189832217
3	100	Normalized kNN (full)	1.0	0.5294498467587623	0.422972972972973	0.4093910050915473	0.3569653692106567
3	100	Random	1.0	0.11901459529742575	0.10495495495495495	0.07950380216983505	0.07757879695392988
3	100	iMF (full)	1.0	0.6327467991029972	0.48423423423423423	0.4897706128443843	0.4176109241545226
3	100	Popularity	1.0	0.48038671999816906	0.36756756756756753	0.37030710965408276	0.31592316528990966
3	100	Normalized kNN (test)	1.0	0.286173554823387	0.2617117117117117	0.24834044859225135	0.214205350913769
5	100	Average Rating	1.0	0.15232110428234058	0.1391891891891892	0.10717626633208997	0.1022868432146635
5	100	kNN (full/test)	1.0	0.6186166488259097	0.47702702702702704	0.47517051130677473	0.40737641987991624
5	100	iMF (test)	1.0	0.4074935285555043	0.34684684684684686	0.3299652913446129	0.2920275965732746
5	100	Normalized kNN (full)	1.0	0.5436607490159912	0.42522522522522527	0.39637151609881616	0.3529496749435389
5	100	Random	1.0	0.12502092596356815	0.11081081081081082	0.09315558238765986	0.08376125657557658
5	100	iMF (full)	1.0	0.6297428606712255	0.4891891891891892	0.4846654835020348	0.41827764276183627
5	100	Popularity	1.0	0.47137099162181506	0.37792792792792795	0.36507529542928	0.31861162183641084
5	100	Normalized kNN (test)	1.0	0.30443706469005327	0.26891891891891895	0.26429232282777615	0.2222128477940556
4	100	Average Rating	1.0	0.15093098607950636	0.13603603603603603	0.12090541932539901	0.10267101612106672
4	100	kNN (full/test)	1.0	0.5940490775245997	0.4472972972972973	0.46665931656186793	0.3874682712669186
4	100	iMF (test)	1.0	0.39905133229313	0.3310810810810811	0.34759711872728466	0.2850974450847996
4	100	Normalized kNN (full)	1.0	0.5107346395396143	0.3990990990990991	0.3907541172312986	0.3356491379461463
4	100	Random	1.0	0.10035468160154518	0.09099099099099099	0.06935393632291752	0.06577768442039612
4	100	iMF (full)	1.0	0.6209830473820902	0.46801801801801807	0.4958959377333624	0.4088614130821843
4	100	Popularity	1.0	0.48279861636632554	0.3666666666666667	0.38743597039941224	0.3163302741529243
4	100	Normalized kNN (test)	1.0	0.2942681353288777	0.2599099099099099	0.25904723481671327	0.21350582819844013
2	100	Average Rating	1.0	0.14690651282362616	0.13603603603603603	0.11526261730549844	0.10078916816889423
3	5	Average Rating	0.9918918918918919	0.6615471018216814	0.527927927927928	0.600508397121962	0.4799022164964247
2	100	kNN (full/test)	1.0	0.6028124059722474	0.45900900900900904	0.46041475804307685	0.38687686996474635
3	5	kNN (full/test)	0.9918918918918919	0.7795935952671841	0.5923423423423423	0.657077643016306	0.5309037817372829
2	100	iMF (test)	1.0	0.4179440664713152	0.34774774774774775	0.3439176147687249	0.2899301477670479
2	100	Normalized kNN (full)	1.0	0.5234909819277445	0.4058558558558558	0.38396702365285706	0.3353076828931362
2	100	Random	1.0	0.10862597034292125	0.0972972972972973	0.08077592343376315	0.07022892821492782
3	5	iMF (test)	0.9918918918918919	0.7576531567870413	0.591891891891892	0.6586261314097376	0.5328925800116323
3	5	Normalized kNN (full)	0.9918918918918919	0.7339713760111424	0.5612612612612612	0.6104900134417148	0.4971213200657174
3	5	Random	0.9918918918918919	0.5403851365281596	0.4454954954954955	0.5372339184541854	0.41511139009312886
3	1	Average Rating	0.9117117117117117	0.7616133275098179	0.5905405405405405	0.6692446484356517	0.5381791339426489
3	1	kNN (full/test)	0.9117117117117117	0.8024395034017543	0.604054054054054	0.6737663325310824	0.5440227167854816
3	5	iMF (full)	0.9918918918918919	0.787267935169517	0.595945945945946	0.6596102430042812	0.5335590942871234
3	5	Popularity	0.9918918918918919	0.7287306310468414	0.5504504504504505	0.6359943895779228	0.5046823238022946
2	100	iMF (full)	1.0	0.6390868506723425	0.4873873873873874	0.4937513597547628	0.4133948901287146
2	100	Popularity	1.0	0.4809771374431511	0.37027027027027026	0.38279504393192976	0.31356346040430516
3	1	iMF (test)	0.9117117117117117	0.8018553208799791	0.6112612612612612	0.6822055346266118	0.5519961522649623
3	5	Normalized kNN (test)	0.9918918918918919	0.761745879649936	0.5846846846846847	0.6522358063122531	0.5263067166451277
3	1	Normalized kNN (full)	0.9117117117117117	0.7882343424210398	0.6004504504504505	0.6718163589168762	0.5411947182383656
3	1	Random	0.9117117117117117	0.6465607968483801	0.5076576576576577	0.6115787314972815	0.4767901367966135
2	100	Normalized kNN (test)	1.0	0.26186674162800305	0.24324324324324326	0.2377198782874772	0.1984790481206365
3	1	iMF (full)	0.9117117117117117	0.8126178381373569	0.6112612612612612	0.6784452717155961	0.5494520689817577
3	1	Popularity	0.9117117117117117	0.7630478184546634	0.5707207207207208	0.6623972483337227	0.5261980733323773
3	2000	Average Rating	1.0	0.008448097142247304	0.005855855855855856	0.006368317623810765	0.0031039674513524368
3	2000	kNN (full/test)	1.0	0.2644443031455984	0.20585585585585586	0.17604852441330943	0.16044637593982206
3	1	Normalized kNN (test)	0.9117117117117117	0.8099410647233385	0.613063063063063	0.6844165527573537	0.5538135763875004
3	2000	iMF (test)	1.0	0.04545211569404961	0.04279279279279279	0.03570376642995513	0.03197279680474155
3	2000	Normalized kNN (full)	1.0	0.12271031224238624	0.10945945945945947	0.10148078577866373	0.08987615669075132
3	2000	Random	1.0	0.012607316946974473	0.009009009009009009	0.007597765363000392	0.006257534661757428
5	5	Average Rating	0.9873873873873873	0.653076201823859	0.5355855855855857	0.586602810147663	0.4824104918740396
5	5	kNN (full/test)	0.9873873873873873	0.7838554428100418	0.6094594594594596	0.644524539418489	0.5413239333446479
3	2000	iMF (full)	1.0	0.28559784334945154	0.21846846846846846	0.18749685967378632	0.1706876256538391
3	2000	Popularity	1.0	0.15753702813134293	0.12387387387387387	0.10166392086977696	0.09284811062060801
3	2000	Normalized kNN (test)	1.0	0.013217895894260482	0.013963963963963964	0.009056828658054175	0.008824192452287641
5	5	iMF (test)	0.9873873873873873	0.7400159055862967	0.5914414414414415	0.6293215903871094	0.526794814216516
5	5	Normalized kNN (full)	0.9873873873873873	0.7330260845831662	0.5635135135135135	0.5923016988671999	0.4951910194383732
5	5	Random	0.9873873873873873	0.5428080129242542	0.4472972972972973	0.4987154873954556	0.4024006888893461
1	100	Average Rating	1.0	0.15654018547673143	0.13693693693693695	0.10645864516283937	0.10002854144519374
1	100	kNN (full/test)	1.0	0.6003475669637054	0.4671171171171171	0.4670441560291494	0.3957356986261749
5	5	iMF (full)	0.9873873873873873	0.7784408592505885	0.6058558558558559	0.6448037130035037	0.5405420936998974
5	5	Popularity	0.9873873873873873	0.7143687222698597	0.5648648648648649	0.6145547702557397	0.5082905918025917
1	100	iMF (test)	1.0	0.3896967214193217	0.33738738738738744	0.33860623280915253	0.2868334542568459
1	100	Normalized kNN (full)	1.0	0.5295345874436167	0.41216216216216217	0.40965491093117895	0.34657776050419153
1	100	Random	1.0	0.10510206259077035	0.09324324324324323	0.07261412447262218	0.06577595293690656
5	5	Normalized kNN (test)	0.9873873873873873	0.7508118540543985	0.5878378378378378	0.6296866098564995	0.5260484531586307
1	100	iMF (full)	1.0	0.6232777580419352	0.48108108108108105	0.48249005639702924	0.41035075673585536
1	100	Popularity	1.0	0.47711943209895585	0.37702702702702706	0.3746756211840299	0.31743551949622345
5	1	Average Rating	0.9193693693693693	0.7618162675890866	0.6036036036036037	0.6532538742563905	0.545086054861814
1	100	Normalized kNN (test)	1.0	0.2926069219621859	0.26306306306306304	0.2554442121988856	0.21413663614387615
5	1	kNN (full/test)	0.9193693693693693	0.8043189443964436	0.6247747747747747	0.6633887351335975	0.5572997429777465
5	1	iMF (test)	0.9193693693693693	0.7944671230116342	0.6189189189189189	0.6618452500862048	0.5539507839478248
5	1	Normalized kNN (full)	0.9193693693693693	0.7764947928422335	0.6022522522522522	0.6453629933014658	0.537789036951179
5	1	Random	0.9193693693693693	0.6575426719739593	0.5297297297297298	0.6030643557510301	0.4881293612729617
5	1	iMF (full)	0.9193693693693693	0.8026102103138565	0.6216216216216216	0.6635329991029016	0.5557010640501272
5	1	Popularity	0.9193693693693693	0.7490587318699605	0.5905405405405405	0.6427307528040619	0.5337867347501676
5	2000	Average Rating	1.0	0.025345724259629908	0.020720720720720724	0.009662174555957671	0.011413755026595782
5	1	Normalized kNN (test)	0.9193693693693693	0.8012854924779198	0.6193693693693694	0.6638985310777037	0.5560926848139066
5	2000	kNN (full/test)	1.0	0.25501232044530037	0.20270270270270271	0.1853628551836957	0.1640209865844993
4	5	Average Rating	0.9833333333333334	0.6395325326346792	0.517117117117117	0.594223743972251	0.46735372218725185
5	2000	iMF (test)	1.0	0.050816768103578484	0.04504504504504504	0.04390031668749199	0.0355519816951606
4	5	kNN (full/test)	0.9833333333333334	0.7678381001647587	0.568018018018018	0.6399829885695599	0.5135137830984856
5	2000	Normalized kNN (full)	1.0	0.14067432606271185	0.12207207207207207	0.11668857402431333	0.1019459087019857
5	2000	Random	1.0	0.009556617073170088	0.00855855855855856	0.008786034245036926	0.007119973038584926
4	5	iMF (test)	0.9833333333333334	0.7365398079594194	0.5603603603603604	0.6385875546021357	0.5081187409215762
4	5	Normalized kNN (full)	0.9833333333333334	0.7003248015310387	0.5274774774774774	0.5858615776577517	0.46927511750801926
4	5	Random	0.9833333333333334	0.5303253978803105	0.42522522522522527	0.5188703758577657	0.39208518223159805
5	2000	iMF (full)	1.0	0.2768032864702903	0.22477477477477475	0.19539156319075213	0.18044440947187998
5	2000	Popularity	1.0	0.15661531804920434	0.13423423423423425	0.10632668965742156	0.1003673546183906
3	200	Average Rating	1.0	0.07194212597162303	0.06981981981981981	0.04915922301777396	0.04579230876811307
3	200	kNN (full/test)	1.0	0.5259788049152716	0.4058558558558558	0.38877165516223144	0.33871890732105003
4	5	iMF (full)	0.9833333333333334	0.7667974558100249	0.5630630630630631	0.6414194077153009	0.5113094639181937
4	5	Popularity	0.9833333333333334	0.7121718619744697	0.5333333333333333	0.6193303062206356	0.4876299303641138
5	2000	Normalized kNN (test)	1.0	0.014077383760029311	0.015765765765765764	0.011867930240736452	0.009549782177970294
3	200	iMF (test)	1.0	0.2705809943186242	0.24144144144144145	0.22091925717346142	0.19679937203045142
3	200	Normalized kNN (full)	1.0	0.46116889795243987	0.37297297297297294	0.35896618418762966	0.31318793255216965
3	200	Random	1.0	0.06006174646187121	0.05675675675675675	0.04142529217343106	0.040407002273796185
4	5	Normalized kNN (test)	0.9833333333333334	0.74094951459841	0.5653153153153153	0.6441146837272812	0.5123306450996755
3	200	iMF (full)	1.0	0.5581881592292651	0.42837837837837833	0.4248652778325727	0.3635774893278163
3	200	Popularity	1.0	0.40147772429386097	0.31171171171171175	0.2983697083030172	0.2599904964052916
4	1	Average Rating	0.9103603603603604	0.7466617288222115	0.581081081081081	0.66161313442806	0.5269879110256983
3	200	Normalized kNN (test)	1.0	0.17427031597386478	0.16846846846846847	0.1505584510794213	0.13100094034054954
4	1	kNN (full/test)	0.9103603603603604	0.7915965686164302	0.5869369369369369	0.6693051880155984	0.5339179299245053
3	20	Average Rating	1.0	0.40618632231664104	0.35180180180180176	0.3657319034747441	0.30153298201612994
3	20	kNN (full/test)	1.0	0.7274719528371263	0.5540540540540541	0.6018647381958946	0.49051507890049284
4	1	iMF (test)	0.9103603603603604	0.7912035685346578	0.5972972972972973	0.6751027935690906	0.5407139881549272
4	1	Normalized kNN (full)	0.9103603603603604	0.7499624910637134	0.5626126126126126	0.6399822887778015	0.5081595637606929
4	1	Random	0.9103603603603604	0.638269947225211	0.4972972972972973	0.6037327869098716	0.4641299641116088
3	20	iMF (test)	1.0	0.6711793793884188	0.5333333333333333	0.5770166079122659	0.4710891609392319
3	20	Normalized kNN (full)	1.0	0.651155833807391	0.49864864864864866	0.5032267359891301	0.42491681501316775
3	20	Random	1.0	0.30464941457918293	0.27072072072072073	0.2741916283751621	0.2299913488909505
4	1	iMF (full)	0.9103603603603604	0.7821092490584327	0.577927927927928	0.6612592466237104	0.5270846769108914
4	1	Popularity	0.9103603603603604	0.7335071285954784	0.5513513513513514	0.6450548976573013	0.5070553071852858
3	20	iMF (full)	1.0	0.7446273624732289	0.5644144144144144	0.6018652167727006	0.49782707497263445
3	20	Popularity	1.0	0.6500144107223118	0.4968468468468468	0.5496195156137552	0.4454915781412251
3	50	Average Rating	1.0	0.23149834051014864	0.2072072072072072	0.19160283037506973	0.16372908071988965
3	20	Normalized kNN (test)	1.0	0.6158508950995164	0.49819819819819816	0.5449966948275013	0.43924363300941854
4	1	Normalized kNN (test)	0.9103603603603604	0.7871031617371266	0.5972972972972973	0.6762229785278444	0.5412874162085632
2	5	Average Rating	0.9788288288288289	0.6628997373317788	0.5292792792792793	0.6092036957700159	0.47551877850612145
2	200	Average Rating	1.0	0.07459847510561238	0.06306306306306306	0.03868253521582962	0.037998453723781356
3	50	kNN (full/test)	1.0	0.6645660534261635	0.5121621621621621	0.5297183209696362	0.444557670061589
2	5	kNN (full/test)	0.9788288288288289	0.7757563918786531	0.5756756756756757	0.6402677389108097	0.5105861520578828
4	2000	Average Rating	1.0	0.01976206847085535	0.014414414414414415	0.008984848327969775	0.008324701553196406
4	2000	kNN (full/test)	1.0	0.26061503657913737	0.19999999999999998	0.18736640582840586	0.159323923464428
3	50	iMF (test)	1.0	0.5215309559188247	0.43018018018018017	0.43608089644050524	0.36815405545548263
2	5	iMF (test)	0.9788288288288289	0.7567138273482235	0.5747747747747748	0.6434446905105289	0.5126934882575631
2	200	kNN (full/test)	1.0	0.539428350857613	0.41621621621621624	0.4103376283241094	0.3463206405444401
3	50	Normalized kNN (full)	1.0	0.5998169655109441	0.4653153153153153	0.4446303699186144	0.39119700359969417
3	50	Random	1.0	0.1911931582183062	0.1725225225225225	0.14597927383668816	0.13604340627964837
2	5	Normalized kNN (full)	0.9788288288288289	0.7214186721124874	0.5400900900900901	0.5968188631542285	0.47476797998411735
2	5	Random	0.9788288288288289	0.5434545288082236	0.42837837837837833	0.52588292228519	0.3952189988545392
4	2000	iMF (test)	1.0	0.04472258662980644	0.04099099099099099	0.03774664884016482	0.030760418735719365
2	200	iMF (test)	1.0	0.28923167233407543	0.24909909909909908	0.24736773979493018	0.20831689966017597
4	2000	Normalized kNN (full)	1.0	0.1179044355983598	0.10270270270270271	0.1026279831317629	0.08555798431143632
4	2000	Random	1.0	0.011596409509310318	0.00945945945945946	0.010669040443428666	0.006481704414100656
2	200	Normalized kNN (full)	1.0	0.4568634167916874	0.3657657657657658	0.3489589549017602	0.30100713133368473
2	200	Random	1.0	0.05655064062206228	0.052702702702702706	0.034319327798084186	0.03536339206899252
5	200	Average Rating	1.0	0.09713945237978662	0.08558558558558559	0.05709102737454868	0.056882301951355387
3	50	iMF (full)	1.0	0.6888942041890016	0.5292792792792793	0.5544988918823504	0.4640027044238523
5	200	kNN (full/test)	1.0	0.5442268090554329	0.42342342342342343	0.41161288160216836	0.3572195141196735
3	50	Popularity	1.0	0.5678757898944021	0.44054054054054054	0.4634382863356572	0.3859001388979662
2	5	iMF (full)	0.9788288288288289	0.7801325575819001	0.5824324324324325	0.6483865668717412	0.5177544453932861
2	5	Popularity	0.9788288288288289	0.7151536204989136	0.5378378378378379	0.6204904549156288	0.485447247059588
3	50	Normalized kNN (test)	1.0	0.4436325665729372	0.3756756756756757	0.39505287409413753	0.32474492160772095
5	200	iMF (test)	1.0	0.29567477503749134	0.2594594594594595	0.23989208901117842	0.21417023901157967
4	2000	iMF (full)	1.0	0.2742503599014669	0.21306306306306308	0.19995417733177837	0.1732616328570762
4	2000	Popularity	1.0	0.1611259034100631	0.13333333333333333	0.11677335638723375	0.10521264031127667
2	200	iMF (full)	1.0	0.5777763743954407	0.4400900900900901	0.43130346669388403	0.3662786769612278
2	200	Popularity	1.0	0.4041313578376722	0.3099099099099099	0.2997947235973829	0.25503817335760465
5	200	Normalized kNN (full)	1.0	0.4677739133093338	0.37747747747747745	0.35884542279923426	0.314721099548378
5	200	Random	1.0	0.06834504038165469	0.06171171171171172	0.045694034602277354	0.045997517000808806
2	5	Normalized kNN (test)	0.9788288288288289	0.7338823765496207	0.5612612612612612	0.6373763391991533	0.5026461168122996
4	2000	Normalized kNN (test)	1.0	0.01773123998133838	0.01711711711711712	0.012300846893894737	0.010858728238140667
2	200	Normalized kNN (test)	1.0	0.16026041293152815	0.15675675675675677	0.13260371077286276	0.11821164315231047
5	200	iMF (full)	1.0	0.5691623811986979	0.44819819819819817	0.43277003675104575	0.3789738783811549
5	200	Popularity	1.0	0.4011886644958061	0.3184684684684685	0.2951099826487435	0.26133431352689923
5	20	Average Rating	1.0	0.4174049635325833	0.3608108108108108	0.3779763726022109	0.3118564442715465
5	20	kNN (full/test)	1.0	0.7355634092052117	0.5734234234234235	0.5877197374898481	0.5016890138100072
5	200	Normalized kNN (test)	1.0	0.19574747314252786	0.18423423423423424	0.16666915568488438	0.1435486899890404
5	20	iMF (test)	1.0	0.6384561471021881	0.5198198198198198	0.5423981146241451	0.4567468809833704
2	1	Average Rating	0.8932432432432433	0.772429274508856	0.5828828828828829	0.6640103660530619	0.5257732223114046
5	20	Normalized kNN (full)	1.0	0.6501138864711795	0.5009009009009009	0.4758636652519643	0.4219006843930112
5	20	Random	1.0	0.2987383041255744	0.2648648648648649	0.24600490746866494	0.21887308671926348
2	1	kNN (full/test)	0.8932432432432433	0.7984080466430303	0.5900900900900901	0.6588360593270758	0.5255951975643034
2	1	iMF (test)	0.8932432432432433	0.7952877349041116	0.591891891891892	0.6633141249777476	0.5288171704238478
2	1	Normalized kNN (full)	0.8932432432432433	0.7661877084214246	0.5662162162162162	0.6322705026373435	0.50277725558886
2	1	Random	0.8932432432432433	0.6511661778693896	0.4945945945945946	0.6023764998256627	0.46089144302881724
5	20	iMF (full)	1.0	0.7405103217158804	0.5693693693693694	0.5885091445076507	0.49980057231518177
5	20	Popularity	1.0	0.6375585134086753	0.5081081081081081	0.5278537043149099	0.4461526439420137
5	20	Normalized kNN (test)	1.0	0.6128287675545262	0.5027027027027027	0.5278911489308719	0.442306306323451
5	50	Average Rating	1.0	0.24294650265747314	0.2153153153153153	0.2007769970161815	0.1727915602061494
5	50	kNN (full/test)	1.0	0.6760687406553778	0.5265765765765766	0.5271171754800357	0.45282533841992273
1	5	Average Rating	0.9837837837837838	0.6548316730632369	0.5297297297297298	0.59632583219836	0.4777238413846446
1	5	kNN (full/test)	0.9837837837837838	0.778246611663139	0.5945945945945946	0.6519382518598619	0.5305708148309017
2	1	iMF (full)	0.8932432432432433	0.8028866167009375	0.595945945945946	0.6632988122462591	0.5304780105743216
2	1	Popularity	0.8932432432432433	0.7491034669294154	0.5567567567567567	0.6443506037884552	0.505203014758327
5	50	iMF (test)	1.0	0.5541143361226935	0.45135135135135135	0.45249751098700725	0.38944605329433835
1	200	Average Rating	1.0	0.103965265449781	0.08873873873873873	0.062393569625885596	0.06043880446467104
5	50	Normalized kNN (full)	1.0	0.6057526585527161	0.47117117117117113	0.4324236082135291	0.3898597565226245
5	50	Random	1.0	0.20376451970304038	0.1873873873873874	0.16017911693340842	0.14888049056524771
1	5	iMF (test)	0.9837837837837838	0.7724416753903264	0.5972972972972973	0.6570743861774752	0.5353926390469842
1	200	kNN (full/test)	1.0	0.5147329699719467	0.41036036036036033	0.39931821566121545	0.3403459464928584
1	5	Normalized kNN (full)	0.9837837837837838	0.7240695164467476	0.5531531531531532	0.5989047659099398	0.487588562316924
1	5	Random	0.9837837837837838	0.553068985701167	0.4445945945945946	0.5299351189583543	0.4109298221434703
2	1	Normalized kNN (test)	0.8932432432432433	0.7889808671860394	0.590990990990991	0.6685972471931036	0.5310694245452713
2	2000	Average Rating	1.0	0.022113779267716068	0.01936936936936937	0.009206822287507996	0.010297653786552974
2	2000	kNN (full/test)	1.0	0.2595729339941109	0.2018018018018018	0.17492017715969188	0.1575418068784982
1	200	iMF (test)	1.0	0.28599213131419954	0.24414414414414415	0.24675188379105023	0.20643535317141215
5	50	iMF (full)	1.0	0.692047946234825	0.5405405405405406	0.5492346569236654	0.4696177526679253
5	50	Popularity	1.0	0.5623879823423169	0.4463963963963964	0.45049501786370577	0.38517086748893975
1	200	Normalized kNN (full)	1.0	0.4456943447384459	0.35945945945945945	0.3645968967842045	0.30394847814965653
1	200	Random	1.0	0.0690072602894645	0.060810810810810814	0.055625783854260244	0.04617442795122797
2	2000	iMF (test)	1.0	0.051408114779507165	0.04324324324324324	0.045054850446825265	0.03690029996785315
4	200	Average Rating	1.0	0.09185615487695861	0.08558558558558559	0.06189888198449915	0.058510218044472775
1	5	iMF (full)	0.9837837837837838	0.7760707952901068	0.5941441441441442	0.6486389268295234	0.5294294401974324
1	5	Popularity	0.9837837837837838	0.7200822114044836	0.5495495495495496	0.6243515995320138	0.49995094525530004
2	2000	Normalized kNN (full)	1.0	0.13315568377087417	0.11846846846846847	0.11869841363392489	0.09752808628928113
4	200	kNN (full/test)	1.0	0.5213703865339671	0.39279279279279283	0.39739643871109903	0.3318346182108039
2	2000	Random	1.0	0.007910632808345214	0.007207207207207207	0.004227251210056466	0.0048220104006549015
5	50	Normalized kNN (test)	1.0	0.43376451559211504	0.3653153153153153	0.3753073738520206	0.3119643430674873
4	200	iMF (test)	1.0	0.2779801790021917	0.24864864864864866	0.24402665365568782	0.20747173992472073
1	5	Normalized kNN (test)	0.9837837837837838	0.7412793073765525	0.5756756756756757	0.6383839533828736	0.5165736344512604
4	200	Normalized kNN (full)	1.0	0.42696032286722946	0.3490990990990991	0.34139209140996457	0.2913889736531511
4	200	Random	1.0	0.07402447685247977	0.06126126126126127	0.0529097665956071	0.045027394932427446
1	200	iMF (full)	1.0	0.5503377725410649	0.42882882882882883	0.4203503125223559	0.36017090069970786
1	200	Popularity	1.0	0.3884538966828283	0.3099099099099099	0.298672580556599	0.2556239644827774
4	20	Average Rating	1.0	0.3963639182340896	0.3333333333333333	0.3461533135301321	0.2839527757748519
4	20	kNN (full/test)	1.0	0.710160408697818	0.5292792792792793	0.5822704782015696	0.4736930340596592
1	200	Normalized kNN (test)	1.0	0.1668025090151937	0.1581081081081081	0.13256339951792231	0.12127991372186787
2	2000	iMF (full)	1.0	0.3040873788094612	0.24414414414414415	0.21659066871498195	0.19143502841384483
2	2000	Popularity	1.0	0.16511651613705755	0.13513513513513514	0.11014655479085504	0.10300673160111663
4	200	iMF (full)	1.0	0.5550819733568542	0.422972972972973	0.4329145764191843	0.3612497864114644
4	200	Popularity	1.0	0.3998350440294155	0.30855855855855857	0.30506103482723335	0.25768232737859115
2	2000	Normalized kNN (test)	1.0	0.012054988145666924	0.013063063063063063	0.006952463180713942	0.006512222194623703
4	20	iMF (test)	1.0	0.654342504905174	0.518918918918919	0.5624038227276564	0.46065718021935015
4	200	Normalized kNN (test)	1.0	0.17747581885976202	0.16666666666666666	0.16032969424526827	0.1311408077123363
4	20	Normalized kNN (full)	1.0	0.6152667097652132	0.46396396396396394	0.4667120256266603	0.39605004392809084
4	20	Random	1.0	0.30426298907196725	0.2648648648648649	0.27524182657999724	0.22887754844028738
4	20	iMF (full)	1.0	0.7180956251914409	0.5414414414414415	0.5995487597126562	0.48660239950796536
4	20	Popularity	1.0	0.6281977282033155	0.47702702702702704	0.53354799046698	0.42853558364450406
4	20	Normalized kNN (test)	1.0	0.585895002448177	0.4752252252252252	0.5227426703570942	0.421658941127191
1	1	Average Rating	0.9063063063063063	0.7615165286521296	0.5873873873873874	0.6621981873471375	0.5341113065654179
1	1	kNN (full/test)	0.9063063063063063	0.8010964658720207	0.613063063063063	0.6723766017970508	0.5488390636365972
4	50	Average Rating	1.0	0.24380717737624613	0.21396396396396397	0.19528113064599203	0.16849111006468112
1	1	iMF (test)	0.9063063063063063	0.8083043987600017	0.6121621621621622	0.6747255855864897	0.5496501408520928
4	50	kNN (full/test)	1.0	0.6595669833760558	0.49324324324324326	0.5301798371007794	0.43391498192217454
1	1	Normalized kNN (full)	0.9063063063063063	0.7753532067747715	0.5882882882882883	0.6498832155368447	0.5271481601479395
1	1	Random	0.9063063063063063	0.6603879918850819	0.5072072072072071	0.610515551278307	0.475791585765088
4	50	iMF (test)	1.0	0.516243896474003	0.4238738738738739	0.45255930564939867	0.3720885362050658
4	50	Normalized kNN (full)	1.0	0.567104976182182	0.4315315315315315	0.4211603553646227	0.3624846254905608
4	50	Random	1.0	0.185514736049111	0.16531531531531532	0.14736715455956065	0.13099838325243807
1	1	iMF (full)	0.9063063063063063	0.7959268311310533	0.6054054054054054	0.6686359380288049	0.5440548575350623
1	1	Popularity	0.9063063063063063	0.7570008308136307	0.5756756756756757	0.6532316666513291	0.5258274807081599
1	1	Normalized kNN (test)	0.9063063063063063	0.7954616787623063	0.6081081081081081	0.6734217869329527	0.5478237003421237
2	20	Average Rating	1.0	0.40495761512158035	0.34684684684684686	0.37263607233863694	0.29777362335018526
1	2000	Average Rating	1.0	0.02884376299274931	0.019819819819819822	0.010851968391014176	0.011422894510891722
4	50	iMF (full)	1.0	0.6630189252282818	0.4954954954954955	0.5350730702362447	0.4378589117278382
4	50	Popularity	1.0	0.5537110190653507	0.4265765765765766	0.46326423086689816	0.37622563860589925
1	2000	kNN (full/test)	1.0	0.24552744586313785	0.19864864864864865	0.1671161004408928	0.15222575454026874
2	20	kNN (full/test)	1.0	0.718090566322118	0.5373873873873873	0.5767910721814483	0.4678761435721142
2	20	iMF (test)	1.0	0.6575320612098083	0.5103603603603604	0.554098423442186	0.4446271988828069
1	2000	iMF (test)	1.0	0.03875964512973845	0.03648648648648648	0.026978176436823882	0.027690259266834796
2	20	Normalized kNN (full)	1.0	0.641008934980068	0.48423423423423423	0.4847053922373566	0.40793278050478804
2	20	Random	1.0	0.29493337817307425	0.2572072072072072	0.26761111157976875	0.2167938674367358
1	2000	Normalized kNN (full)	1.0	0.13418366422489142	0.11621621621621622	0.11321613320309974	0.09519852764055374
1	2000	Random	1.0	0.0091431541994883	0.00855855855855856	0.005546330210652461	0.005024320804588482
4	50	Normalized kNN (test)	1.0	0.41830629293194754	0.35000000000000003	0.3617163110907214	0.29694142883297314
2	20	iMF (full)	1.0	0.7342691639632865	0.5563063063063063	0.59199827757945	0.4849479522432891
2	20	Popularity	1.0	0.6387537335157908	0.4864864864864865	0.5350197213425633	0.42882770307491097
1	2000	iMF (full)	1.0	0.28571818775457336	0.2301801801801802	0.19871691624441698	0.1799162225154577
1	2000	Popularity	1.0	0.13700741685659668	0.11441441441441443	0.0805160829242214	0.0812663570949816
2	20	Normalized kNN (test)	1.0	0.5778048502714326	0.4774774774774775	0.536121570426669	0.42350762795919733
1	2000	Normalized kNN (test)	1.0	0.015786522086465356	0.016666666666666666	0.009743861034511442	0.00981269528477341
3	2	Average Rating	0.9378378378378378	0.7384330817882683	0.5792792792792792	0.6563284177291865	0.5266995069067184
3	2	kNN (full/test)	0.9378378378378378	0.7961160237527232	0.6018018018018018	0.6700808288455787	0.5415034417662067
3	2	iMF (test)	0.9378378378378378	0.7982566425505999	0.609009009009009	0.6786825398344488	0.5488825264973721
3	2	Normalized kNN (full)	0.9378378378378378	0.7776759990620243	0.5896396396396396	0.6573346230989335	0.529366675456123
3	2	Random	0.9378378378378378	0.6305508406237841	0.4927927927927928	0.5820432712878267	0.45462883328264714
2	50	Average Rating	1.0	0.242981608693035	0.21936936936936938	0.20041365382071377	0.17316027510964832
2	50	kNN (full/test)	1.0	0.6476344770530408	0.4918918918918919	0.5061143609091497	0.4193425673249487
3	2	iMF (full)	0.9378378378378378	0.8017256240524001	0.6036036036036037	0.6731123179965146	0.5443019758527263
3	2	Popularity	0.9378378378378378	0.7523969396299095	0.563963963963964	0.655234903671378	0.5193511348694744
2	50	iMF (test)	1.0	0.5277373597732999	0.4355855855855856	0.4481159015760839	0.3732039085405645
3	2650	Average Rating	1.0	0.00714398409991773	0.005405405405405405	0.006315939664456062	0.003010123607508593
2	50	Normalized kNN (full)	1.0	0.5756953517664507	0.4418918918918919	0.4215024900161539	0.3659912766466558
2	50	Random	1.0	0.18271526465840285	0.16036036036036036	0.14493677599630378	0.12540663514076877
3	2650	kNN (full/test)	1.0	0.23515976820234769	0.18468468468468469	0.1564239580752367	0.14263281682431528
3	2	Normalized kNN (test)	0.9378378378378378	0.8016219401340575	0.6058558558558559	0.6771461783213223	0.5470424012936012
1	20	Average Rating	1.0	0.40683263036075085	0.3463963963963964	0.36061045627390603	0.29539371764909306
1	20	kNN (full/test)	1.0	0.7222129142547462	0.5531531531531532	0.5776403990428673	0.48320592877084184
3	2650	iMF (test)	1.0	0.02763926071721739	0.02612612612612613	0.02394755998590946	0.020339695768197694
3	2650	Normalized kNN (full)	1.0	0.09571260099657762	0.08603603603603605	0.07853492222716117	0.06984344454599421
3	2650	Random	1.0	0.005406202843090882	0.004054054054054054	0.0024554383070986945	0.00251778488928508
1	20	iMF (test)	1.0	0.6513427901548846	0.5072072072072071	0.5436703087653179	0.4482259450290755
2	50	iMF (full)	1.0	0.6762317695416877	0.5166666666666667	0.5415687630348364	0.4459061630187607
1	20	Normalized kNN (full)	1.0	0.65064374802157	0.49099099099099097	0.4925665806456934	0.4160645392737979
1	20	Random	1.0	0.31145236178636193	0.27702702702702703	0.2718235391027136	0.2341318034694626
2	50	Popularity	1.0	0.5480344091004331	0.4216216216216216	0.44116791890735846	0.3629166818619953
2	50	Normalized kNN (test)	1.0	0.41961410350026246	0.363063063063063	0.38364385650426974	0.31098002093223787
3	2650	iMF (full)	1.0	0.26351464155290666	0.20225225225225224	0.17616188214041306	0.1587215779067244
3	2650	Popularity	1.0	0.13362988416593471	0.10810810810810811	0.08628155920331083	0.07928605164926983
1	20	iMF (full)	1.0	0.7305147182432644	0.559009009009009	0.5926241259240161	0.4915085035684377
1	20	Popularity	1.0	0.6350827889718633	0.4900900900900901	0.5254713364933874	0.4326866962039086
3	2650	Normalized kNN (test)	1.0	0.00851869147249277	0.009009009009009009	0.0034227855240110397	0.004299324620968196
1	20	Normalized kNN (test)	1.0	0.5860409763737948	0.47567567567567565	0.5103922595470094	0.418429172908863
5	2	Average Rating	0.9432432432432433	0.7374380752932087	0.586036036036036	0.6377215762662877	0.5294538914050502
5	2	kNN (full/test)	0.9432432432432433	0.7982875242587835	0.6193693693693694	0.6571070332636603	0.5516015657599614
5	2	iMF (test)	0.9432432432432433	0.7737625654116796	0.6094594594594596	0.6512279234909825	0.5443128264067856
5	2	Normalized kNN (full)	0.9432432432432433	0.7633499510208818	0.5900900900900901	0.6278414044563476	0.5236479646105957
5	2	Random	0.9432432432432433	0.6102398893023967	0.5067567567567568	0.5765864208114336	0.4660503329625605
5	2	iMF (full)	0.9432432432432433	0.7972373791758925	0.6180180180180179	0.6590362391115612	0.5520910961035098
5	2	Popularity	0.9432432432432433	0.7356076665504693	0.5819819819819819	0.6321378906087023	0.5250342306717609
5	2650	Average Rating	1.0	0.02291862879326412	0.01891891891891892	0.009339485758598236	0.010876765268620333
5	2	Normalized kNN (test)	0.9432432432432433	0.7898854729824338	0.6162162162162163	0.6594822957390316	0.55254208140231
1	50	Average Rating	1.0	0.2397727239644262	0.21306306306306305	0.19910479138134546	0.17161345634872213
5	2650	kNN (full/test)	1.0	0.2212035591969404	0.17567567567567569	0.15554576270952714	0.1390926021272976
3	10	Average Rating	1.0	0.550870311140676	0.4567567567567568	0.5189502086042005	0.4118626484801942
1	50	kNN (full/test)	1.0	0.6592483687504662	0.5103603603603604	0.5213172897363422	0.4389730766134471
3	10	kNN (full/test)	1.0	0.7558385806644604	0.5734234234234235	0.6315171512793437	0.510973214936231
1	50	iMF (test)	1.0	0.5301825537469593	0.43828828828828825	0.4459628458157882	0.37642214019840936
5	2650	iMF (test)	1.0	0.033819485868949194	0.02972972972972973	0.032915210919801145	0.024683165720863102
1	50	Normalized kNN (full)	1.0	0.5917947807529992	0.45315315315315313	0.44285125616387844	0.3793692828157686
5	2650	Normalized kNN (full)	1.0	0.11324192237845476	0.10270270270270271	0.09599799006346338	0.08494250389374688
1	50	Random	1.0	0.20236854969613832	0.17387387387387387	0.15541758653361926	0.13668488422080796
5	2650	Random	1.0	0.005492278825260193	0.005405405405405407	0.005287743117960227	0.004305609478023271
3	10	iMF (test)	1.0	0.7183182169651781	0.5554054054054054	0.6142449792686207	0.49729890024608
3	10	Normalized kNN (full)	1.0	0.6971378846343266	0.5315315315315315	0.5522809609759055	0.46280210010644146
3	10	Random	1.0	0.4122769501786814	0.3486486486486487	0.38206588477938447	0.3117450095129504
5	2650	iMF (full)	1.0	0.2402133405493969	0.19369369369369369	0.16768778177785343	0.1545797505003624
5	2650	Popularity	1.0	0.1362765340176845	0.11891891891891891	0.09234803814655972	0.08760899188771984
3	10	iMF (full)	1.0	0.7718724756982974	0.581081081081081	0.6352796332178955	0.5169134261166248
1	50	iMF (full)	1.0	0.6799749210662788	0.5247747747747747	0.539903770667203	0.45286957426995655
3	10	Popularity	1.0	0.696034701439843	0.527927927927928	0.6051736805451395	0.4804672231299504
1	50	Popularity	1.0	0.5552888854099975	0.43513513513513513	0.4567959471028345	0.3777225146719231
5	2650	Normalized kNN (test)	1.0	0.011572055423419665	0.013513513513513514	0.010293786021905803	0.008008225463999787
3	10	Normalized kNN (test)	1.0	0.6971009742472966	0.5486486486486486	0.6133143117763009	0.4919642503805009
1	50	Normalized kNN (test)	1.0	0.40356126487014726	0.34684684684684686	0.3488242299753198	0.29251778135823936
4	2	Average Rating	0.9351351351351351	0.7261879236410745	0.568018018018018	0.6469508298235226	0.5144123472940768
4	2	kNN (full/test)	0.9351351351351351	0.7866276609443084	0.5815315315315315	0.6614683968454738	0.5283717008465952
4	2	iMF (test)	0.9351351351351351	0.7757797625937704	0.590990990990991	0.6685499714589053	0.5362680930537106
4	2	Normalized kNN (full)	0.9351351351351351	0.7453792785475409	0.5603603603603604	0.6343993494254823	0.5057341297811574
4	2	Random	0.9351351351351351	0.592469223104326	0.4671171171171171	0.5773186715320759	0.4381721071090881
4	2	iMF (full)	0.9351351351351351	0.7780814587917518	0.5765765765765766	0.6559904224928614	0.524951480987756
4	2	Popularity	0.9351351351351351	0.7309794384840108	0.5477477477477477	0.6384715954857638	0.5028436295151457
4	2	Normalized kNN (test)	0.9351351351351351	0.7783884625717596	0.5864864864864864	0.6637154065966755	0.5311990409635726
5	10	Average Rating	1.0	0.5506172130470849	0.4653153153153153	0.5012421807053082	0.4124898159597587
4	2650	Average Rating	1.0	0.01797226594654091	0.013963963963963964	0.008575347918469365	0.007895701124195978
5	10	kNN (full/test)	1.0	0.7665059320829246	0.5936936936936937	0.6207098241564053	0.524932149782537
4	2650	kNN (full/test)	1.0	0.2330896054452716	0.1783783783783784	0.16916846195599367	0.1413000112857157
5	10	iMF (test)	1.0	0.7196969441981619	0.5738738738738739	0.6035361341942443	0.5057900450875006
5	10	Normalized kNN (full)	1.0	0.6877151968424059	0.5324324324324324	0.535511801373503	0.458627461883919
5	10	Random	1.0	0.41413150837062135	0.3545045045045045	0.3746679950371439	0.3098371240284545
4	2650	iMF (test)	1.0	0.027838549535868996	0.024324324324324326	0.020521284827708264	0.018392106523665325
4	2650	Normalized kNN (full)	1.0	0.09527389094506913	0.08333333333333333	0.08496650039652447	0.0699084375258052
4	2650	Random	1.0	0.00897271945588746	0.007657657657657658	0.00821092426025401	0.0045689481778608265
5	10	iMF (full)	1.0	0.7655090986340546	0.5914414414414415	0.6179913071092515	0.5230687965291203
5	10	Popularity	1.0	0.6863134811496928	0.5400900900900901	0.5795206721344158	0.4819211835349361
4	2650	iMF (full)	1.0	0.24978221084434027	0.19504504504504502	0.17666693229289746	0.15760856153053612
4	2650	Popularity	1.0	0.1401593341531042	0.11711711711711711	0.10064371200153946	0.09092526213135847
5	10	Normalized kNN (test)	1.0	0.6865359404220513	0.554954954954955	0.5905677221664809	0.4937376957675865
4	2650	Normalized kNN (test)	1.0	0.013427847470937228	0.013063063063063063	0.008043535833735101	0.007537077240019081
2	2	Average Rating	0.918918918918919	0.7450801492739056	0.563963963963964	0.645805574807765	0.5084496363386505
2	2	kNN (full/test)	0.918918918918919	0.7969920986788828	0.5878378378378378	0.6557793856821669	0.5230822358209046
2	2	iMF (test)	0.918918918918919	0.7771213979655117	0.5783783783783784	0.6562084786678027	0.5193748237937025
2	2	Normalized kNN (full)	0.918918918918919	0.755962332435389	0.5617117117117117	0.6292897855118896	0.49856933669972897
2	2	Random	0.918918918918919	0.5931457976107134	0.4599099099099099	0.5642069793801298	0.42616840688752944
4	10	Average Rating	1.0	0.5394077233091097	0.4477477477477478	0.5000275543476075	0.39838828043476543
4	10	kNN (full/test)	1.0	0.7460472616985632	0.5554054054054054	0.6148914362592254	0.49893937794986487
2	2650	Average Rating	1.0	0.018135382062618183	0.016666666666666666	0.008523002583570118	0.009309475504633584
2	2	iMF (full)	0.918918918918919	0.793694704003088	0.5882882882882883	0.6584383170988513	0.525283534694096
2	2	Popularity	0.918918918918919	0.7406905789263692	0.5509009009009009	0.6377265453261615	0.49941699698553693
4	10	iMF (test)	1.0	0.725433671187064	0.5522522522522523	0.6075720636926311	0.49303063248967505
2	2650	kNN (full/test)	1.0	0.23686787970674544	0.18783783783783786	0.16494474815068758	0.14656489567205724
4	10	Normalized kNN (full)	1.0	0.6602729176502193	0.49414414414414415	0.5240502271477655	0.4302638104955271
4	10	Random	1.0	0.4263562610798965	0.345045045045045	0.3901915761620027	0.30763264854350203
2	2	Normalized kNN (test)	0.918918918918919	0.7765389980899849	0.5864864864864864	0.6605065777214684	0.5251042661448281
2	2650	iMF (test)	1.0	0.036853806607730785	0.03288288288288289	0.029757606024816786	0.025762848881021583
2	2650	Normalized kNN (full)	1.0	0.10752958870603528	0.09864864864864865	0.0947886285250005	0.08020363757237148
2	2650	Random	1.0	0.008159985695779593	0.008108108108108109	0.008803523749281207	0.007345204823274999
4	10	iMF (full)	1.0	0.7491289736404009	0.5540540540540541	0.624912964626727	0.5002402568490135
4	10	Popularity	1.0	0.6677688227049144	0.5112612612612613	0.5768775682172943	0.4631112888807658
4	10	Normalized kNN (test)	1.0	0.6756364777391909	0.5274774774774774	0.5889627649338167	0.4734012982455831
2	2650	iMF (full)	1.0	0.27460030824663567	0.21846846846846846	0.18218530521427354	0.16836890733446327
2	2650	Popularity	1.0	0.14255749319049257	0.12027027027027026	0.09667110625849165	0.09081304739931227
2	2650	Normalized kNN (test)	1.0	0.008473176625361706	0.009009009009009009	0.003757196404533315	0.0043342088679617285
1	2	Average Rating	0.9328828828828829	0.7267194982259377	0.5689189189189189	0.6425056786260355	0.516059832897727
1	2	kNN (full/test)	0.9328828828828829	0.7963261873541086	0.609009009009009	0.6669719776424267	0.5443604420624715
1	2	iMF (test)	0.9328828828828829	0.7845729447908746	0.6022522522522522	0.6643228430069911	0.5413895895671332
1	2	Normalized kNN (full)	0.9328828828828829	0.7674860954588298	0.5819819819819819	0.644335382879879	0.5212451532016675
1	2	Random	0.9328828828828829	0.6124728862960979	0.48783783783783785	0.582921922760627	0.4551093650784835
2	10	Average Rating	1.0	0.5614901024011114	0.46306306306306305	0.5281414104920678	0.410619307730721
2	10	kNN (full/test)	1.0	0.7530239242793445	0.5621621621621622	0.6156518198228123	0.494447396286444
1	2	iMF (full)	0.9328828828828829	0.7894189982532704	0.6036036036036037	0.665169642273703	0.5414236531564836
2	10	iMF (test)	1.0	0.7234797911728776	0.5432432432432432	0.6030125315195104	0.48028032752858235
1	2	Popularity	0.9328828828828829	0.7505966434459813	0.5711711711711711	0.6480149739346365	0.5211771260108647
1	2650	Average Rating	1.0	0.025227945110243098	0.018018018018018018	0.01035727704266429	0.010657785059051763
2	10	Normalized kNN (full)	1.0	0.6835826181284339	0.5157657657657657	0.5428490999671018	0.4434818502324423
2	10	Random	1.0	0.4338510145295259	0.3563063063063063	0.4071393548187421	0.31299194753911247
1	2650	kNN (full/test)	1.0	0.21967820169665364	0.17702702702702702	0.14391444036709317	0.13347916099193133
1	2	Normalized kNN (test)	0.9328828828828829	0.7812568095537782	0.6022522522522522	0.6681060689885163	0.5424841113145702
1	2650	iMF (test)	1.0	0.026546182882993933	0.02657657657657658	0.019544707535283905	0.018904336960088284
1	2650	Normalized kNN (full)	1.0	0.10792967958464225	0.09414414414414415	0.09229526341049062	0.07613267332777897
1	2650	Random	1.0	0.007430426691379839	0.00855855855855856	0.0035428556261889593	0.00460576024113672
2	10	iMF (full)	1.0	0.753455310990036	0.5603603603603604	0.6121489986724427	0.4936568575382317
2	10	Popularity	1.0	0.6849844498327441	0.5162162162162162	0.5868429397633987	0.4615465672687257
2	10	Normalized kNN (test)	1.0	0.6775500925002035	0.527927927927928	0.5933613791547291	0.469381279127654
1	2650	iMF (full)	1.0	0.24915573448851425	0.20135135135135138	0.16412365113603147	0.1543507034977343
1	2650	Popularity	1.0	0.12218683056795435	0.10270270270270271	0.07119929479551375	0.07219751800985173
1	2650	Normalized kNN (test)	1.0	0.012199738460024158	0.013963963963963964	0.007220802261452668	0.007707133654040154
3	0	Average Rating	0.8824324324324324	0.7929521756958295	0.6045045045045044	0.6821507515452927	0.5507227493062273
3	0	kNN (full/test)	0.8824324324324324	0.807197827186725	0.6076576576576577	0.6781877325407177	0.5477883872178188
3	0	iMF (test)	0.8824324324324324	0.8173212923902249	0.6171171171171171	0.6874261017912675	0.5574839328404827
3	0	Normalized kNN (full)	0.8824324324324324	0.8045941231333189	0.6045045045045044	0.6762700920470799	0.54540569269427
3	0	Random	0.8824324324324324	0.6962061301373195	0.536036036036036	0.6344524441884171	0.4986315101688108
1	10	Average Rating	1.0	0.5386596591303933	0.4486486486486486	0.49512569739460766	0.3993416313294251
1	10	kNN (full/test)	1.0	0.7531819702716035	0.577027027027027	0.6195507151029209	0.509651852471993
1	10	iMF (test)	1.0	0.7040635398724001	0.5513513513513514	0.601562072040865	0.49247840251692393
3	0	iMF (full)	0.8824324324324324	0.8076708743617799	0.6027027027027028	0.6757555861141963	0.5453506801584326
3	0	Popularity	0.8824324324324324	0.7682716761646089	0.5734234234234235	0.6653615093862191	0.5287804175813882
1	10	Normalized kNN (full)	1.0	0.6920912526541837	0.5274774774774774	0.5492428463435903	0.4575002672992334
1	10	Random	1.0	0.4290942571791071	0.35315315315315315	0.395265646624408	0.3126538984315956
3	0	Normalized kNN (test)	0.8824324324324324	0.8272213589381708	0.6198198198198198	0.6907047377220094	0.5598292984198625
3	1000	Average Rating	1.0	0.019576563534634613	0.014414414414414415	0.011291921230095365	0.007995549404287455
3	1000	kNN (full/test)	1.0	0.33652773939078984	0.2626126126126126	0.23824905295389948	0.20947167353078094
1	10	iMF (full)	1.0	0.7563198765866953	0.577927927927928	0.6277621089489871	0.5132857779206333
1	10	Popularity	1.0	0.6885595878207501	0.5256756756756756	0.5789942848324688	0.4703167017413633
3	1000	iMF (test)	1.0	0.08583107994326936	0.07837837837837838	0.06604024049814343	0.059943589970399
3	1000	Normalized kNN (full)	1.0	0.21525240891373873	0.1873873873873874	0.18420328194498486	0.1568733250564088
3	1000	Random	1.0	0.013786226031614897	0.013063063063063063	0.0073493438926388	0.008581224357257182
1	10	Normalized kNN (test)	1.0	0.6828333646933898	0.5378378378378379	0.5905598416595008	0.4786547434712708
3	1000	iMF (full)	1.0	0.360695802446827	0.2747747747747748	0.25217434586336607	0.22464322286755561
3	1000	Popularity	1.0	0.21061405787385518	0.16756756756756758	0.14650259126400084	0.13051335605344463
3	1000	Normalized kNN (test)	1.0	0.027982926747143325	0.02747747747747748	0.02019456731384144	0.017649334335383668
5	0	Average Rating	0.8923423423423423	0.7948972429371952	0.6184684684684685	0.6681590886972086	0.5590620932745994
5	0	kNN (full/test)	0.8923423423423423	0.8105169904457005	0.6292792792792792	0.6700238292686918	0.5624495840274395
5	0	iMF (test)	0.8923423423423423	0.8067608013859633	0.6301801801801802	0.673286557418473	0.5647508459245778
5	0	Normalized kNN (full)	0.8923423423423423	0.7915644139261645	0.613063063063063	0.6574078421110205	0.5489015897530574
5	0	Random	0.8923423423423423	0.685252819230731	0.5391891891891892	0.6175582263250449	0.5011141668146122
5	0	iMF (full)	0.8923423423423423	0.8023885951081767	0.6202702702702703	0.6646162396237102	0.5559884945346251
5	0	Popularity	0.8923423423423423	0.7569370672911631	0.5963963963963964	0.6490691216424308	0.5395875525893573
5	0	Normalized kNN (test)	0.8923423423423423	0.8161192212336253	0.6301801801801802	0.674009293026701	0.5660185744550649
5	1000	Average Rating	1.0	0.035103293427196314	0.027927927927927927	0.012706707141484565	0.015110341070188861
5	1000	kNN (full/test)	1.0	0.33160360899531205	0.263963963963964	0.23898389810229953	0.21336380275009217
5	1000	iMF (test)	1.0	0.0980974102427473	0.09324324324324323	0.078721525782126	0.07220563145024296
5	1000	Normalized kNN (full)	1.0	0.23238499050927205	0.19324324324324324	0.1891025295792883	0.16248135886561388
5	1000	Random	1.0	0.020688894746834524	0.016666666666666666	0.016193051417298928	0.012930205353535097
5	1000	iMF (full)	1.0	0.3567470102991914	0.28603603603603606	0.262293035888749	0.23466060770923844
5	1000	Popularity	1.0	0.2203673867170598	0.18198198198198198	0.15343560091840927	0.14089523866793213
5	1000	Normalized kNN (test)	1.0	0.03792654002722226	0.03738738738738739	0.025251699793312127	0.023676648160826475
4	0	Average Rating	0.8824324324324324	0.7848909506726899	0.5990990990990991	0.6768834109047592	0.5427503810183744
4	0	kNN (full/test)	0.8824324324324324	0.7975244423789944	0.590990990990991	0.6742036429140532	0.5382090555837491
4	0	iMF (test)	0.8824324324324324	0.7881809870570666	0.6	0.679179634351846	0.5453447712923924
4	0	Normalized kNN (full)	0.8824324324324324	0.763812797960534	0.5684684684684684	0.6505197032909342	0.5151503346905568
4	0	Random	0.8824324324324324	0.6646561963447059	0.5072072072072071	0.6200328996198151	0.4775751545116895
4	0	iMF (full)	0.8824324324324324	0.7861631514240065	0.5801801801801802	0.6662211998058785	0.5302069366545081
4	0	Popularity	0.8824324324324324	0.7446802897167825	0.5576576576576576	0.6522364298388335	0.5135397530621465
4	0	Normalized kNN (test)	0.8824324324324324	0.8084320298600757	0.6067567567567567	0.6851965900876629	0.5502363706703727
2	0	Average Rating	0.863063063063063	0.799398184697658	0.5941441441441442	0.6737613070019005	0.5354914100988903
4	1000	Average Rating	1.0	0.027971168157620036	0.022072072072072072	0.012246425610590814	0.012441543755756526
2	0	kNN (full/test)	0.863063063063063	0.8074634281005629	0.5936936936936937	0.6624072128982295	0.5291193921354087
1	0	Average Rating	0.8765765765765765	0.7985363693994745	0.6076576576576577	0.6793330230251164	0.5515386153928272
4	1000	kNN (full/test)	1.0	0.33678015484304846	0.24774774774774774	0.2416075952242785	0.2021418799667782
1	0	kNN (full/test)	0.8765765765765765	0.8075458764047162	0.6175675675675676	0.6784057328261818	0.5538439883649032
4	1000	iMF (test)	1.0	0.08909672820098213	0.07927927927927929	0.07564839376902785	0.06475594851506307
2	0	iMF (test)	0.863063063063063	0.810451277787122	0.6045045045045044	0.6735962987168521	0.5377295841274687
4	1000	Normalized kNN (full)	1.0	0.20658417292314954	0.17882882882882883	0.18421330290099108	0.14987412300419437
4	1000	Random	1.0	0.014760903564790847	0.015315315315315317	0.011477861727760115	0.010333801926000275
1	0	Random	0.8765765765765765	0.6958026031202489	0.5346846846846847	0.6320647226791676	0.4986401769951263
2	0	Normalized kNN (full)	0.863063063063063	0.7876142413687265	0.5797297297297297	0.6517167931362657	0.5179035540329557
2	0	Random	0.863063063063063	0.6894233997904357	0.5175675675675676	0.6190252281681271	0.4778325321168406
1	0	iMF (test)	0.8765765765765765	0.8066170525387831	0.6198198198198198	0.6852965913331711	0.5589506204958241
1	0	Normalized kNN (full)	0.8765765765765765	0.7887742356642266	0.5981981981981982	0.6645653133071778	0.5386009207730876
1	0	Popularity	0.8765765765765765	0.7647619026765479	0.5815315315315315	0.6609124493321118	0.5322170068210674
1	0	Normalized kNN (test)	0.8765765765765765	0.8087795969870186	0.6166666666666667	0.6829156819762188	0.5560818954367592
4	1000	iMF (full)	1.0	0.36219074548236085	0.2716216216216216	0.26834455440474364	0.22711861009623424
4	1000	Popularity	1.0	0.2250837853840561	0.17612612612612613	0.1602056992076786	0.1403089793169717
1	0	iMF (full)	0.8765765765765765	0.8037038180364958	0.6144144144144145	0.6756064189896557	0.5510016535694227
2	0	iMF (full)	0.863063063063063	0.7989031232091914	0.5905405405405405	0.6608528214925035	0.5274069202027198
2	0	Popularity	0.863063063063063	0.7607359790594487	0.5626126126126126	0.6522209741588255	0.511735097079883
4	1000	Normalized kNN (test)	1.0	0.03469633232637472	0.03198198198198198	0.027202747326939315	0.021562064138459687
2	0	Normalized kNN (test)	0.863063063063063	0.8054398181964229	0.5995495495495495	0.6763429472343084	0.5386034923209908
3	500	Average Rating	1.0	0.030299510104958703	0.026126126126126126	0.016271987127560464	0.014341388783861842
3	500	kNN (full/test)	1.0	0.42720594452387883	0.32927927927927925	0.3082014577734126	0.2701946195062539
2	1000	Average Rating	1.0	0.029602521294975533	0.025675675675675677	0.011414995708367293	0.013374430179261678
3	500	iMF (test)	1.0	0.15484362281318179	0.14324324324324325	0.1264795314913899	0.11450026655456992
3	500	Normalized kNN (full)	1.0	0.33131887252273645	0.27522522522522525	0.2727172756604427	0.23318112920468984
3	500	Random	1.0	0.028839855905403708	0.025675675675675677	0.016195243903672163	0.016817602348866735
2	1000	kNN (full/test)	1.0	0.3406735113981015	0.2671171171171171	0.23997010283377931	0.2121268602441929
2	1000	iMF (test)	1.0	0.08961840435605013	0.07882882882882883	0.07149840547762597	0.061871513429895074
2	1000	Normalized kNN (full)	1.0	0.21762516726971065	0.18873873873873873	0.1841558433532086	0.15572193390885325
2	1000	Random	1.0	0.019476443559899193	0.016216216216216217	0.014087673741893842	0.011657908527107984
3	500	iMF (full)	1.0	0.4541000511490738	0.3585585585585586	0.32285306096049976	0.2907686325454335
3	500	Popularity	1.0	0.29799754439511916	0.23108108108108108	0.2141599899015579	0.187127034663613
3	500	Normalized kNN (test)	1.0	0.07031780609230373	0.07162162162162163	0.050182760364981996	0.048587181737145206
2	1000	iMF (full)	1.0	0.37999582459216885	0.30180180180180183	0.27041912636215354	0.24055538460028145
2	1000	Popularity	1.0	0.2284576442203699	0.18198198198198198	0.1512061824261767	0.14065848920500615
2	1000	Normalized kNN (test)	1.0	0.028011512921628245	0.02972972972972973	0.017546898330938147	0.01758903968589823
5	500	Average Rating	1.0	0.05405423266064752	0.045495495495495496	0.02087790882738074	0.025466895149239485
5	500	kNN (full/test)	1.0	0.42299057104382387	0.32927927927927925	0.31679474314453204	0.2738669643193771
1	1000	Average Rating	1.0	0.036496806771905164	0.026126126126126126	0.01378630024691466	0.014564305779912915
1	1000	kNN (full/test)	1.0	0.32124553620475	0.25675675675675674	0.22492446866497168	0.20186926019297557
5	500	iMF (test)	1.0	0.1643310867540681	0.1445945945945946	0.1398637784077483	0.119934098405906
5	500	Normalized kNN (full)	1.0	0.33640288480652597	0.2788288288288288	0.26998742683475774	0.23324886790693322
5	500	Random	1.0	0.031206045354721868	0.02882882882882883	0.01840568370965413	0.019533830039891852
1	1000	iMF (test)	1.0	0.08696065722814979	0.07702702702702703	0.06600576249502747	0.05948386850027235
1	1000	Normalized kNN (full)	1.0	0.2154807698512909	0.18198198198198198	0.17580726658727963	0.1506457268776108
1	1000	Random	1.0	0.0173102405005833	0.016216216216216217	0.009485421142986636	0.010370829764275212
5	500	iMF (full)	1.0	0.450531192244191	0.363063063063063	0.3422990763104569	0.3022403427390111
5	500	Popularity	1.0	0.2947203603308368	0.23783783783783782	0.20865516706062104	0.1901193281341766
1	1000	iMF (full)	1.0	0.35581458876998945	0.29459459459459464	0.2592024827119289	0.23260484321337027
1	1000	Popularity	1.0	0.19766967897967136	0.16441441441441443	0.13390669322209017	0.12365946637799219
5	500	Normalized kNN (test)	1.0	0.08350213518438941	0.08243243243243244	0.06463641840536649	0.05759955545064839
1	1000	Normalized kNN (test)	1.0	0.03785734462055207	0.03738738738738739	0.02448714275387678	0.024467311826423345
4	500	Average Rating	1.0	0.04557533569695172	0.039639639639639644	0.023561435157341038	0.0245897084005745
4	500	kNN (full/test)	1.0	0.40749897148572073	0.30405405405405406	0.298667486247987	0.25190410662516555
4	500	iMF (test)	1.0	0.15783856853134234	0.13783783783783785	0.1302453448351203	0.11158473566006614
4	500	Normalized kNN (full)	1.0	0.3070980389413924	0.25405405405405407	0.25796250471757776	0.21433168527187488
4	500	Random	1.0	0.026335098873362116	0.025225225225225228	0.014746741568460835	0.016533345395000676
4	500	iMF (full)	1.0	0.4422058131150057	0.33513513513513515	0.34679261899073943	0.28680090921775864
4	500	Popularity	1.0	0.29385551775287483	0.2333333333333333	0.2239946312097245	0.19141907878691247
4	500	Normalized kNN (test)	1.0	0.07470338573151143	0.07522522522522522	0.065061021369592	0.05648619563759597
2	500	Average Rating	1.0	0.047192985664246914	0.04009009009009009	0.02342802090822324	0.022878753413730243
2	500	kNN (full/test)	1.0	0.42600283236892106	0.32747747747747746	0.30592044372755156	0.2664346443953098
2	500	iMF (test)	1.0	0.14582097658081522	0.1265765765765766	0.11694776018826922	0.10188958039916718
2	500	Normalized kNN (full)	1.0	0.33218844968935357	0.2702702702702703	0.27321902383767716	0.22623774911163175
2	500	Random	1.0	0.02486169429484315	0.023873873873873873	0.017033993746902693	0.015953473675063674
2	500	iMF (full)	1.0	0.4666179722554641	0.3653153153153153	0.34916397978479713	0.3015996562775491
2	500	Popularity	1.0	0.30405835484293875	0.23963963963963966	0.21383005523447496	0.19140363658092824
2	500	Normalized kNN (test)	1.0	0.061468032374432865	0.06351351351351352	0.047718188375860886	0.04296695984530693
1	500	Average Rating	1.0	0.05560273071021555	0.0472972972972973	0.027414547650731355	0.02879171187639209
1	500	kNN (full/test)	1.0	0.41092453823179825	0.3261261261261261	0.30693663391554094	0.2652064347789267
1	500	iMF (test)	1.0	0.14177691445469362	0.13063063063063063	0.10816878183980676	0.10023784446235816
1	500	Normalized kNN (full)	1.0	0.3211002608979375	0.2671171171171171	0.26714246365528105	0.22403915849663872
1	500	Random	1.0	0.02283143592760222	0.021171171171171174	0.014242159359187438	0.015286420758585053
1	500	iMF (full)	1.0	0.45688655871734557	0.35990990990990995	0.3383608301847991	0.29439086538561227
1	500	Popularity	1.0	0.2711679535978664	0.21621621621621623	0.19383081583257147	0.17200355044455276
1	500	Normalized kNN (test)	1.0	0.07391256015855176	0.07342342342342342	0.05373926236176884	0.05176505940516776
