fold	target size	recommender system	Coverage@10	nDCG@10	P@10	Recall@10	FScore@10
3	100	Average Rating	1.0	0.1388888449880099	0.12972972972972974	0.10697630316639288	0.09455295612611486
3	100	kNN (full/test)	1.0	0.597360305639424	0.45855855855855854	0.46382621458008166	0.39219053414772237
3	100	iMF (test)	1.0	0.407223234049503	0.35135135135135137	0.3446745041974198	0.2950170352867197
3	100	Normalized kNN (full)	0.7954954954954955	0.5315464239667306	0.41486486486486485	0.39273203685880836	0.3472253727795284
3	100	Random	1.0	0.12698123606031314	0.10270270270270271	0.09302098764663254	0.07993712179272723
3	100	iMF (full)	1.0	0.6338127199689659	0.48063063063063066	0.4847588183809039	0.41227712527664917
3	100	Popularity	1.0	0.4786661107881013	0.3662162162162162	0.36670393097344667	0.31341674991046126
3	100	Normalized kNN (test)	1.0	0.2853926838387401	0.26441441441441443	0.2524655341417253	0.21567039995074427
5	100	Average Rating	1.0	0.15282585596191098	0.14054054054054055	0.11307010570619994	0.10494087587793527
5	100	kNN (full/test)	1.0	0.6183530652668913	0.48018018018018016	0.4771820532749555	0.41035062346812107
5	100	iMF (test)	1.0	0.4134305202776206	0.340990990990991	0.33614771830250856	0.28837673916457945
5	100	Normalized kNN (full)	0.8148648648648649	0.5423598946289117	0.4216216216216216	0.3916381392704381	0.3503081441069913
5	100	Random	1.0	0.10961012466805742	0.09549549549549549	0.08332738994709964	0.07428162825946552
5	100	iMF (full)	1.0	0.6352353980926222	0.4905405405405406	0.48485666404595595	0.4196030770023554
5	100	Popularity	1.0	0.49026075123015705	0.3864864864864865	0.3736330432183976	0.32661810322477997
5	100	Normalized kNN (test)	1.0	0.31956226469883864	0.281981981981982	0.2754863938928806	0.23246857854266076
4	100	Average Rating	1.0	0.15233098913017534	0.13648648648648648	0.1098004159843386	0.09984693277357601
4	100	kNN (full/test)	1.0	0.5968835474525149	0.4495495495495495	0.46763152804527475	0.38898198119815186
4	100	iMF (test)	1.0	0.39114057858215046	0.3310810810810811	0.3345982261678918	0.28147034271076526
4	100	Normalized kNN (full)	0.7999999999999999	0.5101344622039412	0.39774774774774774	0.37551176244673967	0.32923226916773257
4	100	Random	1.0	0.11689968250355046	0.10675675675675675	0.09719981715402225	0.08365999769314313
4	100	iMF (full)	1.0	0.6219443693462905	0.46126126126126127	0.4892702595144157	0.402357664100679
4	100	Popularity	1.0	0.4659433693318499	0.359009009009009	0.37943862026157194	0.3110395319715818
4	100	Normalized kNN (test)	1.0	0.2899565141308468	0.2518018018018018	0.24945578365481572	0.20676068048786508
3	5	Average Rating	0.9891891891891892	0.648705703968774	0.5274774774774774	0.5983598691264658	0.4782640580841769
3	5	kNN (full/test)	0.9355855855855856	0.7723401426347533	0.5878378378378378	0.6445677489207341	0.5242787322840152
3	1	Average Rating	0.908108108108108	0.7590137959835204	0.5855855855855856	0.6615227766931044	0.5325326271652396
3	5	iMF (test)	0.9923423423423424	0.7561040853454246	0.5882882882882883	0.656926377509444	0.5299557342897578
3	5	Normalized kNN (full)	0.658108108108108	0.6234033098413699	0.4693693693693694	0.4242538996864603	0.3845999540351824
3	5	Random	0.9923423423423424	0.534711506506807	0.42837837837837833	0.5210567762071932	0.40120802540956435
3	1	kNN (full/test)	0.8828828828828829	0.7939407140122433	0.5977477477477477	0.6584598749005662	0.5354374800139704
3	1	iMF (test)	0.9117117117117117	0.8121440470893435	0.6171171171171171	0.6868257802697492	0.5564381648096761
3	1	Normalized kNN (full)	0.6477477477477478	0.6291950595048302	0.4698198198198198	0.42471433864041375	0.38515650318519795
3	1	Random	0.9117117117117117	0.6522481561164053	0.509009009009009	0.6111678802409508	0.47583040203759647
3	5	iMF (full)	0.9923423423423424	0.7879104782439269	0.5954954954954954	0.6627933063444688	0.5367668899412766
3	5	Popularity	0.9891891891891892	0.733636931156063	0.5527027027027027	0.6359260556860595	0.5058556014037789
3	20	Average Rating	1.0	0.416097407594199	0.3563063063063063	0.37330909962662684	0.3072550615246581
3	5	Normalized kNN (test)	0.922972972972973	0.7441849759600184	0.5783783783783784	0.6370969428811938	0.518389063548847
3	20	kNN (full/test)	0.9968468468468469	0.7297346640009038	0.5563063063063063	0.6069921649896514	0.4925703035241664
3	10	Average Rating	1.0	0.5542870023306661	0.4644144144144144	0.5146514166254978	0.4155518443016024
3	10	kNN (full/test)	0.9716216216216216	0.757139875136607	0.5783783783783784	0.6351556277439071	0.5154291690102399
3	20	iMF (test)	1.0	0.6726785622549791	0.5238738738738739	0.5671821973433089	0.4619942794705348
3	1	iMF (full)	0.9117117117117117	0.8070033372310342	0.6081081081081081	0.6773125450956122	0.5479817044254833
3	20	Normalized kNN (full)	0.6846846846846847	0.6050508247780652	0.45855855855855854	0.4183363490087786	0.3775558661478061
3	1	Popularity	0.908108108108108	0.7608959284964005	0.5684684684684684	0.6581289690654435	0.523404417727105
3	20	Random	1.0	0.3342007541408641	0.2846846846846847	0.2815411788162108	0.24107991834607959
3	10	iMF (test)	1.0	0.732204873429501	0.5662162162162162	0.6294207433047257	0.507188391502423
3	10	Normalized kNN (full)	0.6684684684684685	0.6181730363190666	0.4644144144144144	0.4213984874302802	0.38124361170181853
3	10	Random	1.0	0.44483579342020785	0.37207207207207205	0.4148485813856775	0.3286803338522826
3	2000	Average Rating	1.0	0.008668025183426128	0.007207207207207207	0.0073189951705961995	0.003979192988740136
3	1	Normalized kNN (test)	0.8702702702702703	0.8011525351908516	0.6013513513513513	0.6564955402521627	0.538162326815932
2	100	Average Rating	1.0	0.14746487393009453	0.1346846846846847	0.11234192343502868	0.09964056244835463
3	2000	kNN (full/test)	1.0	0.26190382327668327	0.2036036036036036	0.1742430067829836	0.15896357746017956
2	100	kNN (full/test)	1.0	0.6022836905411392	0.45765765765765765	0.46254991927597056	0.38669584789239014
3	20	iMF (full)	1.0	0.7359422668074358	0.5576576576576576	0.6057212844711115	0.4935615663071173
3	20	Popularity	1.0	0.6557163344294313	0.49594594594594593	0.5612505800889085	0.44675631181747677
3	2000	iMF (test)	1.0	0.046446753909054304	0.04234234234234235	0.0317383147610873	0.030096081029957342
2	100	iMF (test)	1.0	0.40628835668075636	0.35135135135135137	0.3502860959335274	0.29789827568695243
3	10	iMF (full)	1.0	0.7607746515889161	0.5756756756756757	0.6327607337373665	0.5140430119225557
3	10	Popularity	1.0	0.687353152894485	0.5211711711711712	0.5949542010985862	0.4732697109102878
3	2000	Normalized kNN (full)	1.0	0.12165448085307946	0.10855855855855856	0.09922042846204973	0.08903415998887246
3	2000	Random	1.0	0.008052149863457158	0.008108108108108109	0.004794092019574653	0.0051388441704856794
2	100	Normalized kNN (full)	0.7828828828828829	0.51741387025554	0.40045045045045047	0.3735229101274677	0.329052588118179
2	100	Random	1.0	0.10239198459682752	0.0945945945945946	0.075555262466262	0.06965934426383241
3	20	Normalized kNN (test)	0.9959459459459459	0.6113223990876372	0.4927927927927928	0.547559758996427	0.4379243953587744
3	10	Normalized kNN (test)	0.9617117117117117	0.6931327645481302	0.5499999999999999	0.6070733351631957	0.4912711744441355
2	100	iMF (full)	1.0	0.6234252896610292	0.4747747747747748	0.4808062020539192	0.4040731750223475
2	100	Popularity	1.0	0.4854406847413214	0.37747747747747745	0.377968934364379	0.3174844813171773
3	2000	iMF (full)	1.0	0.2906803543062241	0.22252252252252253	0.20077560341007777	0.17890638402831788
3	2000	Popularity	1.0	0.1520709084353117	0.12207207207207207	0.10048619638889175	0.09173771612212761
2	100	Normalized kNN (test)	1.0	0.27038456912935316	0.24909909909909908	0.24287358183736368	0.20515806193027242
3	2000	Normalized kNN (test)	1.0	0.012211307941173153	0.013063063063063065	0.007319376920602437	0.007821204352525347
5	5	Average Rating	0.9842342342342343	0.6606389834460576	0.5373873873873873	0.5846739334758878	0.4816674486289112
5	5	kNN (full/test)	0.9414414414414415	0.7778316984244542	0.6076576576576577	0.635626550763441	0.5388889879791748
3	0	Average Rating	0.8797297297297297	0.79047044152156	0.6027027027027028	0.6776462470407882	0.5481796842631623
3	0	kNN (full/test)	0.8662162162162163	0.7973348575106026	0.6004504504504505	0.6608775652305504	0.5378513736043345
5	5	iMF (test)	0.9873873873873873	0.7329108752338404	0.5824324324324325	0.620047365700881	0.5167752750769011
5	5	Normalized kNN (full)	0.681981981981982	0.628240029706313	0.4774774774774775	0.42765271196594895	0.390279564530652
5	5	Random	0.9873873873873873	0.5312776905692003	0.431981981981982	0.4912645630398486	0.39275069962740816
3	0	iMF (test)	0.8824324324324324	0.8198298154456123	0.6211711711711712	0.6913314849836992	0.5607213739551349
3	0	Normalized kNN (full)	0.645945945945946	0.630869627984302	0.47072072072072074	0.4249226605525896	0.3854823350899772
5	1	Average Rating	0.9148648648648648	0.7603678129040957	0.6	0.6498353245439943	0.5419613573321549
3	0	Random	0.8824324324324324	0.6852121723201703	0.5261261261261261	0.6285789147817988	0.4924271982150536
5	5	iMF (full)	0.9873873873873873	0.7839075606805004	0.6067567567567567	0.6460976710463558	0.5410151159106428
5	5	Popularity	0.9842342342342343	0.7150031744722157	0.5644144144144144	0.6134762102241484	0.507947525675841
5	1	kNN (full/test)	0.890990990990991	0.7981921410001943	0.6202702702702703	0.649694425851053	0.5514292558353296
5	10	Average Rating	0.9995495495495496	0.5564494786383111	0.4666666666666666	0.5049313497967016	0.4148256357956316
5	20	Average Rating	1.0	0.4208797624146851	0.3707207207207207	0.38728461636583605	0.3212670499889963
5	1	iMF (test)	0.918918918918919	0.7934824870633498	0.6207207207207208	0.6607319097956299	0.5536836277134769
3	0	iMF (full)	0.8824324324324324	0.8100529412430291	0.6067567567567567	0.6787606261777983	0.5484629180145745
3	0	Popularity	0.8797297297297297	0.7657899419903393	0.5716216216216217	0.6608570048817146	0.5262373525383232
5	10	kNN (full/test)	0.977027027027027	0.765079928676429	0.5963963963963964	0.6200230263775601	0.5267775436610191
5	20	kNN (full/test)	0.9963963963963963	0.7358229648037842	0.572972972972973	0.5899456903655812	0.5021261507404765
5	1	Normalized kNN (full)	0.672072072072072	0.6368696914936357	0.48063063063063066	0.429033697192758	0.39216538117306093
5	1	Random	0.918918918918919	0.6460815279450315	0.518918918918919	0.5960289818937199	0.4821067145982817
5	5	Normalized kNN (test)	0.9261261261261261	0.7459714572092123	0.5882882882882883	0.6212283398750982	0.5234943126174064
3	0	Normalized kNN (test)	0.8558558558558559	0.8123635544833873	0.609009009009009	0.6637076776367139	0.544986738234165
5	10	iMF (test)	1.0	0.7204660219239586	0.5747747747747748	0.6007778413344744	0.5069126548347515
5	20	iMF (test)	1.0	0.6518903246569884	0.5202702702702703	0.5395491249094873	0.4582599320013064
5	20	Normalized kNN (full)	0.7013513513513513	0.6167347941317513	0.46846846846846846	0.42214606517947034	0.3837744177997019
5	10	Normalized kNN (full)	0.6887387387387388	0.6243635273160626	0.47657657657657654	0.42748431180101076	0.3899908603724686
5	20	Random	1.0	0.32619930352576204	0.2806306306306306	0.268534492494316	0.23329369455442725
5	10	Random	1.0	0.4368057831854804	0.37297297297297294	0.3895320586476879	0.32648116963815255
1	100	Average Rating	1.0	0.15096828252074668	0.13063063063063063	0.11142611375226961	0.09594173126740463
5	1	iMF (full)	0.918918918918919	0.7983088556699548	0.6175675675675676	0.6596778322966302	0.5517945549980094
5	1	Popularity	0.9148648648648648	0.7470951656538972	0.5882882882882883	0.6397025462928834	0.5312743916317099
1	100	kNN (full/test)	1.0	0.5952210334150366	0.46351351351351355	0.4608298289611638	0.39148224723775865
5	20	iMF (full)	1.0	0.7391457911336887	0.5734234234234235	0.5943602266464505	0.5049757245014289
5	20	Popularity	1.0	0.6382659063390738	0.5058558558558558	0.5237740332124673	0.4438057377329829
5	10	iMF (full)	1.0	0.7698851927565836	0.5986486486486486	0.6311766224375286	0.5320318591605
5	10	Popularity	0.9995495495495496	0.6848303533407019	0.5436936936936937	0.5802571338878574	0.48440558669137174
5	1	Normalized kNN (test)	0.8797297297297297	0.7903661875673831	0.6112612612612612	0.6441826384628297	0.5452208735781222
1	100	iMF (test)	1.0	0.4044621830064393	0.33963963963963967	0.3440505694168874	0.2876606182654452
1	100	Normalized kNN (full)	0.7878378378378379	0.5390267450105085	0.41216216216216217	0.3980679638777402	0.34156915951163663
1	100	Random	1.0	0.1247279195581774	0.109009009009009	0.09237508234784143	0.08419070146977185
5	20	Normalized kNN (test)	0.9936936936936936	0.619338267160611	0.5076576576576577	0.5411133366110398	0.45049573851361
5	10	Normalized kNN (test)	0.9666666666666667	0.7058507098859307	0.5612612612612612	0.5948640237503475	0.4989343282909353
5	2000	Average Rating	1.0	0.025733858864525738	0.020720720720720724	0.010375277648048664	0.0120558435065221
5	2000	kNN (full/test)	1.0	0.24928363365158884	0.19594594594594594	0.17760058766617068	0.15757652127495553
1	100	iMF (full)	1.0	0.6219538757368656	0.4774774774774775	0.479495924206804	0.40707308822896193
1	100	Popularity	1.0	0.4789849200925115	0.37297297297297294	0.3736584829163625	0.3149262283423491
5	2000	iMF (test)	1.0	0.05271459531385901	0.04504504504504504	0.040367521795447996	0.03541374578445342
5	2000	Normalized kNN (full)	1.0	0.13867887559273795	0.12252252252252252	0.11736679243120422	0.10198039751733373
5	2000	Random	1.0	0.0077806557622110166	0.00855855855855856	0.00683155318667451	0.006376485624986375
1	100	Normalized kNN (test)	1.0	0.2780359013459227	0.2536036036036036	0.2442828368933685	0.20603739768993767
4	5	Average Rating	0.9797297297297297	0.6507541230847227	0.5256756756756756	0.6006827914772228	0.4727795645440887
4	5	kNN (full/test)	0.9279279279279279	0.763554767342474	0.5702702702702702	0.6293406335773598	0.5130384607122437
5	2000	iMF (full)	1.0	0.27575340182169006	0.21936936936936938	0.1925178752128704	0.17555456800071853
5	2000	Popularity	1.0	0.15585131372626415	0.13153153153153152	0.1037063986001023	0.0981560069919662
5	0	Average Rating	0.8887387387387388	0.7939957263563201	0.6175675675675676	0.6663572868954067	0.5578608920733983
5	0	kNN (full/test)	0.8792792792792792	0.8023555869761331	0.6238738738738738	0.6536467378916002	0.555010331735246
4	5	iMF (test)	0.9828828828828828	0.7430712519834283	0.5743243243243243	0.6441738104852157	0.5179716600744894
5	2000	Normalized kNN (test)	1.0	0.01569265260437084	0.01711711711711712	0.011342992541330704	0.009539423369437043
4	5	Normalized kNN (full)	0.6648648648648648	0.5948896423643765	0.44099099099099104	0.4056251543846576	0.36152963394288745
4	5	Random	0.9828828828828828	0.529560256423979	0.422972972972973	0.5146612339167576	0.39067564628042106
5	0	iMF (test)	0.8923423423423423	0.8028447828106134	0.6265765765765765	0.6691428296257573	0.5608886074356022
5	0	Normalized kNN (full)	0.6702702702702703	0.6379745290473562	0.48153153153153155	0.42967183533089615	0.39288080247671753
5	0	Random	0.8923423423423423	0.6881007666962299	0.5400900900900901	0.6157363438183725	0.500988613439159
4	1	Average Rating	0.9067567567567568	0.7498038955505953	0.581081081081081	0.6579527142356668	0.5262745826813
4	20	Average Rating	1.0	0.41025859201457293	0.34729729729729725	0.35705691684982693	0.29294849497612707
4	1	kNN (full/test)	0.8783783783783784	0.7804925066137545	0.5797297297297297	0.642025220649424	0.5234371264929346
4	5	iMF (full)	0.9828828828828828	0.7631752255277127	0.5621621621621622	0.6377174791105065	0.5086168661363135
4	5	Popularity	0.9797297297297297	0.7053438970767437	0.5337837837837838	0.6160504996694152	0.4872033348605457
4	20	kNN (full/test)	0.9963963963963963	0.7216605786644995	0.5373873873873873	0.5843196476238152	0.47885377647079874
4	10	Average Rating	1.0	0.5391686686960467	0.44819819819819817	0.5000664200380566	0.39650475871488644
5	0	iMF (full)	0.8923423423423423	0.803188631862789	0.6216216216216216	0.6653656430614808	0.5568215390439414
4	10	kNN (full/test)	0.9689189189189189	0.7448176426803855	0.5554054054054054	0.6108744748768676	0.49795658608231025
5	0	Popularity	0.8887387387387388	0.7560355507102879	0.5954954954954954	0.6472673198406291	0.5383863513881562
4	1	iMF (test)	0.9108108108108107	0.7909812060073502	0.5981981981981982	0.6734348460378868	0.5418301218780421
4	20	iMF (test)	1.0	0.6559309278568067	0.5175675675675676	0.5611472232190545	0.45970617344723763
4	5	Normalized kNN (test)	0.918918918918919	0.7286490224500699	0.563963963963964	0.6246918714411965	0.5071489467701141
4	1	Normalized kNN (full)	0.6531531531531531	0.603793575292746	0.4436936936936937	0.4069348832068638	0.3632400394032929
4	1	Random	0.9108108108108107	0.6443251382074333	0.5	0.6069875921888407	0.4664872558143217
4	20	Normalized kNN (full)	0.6833333333333332	0.5818529498017869	0.4346846846846847	0.4017330127916161	0.3571813253019101
4	20	Random	1.0	0.303761656778125	0.27072072072072073	0.2814464699045412	0.22793735099277018
4	10	iMF (test)	1.0	0.6958370520093715	0.5436936936936937	0.604956454837176	0.48930952600194794
5	0	Normalized kNN (test)	0.8662162162162163	0.8026960211968949	0.6189189189189189	0.6506203821377899	0.5518535787380433
4	10	Normalized kNN (full)	0.6725225225225225	0.5955010451883533	0.4400900900900901	0.40504565631763684	0.3609542802370692
4	10	Random	1.0	0.4090565244958987	0.3400900900900901	0.3939635154435577	0.30590653563143666
3	200	Average Rating	1.0	0.06945510591878586	0.06891891891891892	0.04555569111994921	0.04440973126434431
4	1	iMF (full)	0.9108108108108107	0.784161115230495	0.5806306306306307	0.6610569587729135	0.5284828889054705
4	1	Popularity	0.9067567567567568	0.732207558974642	0.5490990990990992	0.6390119181947815	0.5041689052388679
4	20	iMF (full)	1.0	0.7320054061069063	0.5432432432432432	0.5986417916684403	0.48809240972146123
4	20	Popularity	1.0	0.6389831688287791	0.481981981981982	0.5390272217103228	0.4340544745615577
3	200	kNN (full/test)	1.0	0.5329624702914525	0.41036036036036033	0.3977031393455146	0.3438020480235545
4	1	Normalized kNN (test)	0.8671171171171171	0.7811313107171578	0.5882882882882883	0.647665510099405	0.5297814734075879
4	10	iMF (full)	1.0	0.7467549154846118	0.554954954954955	0.6218868775960313	0.5008265248391454
4	10	Popularity	1.0	0.6690871374745753	0.5094594594594595	0.581088774617378	0.4629210394090152
4	20	Normalized kNN (test)	0.9918918918918919	0.589387726153943	0.48153153153153155	0.5234275396461914	0.42501719840891106
3	200	iMF (test)	1.0	0.31986910845054856	0.26756756756756755	0.24397046026655925	0.21727529714784227
3	200	Normalized kNN (full)	0.895945945945946	0.4634834325985039	0.37792792792792795	0.36021476048177625	0.3151365607930117
3	200	Random	1.0	0.06674586646664295	0.06171171171171172	0.050881647028588085	0.044929726262558374
4	10	Normalized kNN (test)	0.9612612612612613	0.6720900301408407	0.527027027027027	0.5850052930511459	0.47156526523340725
3	200	iMF (full)	1.0	0.571692567196947	0.436036036036036	0.42835851521441787	0.36830751327947014
3	200	Popularity	1.0	0.41341364084621307	0.3207207207207207	0.30805471492312825	0.26891917115238134
3	200	Normalized kNN (test)	1.0	0.17443602810467512	0.16981981981981983	0.1540040238465472	0.131577140160479
4	2000	Average Rating	1.0	0.020283882559125953	0.015765765765765764	0.009564973908095355	0.009131758610253464
4	2000	kNN (full/test)	1.0	0.25815362225191146	0.19684684684684686	0.18597279726011995	0.15722928749510784
2	5	Average Rating	0.9734234234234234	0.6515288571744029	0.5198198198198198	0.5978564090005501	0.46722200309978185
2	5	kNN (full/test)	0.909009009009009	0.7712276261137772	0.5716216216216217	0.6233663105091908	0.5031883094553532
2	5	iMF (test)	0.9788288288288289	0.7562312588790276	0.577027027027027	0.6470066758124372	0.5136545281535968
4	0	Average Rating	0.8788288288288288	0.782753998861477	0.5972972972972973	0.6729044319257802	0.5403628286308221
4	2000	iMF (test)	1.0	0.04639537133490805	0.04144144144144145	0.03874300927510567	0.0324742465917443
2	5	Normalized kNN (full)	0.6585585585585585	0.6125364197951763	0.4563063063063063	0.4085585288755777	0.3686672780237502
2	5	Random	0.9788288288288289	0.5358870866107577	0.42252252252252254	0.5119534329582563	0.38798771610386595
4	2000	Normalized kNN (full)	0.9995495495495496	0.12683470390980228	0.11126126126126126	0.11499856482123288	0.09438259444892252
4	0	kNN (full/test)	0.863963963963964	0.7839397060440308	0.5824324324324325	0.6449511761615865	0.5261189486407011
4	2000	Random	1.0	0.01005320696710096	0.009009009009009009	0.005041682702198029	0.005492737424404225
4	0	iMF (test)	0.8824324324324324	0.8006824190181951	0.6018018018018018	0.6811511319259901	0.5470056014956891
4	0	Normalized kNN (full)	0.6509009009009009	0.6052142041762211	0.4445945945945946	0.40718813495936584	0.3636319147951683
4	0	Random	0.8824324324324324	0.6734278601244142	0.5135135135135135	0.6188979419571388	0.479664195857837
2	1	Average Rating	0.8873873873873874	0.7572741124027839	0.5774774774774775	0.6546779732637321	0.5197073745737664
2	5	iMF (full)	0.9788288288288289	0.7738441947873484	0.5711711711711711	0.6358954848746873	0.5067633521042293
2	5	Popularity	0.9734234234234234	0.7105078631481124	0.5342342342342342	0.6142922947275886	0.4816611518023238
2	1	kNN (full/test)	0.854954954954955	0.787345963833417	0.5801801801801802	0.6345988850899016	0.5123995985967297
4	2000	iMF (full)	1.0	0.28190785881167935	0.21621621621621623	0.206212937788996	0.17428312269544036
4	2000	Popularity	1.0	0.1640525157338623	0.13333333333333333	0.11478693191639949	0.10474722471502404
2	5	Normalized kNN (test)	0.8986486486486487	0.7178733706368797	0.5513513513513514	0.6072968163146204	0.48912431645130816
2	1	iMF (test)	0.8932432432432433	0.7958787770531571	0.590990990990991	0.6658172664973934	0.5292905333640254
4	0	iMF (full)	0.8824324324324324	0.7881513711949916	0.5846846846846847	0.6654023064326163	0.5319639236665072
4	0	Popularity	0.8788288288288288	0.7425433379055697	0.5558558558558558	0.6482574508598545	0.5111522006745941
2	20	Average Rating	1.0	0.41537113229832606	0.3608108108108108	0.37964408102934544	0.3084076960625431
2	10	Average Rating	1.0	0.5586583176141684	0.4653153153153153	0.5282100926168031	0.4117214483274174
2	20	kNN (full/test)	0.9918918918918919	0.726666974842831	0.5499999999999999	0.5946417222939743	0.4803088905136831
2	1	Normalized kNN (full)	0.6495495495495495	0.6151097247977749	0.45810810810810815	0.40923801546011956	0.3695492418543251
2	1	Random	0.8932432432432433	0.6439760134832366	0.4927927927927928	0.5971206099298423	0.45640627115864274
4	0	Normalized kNN (test)	0.8545045045045044	0.7928231416661679	0.5963963963963964	0.6534344708255436	0.5361308028883344
4	2000	Normalized kNN (test)	1.0	0.017201985154354203	0.016216216216216217	0.011999099440722995	0.010522534578417595
2	10	kNN (full/test)	0.9594594594594594	0.7494654371996841	0.5599099099099099	0.6134992811095243	0.4929938519189451
2	20	iMF (test)	1.0	0.6616865532458829	0.5175675675675676	0.5671811624099004	0.4549233463038071
5	200	Average Rating	1.0	0.09763617959600156	0.08738738738738738	0.05694395056257054	0.05779828345953398
2	20	Normalized kNN (full)	0.6761261261261261	0.5995711166170306	0.4477477477477478	0.4040934533890992	0.3629475997206986
2	20	Random	1.0	0.29223195483921866	0.2594594594594595	0.23766052237431812	0.21036173130295982
5	200	kNN (full/test)	1.0	0.5474591895572501	0.42117117117117114	0.41594361802249047	0.3573911501028043
2	10	iMF (test)	1.0	0.6861312681129021	0.527927927927928	0.5877313984016038	0.4675340712260153
2	1	iMF (full)	0.8932432432432433	0.803307467926365	0.5950450450450451	0.6633268608153917	0.5306776774634047
2	10	Normalized kNN (full)	0.6644144144144144	0.6029254800313179	0.45315315315315313	0.4063076256494857	0.366128994275742
2	1	Popularity	0.8873873873873874	0.7485903458103758	0.5545045045045045	0.6389684109062624	0.5026075023098733
2	10	Random	1.0	0.4194106858138164	0.3427927927927928	0.4069732396523698	0.30731732912282717
5	200	iMF (test)	1.0	0.29524483135315144	0.2545045045045045	0.2468953265213569	0.2134266054434735
5	200	Normalized kNN (full)	0.8927927927927928	0.4700011079031807	0.3707207207207207	0.3567416381597897	0.31156312047664175
5	200	Random	1.0	0.0626265052735794	0.05810810810810811	0.043077586724761155	0.04262781728256268
2	1	Normalized kNN (test)	0.8468468468468469	0.7659758847901934	0.577927927927928	0.6333835723087178	0.5137414154656719
2	20	iMF (full)	1.0	0.7386153103413342	0.5581081081081082	0.5957737424860887	0.487616794033283
2	20	Popularity	1.0	0.6358218126772798	0.48423423423423423	0.5401760659255074	0.4280857162399464
5	200	iMF (full)	1.0	0.5695786886128706	0.4418918918918919	0.42952295235605176	0.37631544120244714
5	200	Popularity	1.0	0.400940263773905	0.3193693693693694	0.2929663309968816	0.261509427665289
2	10	iMF (full)	1.0	0.7610653827734224	0.5711711711711711	0.6175141982964695	0.5009593809491822
2	10	Popularity	1.0	0.6776674433393576	0.5121621621621621	0.5809098883068919	0.45754440027370674
2	20	Normalized kNN (test)	0.9900900900900902	0.5855594626162953	0.4774774774774775	0.5328047230626974	0.42177528453970803
5	200	Normalized kNN (test)	1.0	0.18967752378453306	0.18063063063063065	0.16392075603607487	0.14165846773716237
2	10	Normalized kNN (test)	0.9441441441441442	0.6637637595849649	0.5216216216216216	0.5820247906398186	0.4634106180769139
1	5	Average Rating	0.9792792792792793	0.6491310334367416	0.5211711711711712	0.5851657037014953	0.4700577346608524
2	0	Average Rating	0.8581081081081081	0.795894108830153	0.591891891891892	0.667487175727769	0.5323111532421628
1	5	kNN (full/test)	0.9234234234234234	0.7729790091399718	0.590990990990991	0.6376079402807338	0.5243059606815157
2	0	kNN (full/test)	0.8427927927927927	0.7932372018277243	0.5837837837837837	0.6378290633200798	0.5156105847024527
1	5	iMF (test)	0.9837837837837838	0.7584253495450105	0.5855855855855856	0.6422738512705762	0.5225723437808563
2	0	iMF (test)	0.863063063063063	0.8145565749728179	0.6036036036036037	0.676743958563102	0.5399313405509506
1	5	Normalized kNN (full)	0.6513513513513514	0.6266956758423505	0.4657657657657658	0.43204183618903785	0.38051552712036735
1	5	Random	0.9837837837837838	0.5241668299704715	0.4265765765765766	0.5095773692076527	0.3933100790900295
2	0	Normalized kNN (full)	0.6486486486486487	0.6174806283630484	0.4594594594594595	0.40996016618227027	0.370471592776676
2	0	Random	0.863063063063063	0.6795170908233888	0.5058558558558558	0.6157970236752224	0.4716896507958277
1	5	iMF (full)	0.9837837837837838	0.776417254213876	0.590990990990991	0.6468257518009202	0.5272874323563888
1	5	Popularity	0.9792792792792793	0.7208448540933802	0.5468468468468469	0.6158483984824573	0.49533325472278444
1	5	Normalized kNN (test)	0.9058558558558558	0.7318669051632603	0.5689189189189189	0.6118767933907484	0.505580145290325
1	1	Average Rating	0.8986486486486487	0.7605860273016107	0.5869369369369369	0.656348095065117	0.5321335709628006
1	1	kNN (full/test)	0.8689189189189189	0.7889997215193985	0.6031531531531532	0.6489746283950775	0.5355734668415886
2	0	iMF (full)	0.863063063063063	0.807318860421385	0.5986486486486486	0.6662173844877866	0.5335697827615443
2	0	Popularity	0.8581081081081081	0.7571472623092809	0.5603603603603604	0.6459468428846943	0.5085548402231554
2	2000	Average Rating	1.0	0.0203864224174839	0.018018018018018018	0.009049927023538034	0.010018976214134293
2	2000	kNN (full/test)	1.0	0.2611135448525208	0.2045045045045045	0.17592604521931224	0.15823827980452357
1	1	iMF (test)	0.9058558558558558	0.8017979174091847	0.613963963963964	0.6767131339268818	0.5512446085458955
4	200	Average Rating	1.0	0.09558428640780782	0.08603603603603605	0.0639764032790074	0.05890102481849896
1	20	Average Rating	1.0	0.39811831423980115	0.34324324324324323	0.35374803256476217	0.29162912783729933
2	0	Normalized kNN (test)	0.8342342342342342	0.7817818862529358	0.5855855855855856	0.6392201101114713	0.5198372004122841
4	200	kNN (full/test)	1.0	0.5288719127648507	0.3954954954954955	0.40400217727621784	0.33689569978415584
1	20	kNN (full/test)	0.9932432432432432	0.7186993921433574	0.5522522522522523	0.5809253191325328	0.4812228355086357
1	10	Average Rating	1.0	0.5657032039399864	0.47072072072072074	0.5171181150385816	0.417522778293302
2	2000	iMF (test)	1.0	0.053587043299012496	0.04864864864864865	0.04628033625314826	0.038957656839123694
1	1	Normalized kNN (full)	0.645045045045045	0.6332725232845844	0.46846846846846846	0.4334075228808115	0.38227792756310836
1	1	Random	0.9058558558558558	0.6500760535750788	0.5076576576576577	0.609620743732202	0.47596911013439747
2	2000	Normalized kNN (full)	1.0	0.13644583376650474	0.11981981981981983	0.12279579086503432	0.0995887363945775
2	2000	Random	1.0	0.01231405087385559	0.01126126126126126	0.007204587874688516	0.0070233246220088325
1	10	kNN (full/test)	0.9671171171171171	0.7500862687167024	0.5756756756756757	0.6137596642327449	0.5068498215639848
4	200	iMF (test)	1.0	0.28866330988110955	0.24864864864864866	0.25686810463897136	0.21083615631107075
4	200	Normalized kNN (full)	0.8806306306306306	0.43477054315859487	0.3463963963963964	0.3375255233808066	0.28989841359705754
4	200	Random	1.0	0.059213046112602606	0.05675675675675675	0.03920215861222126	0.039987727701981536
1	20	iMF (test)	1.0	0.6243342825303191	0.5	0.5336282927533473	0.43930266234516674
1	10	iMF (test)	1.0	0.719190406995974	0.5684684684684684	0.6118545931576214	0.5035534778290055
1	20	Normalized kNN (full)	0.6774774774774776	0.6091959206097131	0.4563063063063063	0.42680679075662403	0.3740273206204828
1	20	Random	1.0	0.3231581568021615	0.26981981981981984	0.2878887145817684	0.23306962255836244
2	2000	iMF (full)	1.0	0.3121864457491341	0.2472972972972973	0.21117750295499968	0.19272712513882806
2	2000	Popularity	1.0	0.16678701630723858	0.13693693693693693	0.11219925457285936	0.10430118391541833
1	10	Normalized kNN (full)	0.6657657657657658	0.619776539140284	0.4648648648648649	0.4319530375901194	0.3802752250714959
1	10	Random	1.0	0.4269345254891716	0.36261261261261263	0.39050779237842226	0.3190011635823725
4	200	iMF (full)	1.0	0.5589568221488433	0.42027027027027025	0.43789993945917505	0.3615617174777789
4	200	Popularity	1.0	0.4083921122897989	0.30855855855855857	0.31797284997740827	0.2618933450753222
2	2000	Normalized kNN (test)	1.0	0.01131178226133574	0.011711711711711712	0.006919773466481446	0.006317924240337501
1	1	iMF (full)	0.9058558558558558	0.7955343097549182	0.6067567567567567	0.6700959776143343	0.5451618210219241
1	1	Popularity	0.8986486486486487	0.7535236522078692	0.5734234234234235	0.6477751549448174	0.5229999534224283
4	200	Normalized kNN (test)	1.0	0.18364992230127436	0.16846846846846847	0.16344496016908752	0.13330422304702133
1	10	iMF (full)	1.0	0.7662024694816042	0.5851351351351352	0.6337219061923461	0.5183519865237324
1	10	Popularity	1.0	0.6830072222096233	0.5256756756756756	0.5810693392054265	0.47111166826788736
1	1	Normalized kNN (test)	0.8617117117117118	0.7726748461397462	0.591891891891892	0.6361904777663523	0.5261987077805387
1	20	iMF (full)	1.0	0.7317700363546445	0.559009009009009	0.5921503661911462	0.48967458716150386
1	20	Popularity	1.0	0.6336699350784879	0.4905405405405406	0.533172684507301	0.4338314371462372
3	50	Average Rating	1.0	0.2439615389899112	0.21531531531531534	0.20499282752319353	0.17312598804047158
3	50	kNN (full/test)	1.0	0.6700778831601917	0.5162162162162162	0.5345444215575618	0.4480706756009923
1	10	Normalized kNN (test)	0.9545045045045045	0.6811224090203525	0.5405405405405406	0.5816847232722077	0.4783410877707215
1	20	Normalized kNN (test)	0.9914414414414414	0.5798977628132008	0.4774774774774775	0.5078239151374903	0.4168578705623137
3	50	iMF (test)	1.0	0.552247193757999	0.45	0.4772280294138448	0.3916708432782133
1	0	Average Rating	0.8702702702702703	0.7941312241309973	0.6045045045045044	0.6714072400993335	0.5471637573414986
3	50	Normalized kNN (full)	0.7378378378378379	0.574811936610239	0.4436936936936937	0.4098155239059346	0.36714821340287734
3	50	Random	1.0	0.19322988798728347	0.17117117117117117	0.15486653846469267	0.13687493540743365
1	0	kNN (full/test)	0.854054054054054	0.7932513835945716	0.6067567567567567	0.6537596581801072	0.5394862968013293
1	0	iMF (test)	0.8765765765765765	0.8112525271764018	0.6193693693693694	0.6823116940788266	0.5574118327781578
3	50	iMF (full)	1.0	0.6777155561450158	0.5193693693693694	0.541258099526895	0.4515611085453386
3	50	Popularity	1.0	0.5693536874400912	0.43738738738738736	0.47039608954551504	0.38692112960657127
1	0	Normalized kNN (full)	0.6427927927927928	0.6339743065232237	0.4689189189189189	0.43381702329031196	0.38270692799210876
1	0	Random	0.8765765765765765	0.6962992937457388	0.531981981981982	0.6303950914885637	0.49727882553067726
3	50	Normalized kNN (test)	1.0	0.4366633322369427	0.3842342342342342	0.3838109664130714	0.3246024473577843
1	0	iMF (full)	0.8765765765765765	0.8024429959414039	0.6076576576576577	0.6743632916625992	0.5474324440302445
1	0	Popularity	0.8702702702702703	0.7603294588973021	0.5783783783783784	0.6529866664063289	0.5278421487697388
2	200	Average Rating	1.0	0.08131913229749597	0.07252252252252253	0.04975666666552607	0.0468140811214739
1	0	Normalized kNN (test)	0.8468468468468469	0.7852900680721057	0.5990990990990991	0.6419836785442153	0.5323231981486503
2	200	kNN (full/test)	1.0	0.5247293541506566	0.4036036036036036	0.3921888321083444	0.3348960110143542
2	200	iMF (test)	1.0	0.3005170182103574	0.25495495495495496	0.24472428377565678	0.20908443310697142
3	2	Average Rating	0.9346846846846847	0.7357605490971776	0.5711711711711711	0.649553793906059	0.5205003962180575
2	200	Normalized kNN (full)	0.872072072072072	0.45199607568000866	0.3567567567567568	0.3391786991213978	0.294101966125167
2	200	Random	1.0	0.06760783904857348	0.06531531531531531	0.04762149898523482	0.04586872337540103
3	2	kNN (full/test)	0.895045045045045	0.7896116562689798	0.5972972972972973	0.6572091240621093	0.5344998077527687
1	2000	Average Rating	1.0	0.027696646740485407	0.02027027027027027	0.011112076984456102	0.011742861910579263
1	2000	kNN (full/test)	1.0	0.24849772634152723	0.19909909909909912	0.1649474791865938	0.15270041249517646
1	200	Average Rating	1.0	0.0965646929099101	0.08648648648648648	0.060301783159099134	0.05876434069004411
1	200	kNN (full/test)	1.0	0.5206694032954378	0.4063063063063063	0.3977670684570269	0.338282452984819
3	2	iMF (test)	0.9378378378378378	0.7978490574284764	0.6099099099099099	0.6761030229865138	0.5479133712710197
2	50	Average Rating	1.0	0.23103969187583087	0.2099099099099099	0.19146122669975235	0.1644293170663998
1	2000	iMF (test)	1.0	0.03873891555512333	0.03558558558558559	0.03135579194361359	0.026521039174087633
2	200	iMF (full)	1.0	0.5623271112628072	0.4346846846846847	0.41918496282302425	0.3610416492764263
2	200	Popularity	1.0	0.3969702812583886	0.3108108108108108	0.29955276688788507	0.25741141431343584
3	2	Normalized kNN (full)	0.6504504504504505	0.6293858099683433	0.4698198198198198	0.4245170825608047	0.38492958453722664
3	2	Random	0.9378378378378378	0.6258546838862369	0.4869369369369369	0.5917463773699201	0.45805008190592506
1	2000	Normalized kNN (full)	1.0	0.13695950193894213	0.11846846846846847	0.1166265651598474	0.09716075225196846
1	2000	Random	1.0	0.00452596655945641	0.0045045045045045045	0.004185346685346685	0.003521053901488684
2	50	kNN (full/test)	1.0	0.6517628345577974	0.4950450450450451	0.5085451481987576	0.42169438384739183
1	200	iMF (test)	1.0	0.29066481728766297	0.2563063063063063	0.24095683985609476	0.20949491446376514
1	200	Normalized kNN (full)	0.8756756756756757	0.4426706047448498	0.35405405405405405	0.35404144580848185	0.29651393318808406
1	200	Random	1.0	0.05530838284110237	0.0545045045045045	0.043855504494121296	0.041650580636519094
2	200	Normalized kNN (test)	1.0	0.1543619073394877	0.15495495495495495	0.1385963254879247	0.12112581694383168
2	50	iMF (test)	1.0	0.5224524920503205	0.42792792792792794	0.45431616728732127	0.36731256044683386
2	50	Normalized kNN (full)	0.7387387387387387	0.5585766431770266	0.4261261261261261	0.38985147794574965	0.34694480225244595
2	50	Random	1.0	0.192259824270408	0.1657657657657658	0.15594526670334832	0.13275034591218757
1	2000	iMF (full)	1.0	0.28543488631003777	0.227027027027027	0.1938489300722013	0.17647932509985445
3	2	iMF (full)	0.9378378378378378	0.8059296828733507	0.604954954954955	0.6739912466120462	0.5446575035356852
1	2000	Popularity	1.0	0.13865013128841744	0.1135135135135135	0.08132257018515879	0.08087084982686324
3	2	Popularity	0.9346846846846847	0.7522933203016103	0.5630630630630631	0.6506884616249361	0.5172428741295001
1	200	iMF (full)	1.0	0.5580512881723011	0.436036036036036	0.4262531673651196	0.36607615934168775
1	200	Popularity	1.0	0.3908922892817063	0.30900900900900896	0.3028976178725108	0.25657335448095453
5	50	Average Rating	1.0	0.26065833449939685	0.23648648648648649	0.22085267428530558	0.19097063147644355
3	2	Normalized kNN (test)	0.8819819819819821	0.7876740973089663	0.5972972972972973	0.6547414600817584	0.5353727728605008
1	2000	Normalized kNN (test)	1.0	0.01657617233259054	0.01756756756756757	0.010222009210028037	0.010424958749989223
1	200	Normalized kNN (test)	1.0	0.169905655404382	0.16306306306306306	0.14063895051878514	0.1260449095719273
5	50	kNN (full/test)	1.0	0.6793352509412556	0.527927927927928	0.5330540332119278	0.45717729809426877
2	50	iMF (full)	1.0	0.6859636375944056	0.5220720720720721	0.5490593735084525	0.4511776810444997
2	50	Popularity	1.0	0.5457072219501924	0.4216216216216216	0.4454604819077372	0.36220129919988003
5	50	iMF (test)	1.0	0.5346427949273316	0.44054054054054054	0.43966005882638204	0.3770850456723529
2	2	Average Rating	0.9130630630630631	0.7389791364861376	0.5684684684684684	0.644942230349677	0.5108503651995157
5	50	Normalized kNN (full)	0.7536036036036037	0.5884187473415188	0.4486486486486486	0.40906701185478067	0.3695057600612018
5	50	Random	1.0	0.1963729589302065	0.17432432432432435	0.1538676570517188	0.13657001039751834
2	50	Normalized kNN (test)	1.0	0.4060960651266198	0.35540540540540544	0.385923045981824	0.30588965461466056
2	2	kNN (full/test)	0.872072072072072	0.7834330449836091	0.577927927927928	0.6318854886265052	0.5099571374796489
2	2	iMF (test)	0.9180180180180181	0.788605883763167	0.5927927927927927	0.6643521310374128	0.529184609611844
2	2	Normalized kNN (full)	0.65	0.6154632817393578	0.45765765765765765	0.4086699773920815	0.36899422940672955
2	2	Random	0.9180180180180181	0.6081800071893161	0.4698198198198198	0.5694997073765351	0.4323294589238589
5	50	iMF (full)	1.0	0.6848608513416679	0.5310810810810811	0.5380024416743797	0.46112901478986107
5	50	Popularity	1.0	0.5642204156549014	0.44504504504504505	0.4375328182638424	0.3821348337298189
5	50	Normalized kNN (test)	1.0	0.438531819367066	0.3747747747747748	0.39165885160639763	0.3231826832654134
2	2	iMF (full)	0.9180180180180181	0.7953755285097038	0.5932432432432432	0.6607416812202279	0.5278381816415754
2	2	Popularity	0.9130630630630631	0.7417625957436532	0.5509009009009009	0.6357801985425181	0.49941065032028337
2	2	Normalized kNN (test)	0.8617117117117118	0.7588323014733599	0.5720720720720721	0.627572224098073	0.5080369367682488
3	2650	Average Rating	1.0	0.00714398409991773	0.005405405405405405	0.006315939664456062	0.003010123607508593
5	2	Average Rating	0.94009009009009	0.7436078528669393	0.590990990990991	0.6399493926295404	0.5328720546767433
3	2650	kNN (full/test)	1.0	0.23515976820234769	0.18468468468468469	0.1564239580752367	0.14263281682431528
5	2	kNN (full/test)	0.9076576576576577	0.7952145606788142	0.6180180180180179	0.6476513867724102	0.5492566881472108
5	2	iMF (test)	0.9441441441441442	0.7726301201628567	0.6076576576576577	0.6543133175052843	0.5455759742477733
3	2650	iMF (test)	1.0	0.0298145144934706	0.03198198198198198	0.023942615848188284	0.023511855916938003
5	2	Normalized kNN (full)	0.6738738738738739	0.6365559622314884	0.48063063063063066	0.42946754558387773	0.3925614786279819
3	2650	Normalized kNN (full)	1.0	0.09571260099657762	0.08603603603603605	0.07853492222716117	0.06984344454599421
5	2	Random	0.9441441441441442	0.619563431251309	0.4927927927927928	0.5705549845804893	0.4569573667343872
3	2650	Random	1.0	0.006758585918230336	0.0049549549549549555	0.003895646380484339	0.0033836971064982063
1	50	Average Rating	1.0	0.23476751381047875	0.20630630630630634	0.18942826047076441	0.164418485054175
1	50	kNN (full/test)	1.0	0.6625106821045398	0.5085585585585586	0.5173612497097162	0.43656340857313525
1	50	iMF (test)	1.0	0.5287070140487315	0.4310810810810811	0.4576312597997255	0.3771042368219632
5	2	iMF (full)	0.9441441441441442	0.7962239554820735	0.6153153153153152	0.6572137707381513	0.5501822771486462
5	2	Popularity	0.94009009009009	0.7408261193801065	0.5833333333333334	0.6332702938079993	0.5258736689962802
3	2650	iMF (full)	1.0	0.2571839972686782	0.19684684684684686	0.1708090204084103	0.1540135367485872
3	2650	Popularity	1.0	0.13362988416593471	0.10810810810810811	0.08628155920331083	0.07928605164926983
1	50	Normalized kNN (full)	0.7306306306306306	0.5726021245760129	0.43738738738738736	0.41617811162378054	0.36129081896284104
1	50	Random	1.0	0.1976131352506613	0.16846846846846847	0.15192639846635922	0.13428186975417314
3	2650	Normalized kNN (test)	1.0	0.00851869147249277	0.009009009009009009	0.0034227855240110397	0.004299324620968196
5	2	Normalized kNN (test)	0.8954954954954956	0.7804981251431433	0.6058558558558559	0.6382784399390367	0.5396254644598434
4	50	Average Rating	1.0	0.23414170698820042	0.20810810810810812	0.1904192164562023	0.16622005086024128
4	50	kNN (full/test)	1.0	0.6605136382822202	0.4927927927927928	0.530958016422227	0.43620444056124436
1	50	iMF (full)	1.0	0.6756113326550846	0.5148648648648648	0.5315934264213942	0.4450864482829468
1	50	Popularity	1.0	0.5447390320346888	0.42792792792792794	0.4413524949205239	0.3685773141380212
4	50	iMF (test)	1.0	0.5401729839875816	0.4337837837837838	0.4789347950649124	0.38659507312673475
1	2	Average Rating	0.9238738738738739	0.7316666891454116	0.5702702702702702	0.6407195319733187	0.516648791467349
4	50	Normalized kNN (full)	0.7283783783783784	0.5430451309337498	0.41531531531531535	0.3919037351152753	0.34499193543822154
4	50	Random	1.0	0.18267128160261567	0.1518018018018018	0.15099484741077676	0.12312213427293159
1	2	kNN (full/test)	0.8833333333333333	0.7840555887548615	0.5986486486486486	0.6450170181874673	0.5313802211429249
1	50	Normalized kNN (test)	1.0	0.40908171474782884	0.3536036036036036	0.3626564093713326	0.30249314413836154
1	2	iMF (test)	0.9315315315315316	0.7903703614845059	0.604054054054054	0.6652396821106652	0.542233524839244
1	2	Normalized kNN (full)	0.645945945945946	0.6308059847678587	0.4657657657657658	0.4322597967330854	0.38070576356896846
1	2	Random	0.9315315315315316	0.6207114287881653	0.49639639639639643	0.5965243113380584	0.46516966797473425
4	50	iMF (full)	1.0	0.6814182166393237	0.5117117117117117	0.5540600632123173	0.45282518970776076
4	50	Popularity	1.0	0.5622171985459321	0.427027027027027	0.4682796900318744	0.37780933030336006
4	50	Normalized kNN (test)	1.0	0.41424428657272555	0.3509009009009009	0.37251792092138575	0.3031624112520186
1	2	iMF (full)	0.9315315315315316	0.7913547448085156	0.6022522522522522	0.6637754081682752	0.540275522657281
1	2	Popularity	0.9238738738738739	0.7424543475871721	0.563963963963964	0.6377913155365359	0.5138266420961842
1	2	Normalized kNN (test)	0.8725225225225225	0.761960874652271	0.5846846846846847	0.6303775756782953	0.5200846874525146
5	2650	Average Rating	1.0	0.02291862879326412	0.01891891891891892	0.009339485758598236	0.010876765268620333
5	2650	kNN (full/test)	1.0	0.2212035591969404	0.17567567567567569	0.15554576270952714	0.1390926021272976
5	2650	iMF (test)	1.0	0.044149684522265906	0.03783783783783784	0.040766081680888924	0.03133835084045034
4	2	Average Rating	0.9288288288288288	0.7244706761383374	0.5702702702702702	0.6473739506494586	0.5160733682179223
5	2650	Normalized kNN (full)	1.0	0.11324192237845476	0.10270270270270271	0.09599799006346338	0.08494250389374688
5	2650	Random	1.0	0.009351763536823637	0.00855855855855856	0.0044720243513055764	0.004729146138281948
4	2	kNN (full/test)	0.8932432432432433	0.7765716640431283	0.5761261261261261	0.6385698572802677	0.5198687316201919
4	2	iMF (test)	0.9346846846846847	0.7771681377254996	0.5842342342342342	0.6624200440335906	0.5319156853183515
5	2650	iMF (full)	1.0	0.24483376473151305	0.19729729729729728	0.1663183178407883	0.15709677364225486
5	2650	Popularity	1.0	0.1362765340176845	0.11891891891891891	0.09234803814655972	0.08760899188771984
4	2	Normalized kNN (full)	0.6545045045045046	0.6013471111942426	0.44324324324324327	0.40657680934804025	0.36280925002513503
4	2	Random	0.9346846846846847	0.6063240127287934	0.4788288288288288	0.5829310742966174	0.4458702425842357
5	2650	Normalized kNN (test)	1.0	0.011572055423419665	0.013513513513513514	0.010293786021905803	0.008008225463999787
4	2	Popularity	0.9288288288288288	0.7256340409409721	0.5445945945945946	0.6321178170571771	0.49934406507759055
4	2	iMF (full)	0.9346846846846847	0.7804796537462779	0.5761261261261261	0.6582500205584237	0.525290122497849
4	2650	Average Rating	1.0	0.01797226594654091	0.013963963963963964	0.008575347918469365	0.007895701124195978
4	2650	kNN (full/test)	1.0	0.2330896054452716	0.1783783783783784	0.16916846195599367	0.1413000112857157
4	2650	iMF (test)	1.0	0.031285749422398534	0.02702702702702703	0.03013548265139609	0.02274336508167806
4	2650	Normalized kNN (full)	1.0	0.09527389094506913	0.08333333333333333	0.08496650039652447	0.0699084375258052
4	2650	Random	1.0	0.00806777107251483	0.007207207207207207	0.00330981382494144	0.004116818105370012
4	2650	iMF (full)	1.0	0.25119319463522594	0.19324324324324324	0.17740718524974608	0.156036583889058
4	2650	Popularity	1.0	0.1401593341531042	0.11711711711711711	0.10064371200153946	0.09092526213135847
4	2650	Normalized kNN (test)	1.0	0.013427847470937228	0.013063063063063063	0.008043535833735101	0.007537077240019081
2	2650	Average Rating	1.0	0.018135382062618183	0.016666666666666666	0.008523002583570118	0.009309475504633584
2	2650	kNN (full/test)	1.0	0.23686787970674544	0.18783783783783786	0.16494474815068758	0.14656489567205724
2	2650	iMF (test)	1.0	0.03836776396375647	0.03423423423423424	0.02881570592124357	0.026235745810233895
2	2650	Normalized kNN (full)	1.0	0.10752958870603528	0.09864864864864865	0.0947886285250005	0.08020363757237148
2	2650	Random	1.0	0.00612141536113349	0.005405405405405407	0.0020532201036952157	0.0027459894058407593
2	2650	iMF (full)	1.0	0.26962383794736644	0.2148648648648649	0.18241070347159602	0.16709065136635243
2	2650	Popularity	1.0	0.14255749319049257	0.12027027027027026	0.09667110625849165	0.09081304739931227
2	2650	Normalized kNN (test)	1.0	0.008473176625361706	0.009009009009009009	0.003757196404533315	0.0043342088679617285
1	2650	Average Rating	1.0	0.025227945110243098	0.018018018018018018	0.01035727704266429	0.010657785059051763
1	2650	kNN (full/test)	1.0	0.21967820169665364	0.17702702702702702	0.14391444036709317	0.13347916099193133
1	2650	iMF (test)	1.0	0.02991111779933672	0.031081081081081083	0.024353199581743368	0.02440236521589507
1	2650	Normalized kNN (full)	1.0	0.10792967958464225	0.09414414414414415	0.09229526341049062	0.07613267332777897
1	2650	Random	1.0	0.009779939537623631	0.0076576576576576575	0.00499773808597338	0.004789911114997335
1	2650	iMF (full)	1.0	0.2511404632452134	0.2036036036036036	0.16533437513653215	0.15502793700788647
1	2650	Popularity	1.0	0.12218683056795435	0.10270270270270271	0.07119929479551375	0.07219751800985173
1	2650	Normalized kNN (test)	1.0	0.012199738460024158	0.013963963963963964	0.007220802261452668	0.007707133654040154
3	1000	Average Rating	1.0	0.016955667910051597	0.014414414414414415	0.011882224029587688	0.008471347906401748
3	1000	kNN (full/test)	1.0	0.35231260091406713	0.2648648648648649	0.24304385790004085	0.21351992056870137
3	1000	iMF (test)	1.0	0.0828933728827828	0.07207207207207207	0.06849178883723692	0.05675648507082511
3	1000	Normalized kNN (full)	0.9977477477477478	0.21855822217285548	0.1900900900900901	0.18978089502244092	0.16066628748308195
3	1000	Random	1.0	0.01034451599014591	0.011711711711711712	0.008208666890233576	0.008259923417581074
3	1000	iMF (full)	1.0	0.3769119401440123	0.29189189189189185	0.26515936893366465	0.2371833639669874
3	1000	Popularity	1.0	0.21539061177808091	0.16756756756756758	0.1492213132071566	0.13172164101401504
3	1000	Normalized kNN (test)	1.0	0.029453962202778676	0.03018018018018018	0.02263251635847456	0.019725948982726497
5	1000	Average Rating	1.0	0.03819472918815682	0.030630630630630633	0.01360622669609639	0.016430882641127888
5	1000	kNN (full/test)	1.0	0.3274227920187004	0.2563063063063063	0.2323929878107983	0.2068199997160381
5	1000	iMF (test)	1.0	0.10350544496178536	0.09549549549549549	0.09577291170075908	0.08017312271340342
5	1000	Normalized kNN (full)	1.0	0.22094048881721595	0.19279279279279282	0.1792875566774772	0.15716631998861216
5	1000	Random	1.0	0.013288126281025516	0.013513513513513514	0.009789413410579059	0.009316789298424078
5	1000	iMF (full)	1.0	0.3685556766522308	0.29414414414414414	0.2717065111139002	0.2436800655990449
5	1000	Popularity	1.0	0.22627386443189704	0.1815315315315315	0.15450018354298073	0.14103938938392444
5	1000	Normalized kNN (test)	1.0	0.03670206317735223	0.03558558558558559	0.027296922495465163	0.024009995434283737
4	1000	Average Rating	1.0	0.029374732801682395	0.02252252252252252	0.013730156557159388	0.0132742699825056
4	1000	kNN (full/test)	1.0	0.3379693696682547	0.25270270270270273	0.24328655060454268	0.2053894756669036
4	1000	iMF (test)	1.0	0.07622890896975272	0.07297297297297296	0.0654385901487388	0.05584848943624814
4	1000	Normalized kNN (full)	0.9941441441441441	0.20231333330144	0.17027027027027028	0.1768091944248103	0.14292064179715586
4	1000	Random	1.0	0.014141943233314401	0.011711711711711712	0.00956708075888104	0.008399053231047691
4	1000	iMF (full)	1.0	0.3702960799011002	0.2801801801801802	0.2783909053894201	0.2325251629735573
4	1000	Popularity	1.0	0.22387562139736814	0.17477477477477477	0.15839036742163293	0.1392813985764417
4	1000	Normalized kNN (test)	1.0	0.039972499694990955	0.03738738738738739	0.031524899573347885	0.025324752935860968
4	2	Normalized kNN (test)	0.8797297297297297	0.7650780177766946	0.5842342342342342	0.6432571610029809	0.5257190317052918
2	1000	Average Rating	1.0	0.032509710802884485	0.02657657657657658	0.011737563687700948	0.013839139484715799
2	1000	kNN (full/test)	1.0	0.34390104435223384	0.26576576576576577	0.23716418716818727	0.21110701649166608
2	1000	iMF (test)	1.0	0.07942250827037375	0.07612612612612614	0.06380884406586812	0.05806850734837749
2	1000	Normalized kNN (full)	0.9959459459459459	0.22606552008083336	0.19504504504504505	0.18951097574190315	0.1602193654443359
2	1000	Random	1.0	0.016446976869205102	0.012612612612612614	0.011119660932468635	0.008517131212382062
2	1000	iMF (full)	1.0	0.3962871881724522	0.313963963963964	0.2822198218592875	0.2502246850430574
2	1000	Popularity	1.0	0.2232964873663256	0.1783783783783784	0.14769448772955338	0.13712198582466723
2	1000	Normalized kNN (test)	1.0	0.023876864864735826	0.024774774774774775	0.013675801912961184	0.014157645111173615
1	1000	Average Rating	1.0	0.03686814834649063	0.02702702702702703	0.012908881926586247	0.014439636609575469
1	1000	kNN (full/test)	1.0	0.32599120279272753	0.2599099099099099	0.22792973467538438	0.20359626797191815
1	1000	iMF (test)	1.0	0.07784012960142814	0.07162162162162163	0.06408688897137209	0.056810548547323265
1	1000	Normalized kNN (full)	0.9972972972972973	0.21275703649071415	0.1837837837837838	0.17916155905948386	0.15321683516985374
1	1000	Random	1.0	0.022615675068547048	0.02027027027027027	0.013544332687557127	0.013058129462193181
1	1000	iMF (full)	1.0	0.3555603580526875	0.28693693693693695	0.25648509354182925	0.22780718549536766
1	1000	Popularity	1.0	0.20173711490287013	0.16441441441441443	0.1325413172216655	0.1235103671385659
1	1000	Normalized kNN (test)	1.0	0.0366682220567616	0.03783783783783784	0.026852496378821197	0.024925138920425947
3	500	Average Rating	1.0	0.030548972456012857	0.027927927927927927	0.017021912686795655	0.015379737862925957
3	500	kNN (full/test)	1.0	0.4169711336786459	0.32522522522522523	0.30337509710976046	0.2649846352271871
3	500	iMF (test)	1.0	0.16221323982364433	0.14144144144144144	0.13206254404427034	0.11309185031687631
3	500	Normalized kNN (full)	0.9756756756756757	0.3214002190055634	0.2725225225225225	0.2688589512044995	0.231116212555257
3	500	Random	1.0	0.0371891115826638	0.02882882882882883	0.033534136831274076	0.024064850579394132
3	500	iMF (full)	1.0	0.4504338681993472	0.3490990990990991	0.3222366297904453	0.28625487528017896
3	500	Popularity	1.0	0.2860497660197031	0.22792792792792793	0.20924995533667778	0.18458915530554784
3	500	Normalized kNN (test)	1.0	0.06594699591071207	0.06756756756756757	0.05572208233220086	0.04936571208674022
5	500	Average Rating	1.0	0.05432153780856493	0.045495495495495496	0.02378893777665743	0.0268854813721921
5	500	kNN (full/test)	1.0	0.4173287372158979	0.3279279279279279	0.3156673275807747	0.2736635502810829
5	500	iMF (test)	1.0	0.1649739349288238	0.15315315315315314	0.13540313525198747	0.12449848124555048
5	500	Normalized kNN (full)	0.9842342342342343	0.3269613044484325	0.2693693693693694	0.266331873508828	0.22777612521693513
5	500	Random	1.0	0.025277124649015752	0.024774774774774775	0.01995704111862461	0.017496298265895906
5	500	iMF (full)	1.0	0.4488955631159115	0.3608108108108108	0.3402876624903511	0.3010606611465745
5	500	Popularity	1.0	0.29072475153901417	0.23828828828828827	0.20906480449571316	0.18947406496507363
5	500	Normalized kNN (test)	1.0	0.08343302301201011	0.0828828828828829	0.0790096865418956	0.06282049472415267
4	500	Average Rating	1.0	0.04971392710526365	0.04324324324324324	0.025039329773946753	0.02607475753675181
4	500	kNN (full/test)	1.0	0.4141360786593763	0.3045045045045045	0.29236701318990227	0.2500575324651718
4	500	iMF (test)	1.0	0.1529107007484588	0.13063063063063063	0.12496816851621542	0.10637106442689528
4	500	Normalized kNN (full)	0.9725225225225226	0.30872962371156365	0.2581081081081081	0.26063098534824614	0.21656511628046562
4	500	Random	1.0	0.027361323978277556	0.027927927927927927	0.017756078229930736	0.01905725330168086
4	500	iMF (full)	1.0	0.4526168197694731	0.3387387387387388	0.3488313064137307	0.2896262154915279
4	500	Popularity	1.0	0.2954122202067883	0.23153153153153153	0.22155864640033962	0.1905895469696688
4	500	Normalized kNN (test)	1.0	0.07950310789526023	0.07972972972972972	0.06827285376919566	0.05731437617116016
2	500	Average Rating	1.0	0.046074963895817	0.039639639639639644	0.021660008725242322	0.021925952667737954
2	500	kNN (full/test)	1.0	0.42552235528356613	0.32477477477477473	0.3054827902443014	0.26360945648838774
2	500	iMF (test)	1.0	0.13336939350983587	0.11666666666666668	0.10780277711999729	0.09337863942481968
2	500	Normalized kNN (full)	0.9612612612612613	0.3264099924012644	0.26261261261261265	0.2620788346476071	0.21869170611080352
2	500	Random	1.0	0.025868330881946674	0.025675675675675677	0.017346157547522844	0.017293167082744084
2	500	iMF (full)	1.0	0.4732666308619238	0.36756756756756753	0.3502244646281933	0.30042944817043554
2	500	Popularity	1.0	0.29205717018517124	0.23243243243243245	0.20581331895210864	0.1848678559249338
2	500	Normalized kNN (test)	1.0	0.05654917489582624	0.059909909909909916	0.045846339687105775	0.04248326272492062
1	500	Average Rating	1.0	0.05753980864995761	0.04864864864864865	0.02895044743224517	0.03021490623354363
1	500	kNN (full/test)	1.0	0.41369744196016134	0.32747747747747746	0.306417290572925	0.264519829901039
1	500	iMF (test)	1.0	0.14810004029851853	0.13153153153153152	0.11456070062386581	0.10509776350113109
1	500	Normalized kNN (full)	0.9689189189189189	0.31858280614933127	0.26036036036036037	0.2578426712057852	0.21831404031541388
1	500	Random	1.0	0.024854090830233173	0.026126126126126126	0.01324862956331692	0.014872367609134055
1	500	iMF (full)	1.0	0.44628803923185917	0.35135135135135137	0.33652401104408963	0.29010080331255444
1	500	Popularity	1.0	0.26752268985056543	0.21126126126126127	0.19407163075979383	0.16829985088185936
1	500	Normalized kNN (test)	1.0	0.07775800275510378	0.07702702702702703	0.05679647049684094	0.05495220592720105
