fold	target size	recommender system	Coverage@10	nDCG@10	P@10	Recall@10	FScore@10
3	5	Average Rating	0.9726315789473685	0.744852504796639	0.5713157894736842	0.6659361257304641	0.5215682524541086
3	5	iMF (test)	0.9797368421052632	0.8079840987814715	0.6005263157894737	0.699625097765389	0.5496267122129583
3	5	Normalized kNN (full)	0.5471052631578948	0.5837338254810017	0.4181578947368421	0.3736321104258533	0.33535192001834296
3	5	Random	0.9797368421052632	0.6031706052182708	0.4723684210526316	0.5914308805832463	0.4433061333869029
3	5	iMF (full)	0.9797368421052632	0.8241974093692976	0.6110526315789473	0.7049678025808052	0.5574340961093974
3	5	Popularity	0.9726315789473685	0.8015245317600215	0.5907894736842105	0.6881696309629493	0.5406560587561625
3	5	kNN (test)	0.9602631578947368	0.8272394022724966	0.605	0.6992538931747362	0.5520787010169057
3	5	Normalized kNN (test)	0.9121052631578948	0.782824752199177	0.59	0.6744303697939691	0.5363055067586397
3	5	kNN (full)	0.8713157894736843	0.8141065833879081	0.596578947368421	0.6649015152330453	0.5369723451311939
3	2000	Average Rating	1.0	0.01196130431473172	0.01	0.006059181996227744	0.006418570432937389
3	2000	iMF (test)	1.0	0.047502683980110615	0.041842105263157896	0.04198228332644853	0.03526404096200971
3	2000	Normalized kNN (full)	0.9873684210526316	0.1463677822506187	0.11894736842105263	0.14121081676467295	0.10671289435192896
3	2000	Random	1.0	0.006748796461197579	0.005526315789473685	0.0032673805932081816	0.0033019365712162485
3	2000	iMF (full)	1.0	0.2673352514348735	0.2005263157894737	0.19385574458017102	0.1632131695288107
3	2000	Popularity	1.0	0.13879712383737972	0.11052631578947368	0.09647420324243561	0.08381280720924116
3	2000	kNN (test)	1.0	0.2012393092550777	0.14947368421052631	0.13360798042018437	0.11564062477576166
5	5	Average Rating	0.9702631578947368	0.7263210618153577	0.5560526315789474	0.6533871444006774	0.5071708485277088
5	5	iMF (test)	0.975	0.7987783120674041	0.5860526315789474	0.6829866848051614	0.534443902859971
3	2000	Normalized kNN (test)	1.0	0.019023704610877896	0.021052631578947368	0.017992152247073092	0.01574907360656411
5	5	Normalized kNN (full)	0.56	0.6013907328999925	0.43157894736842106	0.39031623173130425	0.34598836825844315
3	2000	kNN (full)	1.0	0.25316122905818156	0.18157894736842106	0.18065468386344863	0.14856512054857893
5	5	Random	0.975	0.5880372723694279	0.4663157894736842	0.5737299112256927	0.43057288242542435
5	5	iMF (full)	0.975	0.8270198645430331	0.6023684210526316	0.6959590435666551	0.5467638007819864
5	5	Popularity	0.9702631578947368	0.7957298095640882	0.5873684210526315	0.6839283450775175	0.5341543704243253
5	5	kNN (test)	0.9610526315789474	0.827989042248857	0.603421052631579	0.6948861676901421	0.5464999073331835
5	5	Normalized kNN (test)	0.9097368421052632	0.7821227035997403	0.583421052631579	0.6751680667141203	0.529689134069495
5	5	kNN (full)	0.8707894736842104	0.8124560990285171	0.5910526315789474	0.6639762732572299	0.5302647917159803
5	2000	Average Rating	1.0	0.008058712919814345	0.007105263157894737	0.003055980146711245	0.003856874373878171
5	2000	iMF (test)	1.0	0.03858634371321724	0.034210526315789476	0.03486831864253661	0.028981091577449318
5	2000	Normalized kNN (full)	0.9871052631578948	0.1511780597867855	0.11947368421052632	0.14586153173334632	0.10650223462109795
5	2000	Random	1.0	0.006192096730056684	0.005263157894736842	0.003566004418357407	0.0035778363859244274
4	5	Average Rating	0.9700000000000001	0.7249859582693954	0.5581578947368421	0.6643445228070569	0.5135249117376437
4	5	iMF (test)	0.9755263157894737	0.7966064815872033	0.5850000000000001	0.691122646751774	0.5381730605756533
5	2000	iMF (full)	1.0	0.25821951639060226	0.2	0.19345574045240976	0.16254666975134982
5	2000	Popularity	1.0	0.1416552889975695	0.1186842105263158	0.10663113328797703	0.09065660300900276
4	5	Normalized kNN (full)	0.5463157894736842	0.5723237095006986	0.41578947368421054	0.3651086186707294	0.33282309561102913
4	5	Random	0.9755263157894737	0.58190100513419	0.4581578947368421	0.5767293290529013	0.430426214919906
5	2000	kNN (test)	1.0	0.20562327206458333	0.15368421052631578	0.13511412364716338	0.1172171201705997
4	5	iMF (full)	0.9755263157894737	0.8203295835574035	0.5915789473684211	0.6936707823918778	0.542313609307291
4	5	Popularity	0.9700000000000001	0.7911257077012382	0.5768421052631578	0.6850210878972968	0.531415530184442
4	5	kNN (test)	0.9628947368421052	0.8176797062345972	0.5915789473684211	0.6936964327646911	0.5415713328589551
5	2000	Normalized kNN (test)	1.0	0.00642595206138698	0.007631578947368422	0.005350630236750706	0.004905059669747244
5	2000	kNN (full)	1.0	0.2618974917434632	0.1923684210526316	0.19138930435260845	0.1576260865626833
4	5	Normalized kNN (test)	0.9136842105263158	0.7790019226894863	0.5794736842105263	0.6817897589903059	0.5314905747654737
4	5	kNN (full)	0.8731578947368421	0.8134251119587395	0.5857894736842105	0.6731847099506006	0.5315962260288416
2	5	Average Rating	0.9689473684210526	0.7324945038708655	0.5613157894736842	0.6649779386749347	0.5151915232517985
2	5	iMF (test)	0.9734210526315789	0.8024833291559813	0.5928947368421053	0.6952914598779478	0.5429443550977894
2	5	Normalized kNN (full)	0.5484210526315789	0.5835698039609575	0.41710526315789476	0.38349938084043905	0.33594009476535
2	5	Random	0.9734210526315789	0.5784090863594593	0.4560526315789474	0.5714685681930285	0.42703278295825503
4	2000	Average Rating	1.0	0.013647080725963691	0.011578947368421053	0.0072560879747973935	0.007745928169698525
4	2000	iMF (test)	1.0	0.04210356686779207	0.04	0.03606791547442481	0.03234869743348324
4	2000	Normalized kNN (full)	0.9905263157894736	0.14373757042626942	0.11921052631578949	0.1330541121077154	0.10548190423677081
4	2000	Random	1.0	0.004624210741702011	0.005526315789473685	0.0037269691910258224	0.003285142570706788
2	5	iMF (full)	0.9734210526315789	0.8183971241130411	0.598421052631579	0.6990329625135645	0.5469058788210022
2	5	Popularity	0.9689473684210526	0.7837930381626735	0.5797368421052632	0.6836711894859675	0.5316876489992122
2	5	kNN (test)	0.9610526315789474	0.8180286253685796	0.5973684210526315	0.6975207371243773	0.5459399919507928
2	5	Normalized kNN (test)	0.9173684210526316	0.7713247847078553	0.5805263157894737	0.6758173092880817	0.5295982635716793
2	5	kNN (full)	0.8836842105263158	0.8058973757346449	0.5857894736842105	0.6695772711372766	0.5300705947138239
4	2000	iMF (full)	1.0	0.25541966118674386	0.19289473684210526	0.17993525429350465	0.1554531713545193
4	2000	Popularity	1.0	0.1253547333462527	0.10394736842105264	0.08802294354474081	0.0769084671638305
4	2000	kNN (test)	1.0	0.18317889157719955	0.14473684210526316	0.12716866224919904	0.11183668603626215
4	2000	Normalized kNN (test)	1.0	0.010127425220199493	0.012368421052631579	0.007570461095280023	0.00822738383981069
4	2000	kNN (full)	1.0	0.24329071529176455	0.17815789473684213	0.17156615783851376	0.14460465412623655
3	50	Average Rating	1.0	0.3526650825140169	0.29710526315789476	0.2844810067291031	0.24296116393223546
3	50	iMF (test)	1.0	0.549335303829744	0.4344736842105263	0.46658836030764833	0.3832852427911983
3	50	Normalized kNN (full)	0.6155263157894737	0.5439651245219571	0.39789473684210525	0.364426685606037	0.32330118766941407
3	50	Random	1.0	0.18871031242204678	0.16736842105263158	0.1517552525348544	0.12983843203333045
3	50	iMF (full)	1.0	0.6959185260311613	0.5202631578947368	0.5652200445891655	0.45944061306255995
3	50	Popularity	1.0	0.5837342061427048	0.4452631578947368	0.47186488840106455	0.3867686702404356
3	50	kNN (test)	1.0	0.6563946941956889	0.4918421052631579	0.5304473453994505	0.43258221882379844
1	5	Average Rating	0.968157894736842	0.7534029469514246	0.5634210526315789	0.6838104730138321	0.5255585379267683
1	5	iMF (test)	0.9744736842105264	0.8099623119416761	0.59	0.7163095172951139	0.5523843071661304
3	50	Normalized kNN (test)	1.0	0.4570622046970209	0.38	0.393361671116136	0.3256086605540924
1	5	Normalized kNN (full)	0.5355263157894737	0.5817403225578422	0.41131578947368425	0.3811040247242779	0.3340560809303889
3	50	kNN (full)	1.0	0.6838524376549305	0.5057894736842105	0.5445899252500143	0.4437581704559204
1	5	Random	0.9744736842105264	0.5791538688416249	0.45552631578947367	0.5869108716379428	0.43240671376466094
1	5	iMF (full)	0.9744736842105264	0.8296388924968559	0.596842105263158	0.713986381559953	0.5538420687862713
1	5	Popularity	0.968157894736842	0.7938227862052888	0.5802631578947368	0.7001038745039837	0.5405673112101994
1	5	kNN (test)	0.958421052631579	0.8257525277163739	0.6	0.7143950386707454	0.5562356941700863
2	2000	Average Rating	1.0	0.011124906391801864	0.01	0.008004776753897467	0.006897755307378077
2	2000	iMF (test)	1.0	0.05255379131127897	0.04368421052631579	0.04957749825632588	0.038247379224932467
2	2000	Normalized kNN (full)	0.988421052631579	0.14523721566733028	0.11578947368421053	0.12968683991768873	0.10046966495899678
2	2000	Random	1.0	0.006193699003548962	0.004473684210526316	0.0036628271324478756	0.003353072341634351
1	5	Normalized kNN (test)	0.92	0.7889005309114665	0.588421052631579	0.6932277926930075	0.5425125057743565
1	5	kNN (full)	0.8713157894736843	0.8202484729567604	0.5913157894736841	0.6918876999914657	0.5439373132404974
2	2000	iMF (full)	1.0	0.258058387377334	0.19657894736842105	0.19059795706097055	0.1604910150676735
2	2000	Popularity	1.0	0.13015276538505696	0.10526315789473684	0.09682783608514936	0.08210021625184473
2	2000	kNN (test)	1.0	0.19659140933663644	0.14842105263157895	0.13542120009862177	0.11660523846393998
2	2000	Normalized kNN (test)	1.0	0.014911044698377987	0.016842105263157894	0.010039301221430824	0.010643640941875646
5	50	Average Rating	1.0	0.3180624664753903	0.28236842105263155	0.2605889892118059	0.22731794766904634
2	2000	kNN (full)	1.0	0.25056988174577877	0.1868421052631579	0.18918775379905592	0.15402484462664673
5	50	iMF (test)	1.0	0.5434959848600801	0.42578947368421055	0.4742411882680756	0.3754280529551222
5	50	Normalized kNN (full)	0.6176315789473684	0.555753015210733	0.4055263157894737	0.3768970211739445	0.32906634389678063
5	50	Random	1.0	0.19410567266234433	0.1731578947368421	0.15614579116719932	0.13485692317208664
5	50	iMF (full)	1.0	0.7088458606832758	0.5221052631578947	0.5693885376140119	0.45851496837133726
5	50	Popularity	1.0	0.5918915549005289	0.45052631578947366	0.4742979701972417	0.38791207799467786
5	50	kNN (test)	1.0	0.6552896274427306	0.49078947368421055	0.5204876763692198	0.42502837245779446
3	20	Average Rating	1.0	0.5133862770996195	0.41736842105263156	0.45556770579283934	0.36253582383656635
3	20	iMF (test)	1.0	0.68590710556174	0.521578947368421	0.5977018279229575	0.4713211461191383
3	20	Normalized kNN (full)	0.5723684210526315	0.5690934990911684	0.40763157894736846	0.3689098491673498	0.3290638276299677
3	20	Random	1.0	0.3300882003092073	0.2786842105263158	0.2855671820091385	0.23552685054690145
5	50	Normalized kNN (test)	1.0	0.4347297636257141	0.37236842105263157	0.38042795160370224	0.3136727188879938
5	50	kNN (full)	1.0	0.6899251782426177	0.5044736842105263	0.5436794313790122	0.4406211466422843
3	20	iMF (full)	1.0	0.7616846038844666	0.5644736842105263	0.6318434649550234	0.5061671945236093
3	20	Popularity	1.0	0.6968948385071113	0.5218421052631579	0.5833010374866154	0.4665590065410676
3	20	kNN (test)	1.0	0.7440458032552383	0.5473684210526316	0.6143504748621796	0.4902760931024209
3	1	Average Rating	0.8647368421052632	0.8303673371784209	0.6128947368421053	0.713694787536449	0.562718690198442
3	1	iMF (test)	0.8710526315789474	0.8562671034399989	0.625	0.7246927240715249	0.5732884912119012
3	20	Normalized kNN (test)	0.9997368421052631	0.622692898577866	0.49736842105263157	0.5569539891197467	0.4427779851524751
3	1	Normalized kNN (full)	0.541578947368421	0.5904720749602772	0.4213157894736842	0.37519800939693465	0.33732290323322534
3	1	Random	0.8710526315789474	0.7377362702899588	0.5610526315789474	0.6845166035491442	0.5275625561730308
3	20	kNN (full)	0.9802631578947368	0.754558027089092	0.5557894736842105	0.6132370433457772	0.49537873843872
3	1	iMF (full)	0.8710526315789474	0.8487608309111616	0.6228947368421053	0.7217276118609014	0.5708263547365516
3	1	Popularity	0.8647368421052632	0.834092943496009	0.6118421052631579	0.7124056153691847	0.5612041359625833
3	1	kNN (test)	0.8605263157894737	0.8534791344125117	0.6228947368421053	0.7201202796014461	0.5699394477816674
1	2000	Average Rating	1.0	0.01786364478050742	0.010526315789473684	0.00791893724936144	0.007559026888553296
1	2000	iMF (test)	1.0	0.04373769866510228	0.041052631578947375	0.04092201521651983	0.034932448548070386
1	2000	Normalized kNN (full)	0.9913157894736842	0.1435606693197956	0.11657894736842106	0.1386290163187304	0.10512936163770399
3	1	Normalized kNN (test)	0.8371052631578948	0.8367366041882482	0.6178947368421053	0.7033651166157419	0.5626616597348039
1	2000	Random	1.0	0.007285192573010685	0.006315789473684211	0.0054958274323313435	0.004968945886647595
3	1	kNN (full)	0.8202631578947368	0.8304890356685469	0.6092105263157894	0.6781329941746054	0.5490672409577719
4	50	Average Rating	1.0	0.32517499866883465	0.27657894736842104	0.25429111721892694	0.22240338912393376
1	2000	iMF (full)	1.0	0.261805262096228	0.1986842105263158	0.18551000076372434	0.1621731623928397
1	2000	Popularity	1.0	0.13533983612401665	0.10973684210526316	0.09008547103492874	0.08247749337127012
4	50	iMF (test)	1.0	0.5509201650296156	0.42526315789473684	0.48210413100408306	0.37916832902228986
1	2000	kNN (test)	1.0	0.20519873145355938	0.15263157894736842	0.14443560043410747	0.12318769173274897
4	50	Normalized kNN (full)	0.6039473684210527	0.5277872671037761	0.3907894736842105	0.3525604694024213	0.31714375123112504
4	50	Random	1.0	0.19633085668870398	0.16526315789473686	0.15007212936710573	0.13092704565418925
5	20	Average Rating	1.0	0.52151342332492	0.41868421052631577	0.468488902352573	0.36725672079318256
1	2000	Normalized kNN (test)	1.0	0.009195341989269315	0.00868421052631579	0.010319995311349991	0.006820627624410895
4	50	iMF (full)	1.0	0.6893258426626234	0.5121052631578947	0.5683417591472996	0.4545709063575711
4	50	Popularity	1.0	0.5745319634302516	0.4368421052631579	0.47158912194224434	0.38036714906023195
1	2000	kNN (full)	1.0	0.24904406139077556	0.18289473684210528	0.18522871375092279	0.15185451611619913
4	50	kNN (test)	1.0	0.6407833221105991	0.4826315789473684	0.5250107281124718	0.423298218720132
5	20	iMF (test)	1.0	0.7055836858781434	0.5305263157894736	0.6060338880042953	0.47655071216878925
5	20	Normalized kNN (full)	0.5807894736842105	0.5824417909061111	0.4213157894736842	0.38502617915345255	0.33929545497833086
5	20	Random	1.0	0.34043377560484106	0.2789473684210526	0.2935730748918323	0.23609106055327
4	50	Normalized kNN (test)	1.0	0.4462249264380033	0.37	0.38178542098000606	0.3136089018187646
4	50	kNN (full)	1.0	0.6798891723020696	0.501578947368421	0.5581612549319711	0.4445775793340118
5	20	iMF (full)	1.0	0.7793538057501465	0.5731578947368421	0.649150770497831	0.5140081858895479
5	20	Popularity	1.0	0.6965340233871207	0.525	0.5836302669492753	0.465723887745995
5	20	kNN (test)	1.0	0.7478587482841016	0.5536842105263158	0.6172357710367313	0.49240015329162423
5	1	Average Rating	0.8652631578947368	0.8142589633546816	0.6010526315789474	0.6997003857240889	0.5490376091903248
5	1	iMF (test)	0.8692105263157895	0.8440504955972981	0.6107894736842105	0.7114430595554365	0.5588881395247893
5	1	Normalized kNN (full)	0.5547368421052632	0.6058733182219755	0.4355263157894737	0.3920933904247726	0.348363932446569
5	1	Random	0.8692105263157895	0.7117788268753105	0.5392105263157895	0.6562525814324836	0.5031114073368946
5	20	Normalized kNN (test)	0.9978947368421053	0.6191158428955679	0.4889473684210527	0.5516368205870992	0.4351947497225343
5	20	kNN (full)	0.9789473684210527	0.7594035329431262	0.5547368421052632	0.6166414809158294	0.49314027282391565
5	1	iMF (full)	0.8692105263157895	0.8485051766631289	0.6168421052631579	0.7115651774669288	0.5609637279553281
5	1	Popularity	0.8652631578947368	0.8294165246358663	0.6089473684210527	0.7069848301170096	0.5552033971490402
5	1	kNN (test)	0.8618421052631579	0.8523762093834912	0.621578947368421	0.7131522833231327	0.563609666595141
3	2913	Average Rating	1.0	0.008967576058057283	0.007894736842105263	0.004488882967256349	0.004909054612887181
3	2913	iMF (test)	1.0	0.03033565134902301	0.02710526315789474	0.027725680644532055	0.02278218557864957
5	1	Normalized kNN (test)	0.8352631578947368	0.8310394010195996	0.6089473684210527	0.6979794032041045	0.5525837372422547
3	2913	Normalized kNN (full)	0.9978947368421053	0.11185811507888077	0.09368421052631579	0.11321374900329925	0.08467472518569263
5	1	kNN (full)	0.8160526315789475	0.8290684911434397	0.6044736842105263	0.6752971732441535	0.5419402825652696
3	2913	Random	1.0	0.00569861526820276	0.004473684210526316	0.006105374935870291	0.0037140100438298306
2	50	Average Rating	1.0	0.3350672948027866	0.2789473684210526	0.2780507345033448	0.23015172643600623
2	50	iMF (test)	1.0	0.5612883380150728	0.4355263157894737	0.5002462666789338	0.3881813906825695
3	2913	iMF (full)	1.0	0.22405733402244496	0.17105263157894737	0.16636629508957898	0.1395181632238406
3	2913	Popularity	1.0	0.10850147874162382	0.08631578947368422	0.07431159755895299	0.06510835958417148
2	50	Normalized kNN (full)	0.6065789473684211	0.5377386310979393	0.39026315789473687	0.369520645583429	0.318716166408608
2	50	Random	1.0	0.18851472615846704	0.16605263157894737	0.15075639267527866	0.13151577565658276
3	2913	kNN (test)	1.0	0.17026243353585657	0.12842105263157896	0.11217992196172281	0.09781371279417268
2	50	iMF (full)	1.0	0.6973116136292776	0.5171052631578947	0.5771908692564738	0.46044350309477355
2	50	Popularity	1.0	0.5842829312546948	0.4418421052631579	0.48910108419743115	0.38723504039621776
4	20	Average Rating	1.0	0.5024994342942238	0.41131578947368425	0.4566422360874006	0.36146703081249054
3	2913	Normalized kNN (test)	1.0	0.008832261197288908	0.008421052631578947	0.008065911838387167	0.006011125830493681
2	50	kNN (test)	1.0	0.657206265280518	0.4881578947368421	0.5413784469925237	0.43055734955839386
3	2913	kNN (full)	1.0	0.21430719199451764	0.1531578947368421	0.1517296038461943	0.12429171382094081
4	20	iMF (test)	1.0	0.6781888899533071	0.5144736842105263	0.601526308681582	0.468503508383176
4	20	Normalized kNN (full)	0.5692105263157895	0.5574355524949468	0.40921052631578947	0.3629086118222549	0.32948411553056917
4	20	Random	1.0	0.3395697872740989	0.2810526315789474	0.3047727619694846	0.24363567406085007
2	50	Normalized kNN (test)	1.0	0.4592188011330107	0.37315789473684213	0.40498546883344033	0.321981913700114
2	50	kNN (full)	1.0	0.6882156065126983	0.5023684210526316	0.5647455053746328	0.44711115996397405
4	20	iMF (full)	1.0	0.7668929677936146	0.5589473684210526	0.6405490805960375	0.5044114512666692
4	20	Popularity	1.0	0.6872220821781013	0.5121052631578947	0.5920051740942085	0.4616682440690008
4	20	kNN (test)	1.0	0.7440560921354263	0.5492105263157895	0.6323376643321891	0.4963513416271393
4	1	Average Rating	0.8647368421052632	0.8185096680040135	0.6031578947368421	0.7148307090950111	0.5578880285533797
4	1	iMF (test)	0.8700000000000001	0.8398892401318724	0.6076315789473684	0.7195746587436425	0.5625139152489979
4	1	Normalized kNN (full)	0.5410526315789473	0.5780763502019434	0.41947368421052633	0.3674989805599649	0.3355643860029621
4	20	Normalized kNN (test)	0.9997368421052631	0.6117169257110185	0.4823684210526316	0.5562436290272391	0.4334363750086235
4	1	Random	0.8700000000000001	0.7182791223004005	0.535	0.6639849440848176	0.5050642105137686
4	20	kNN (full)	0.9792105263157895	0.7582014909099756	0.5531578947368421	0.6288900136396677	0.49749996986435524
4	1	iMF (full)	0.8700000000000001	0.8463202777015162	0.6071052631578947	0.7138857774201596	0.558772953915008
4	1	Popularity	0.8647368421052632	0.8233478573206853	0.5944736842105264	0.7055307573133571	0.5492440719552706
4	1	kNN (test)	0.8607894736842105	0.8475175513483036	0.6089473684210527	0.713159193330639	0.5589549451865546
5	2913	Average Rating	1.0	0.005815317920347998	0.004473684210526316	0.0021941027054615324	0.0026018104541086244
5	2913	iMF (test)	1.0	0.02890668026603251	0.02552631578947369	0.026097891783036196	0.02171997741728667
4	1	Normalized kNN (test)	0.836578947368421	0.8323713798235258	0.6023684210526316	0.7053424740143963	0.5530093255376894
4	1	kNN (full)	0.8160526315789475	0.8309399942934237	0.595	0.6835096470099533	0.540474078270615
5	2913	Normalized kNN (full)	0.9942105263157895	0.1130298052990749	0.08894736842105264	0.1106975697763136	0.08014994596684545
5	2913	Random	1.0	0.006682520478405717	0.005	0.0053097669044089016	0.0034971508512084224
1	50	Average Rating	1.0	0.34774039028827713	0.2860526315789474	0.29477890834343257	0.23972870986590886
1	50	iMF (test)	1.0	0.5421560535778931	0.42710526315789477	0.480132798439201	0.383645771798219
1	50	Normalized kNN (full)	0.5997368421052631	0.5402562647626734	0.3952631578947368	0.37210846652453144	0.3233913901576388
1	50	Random	1.0	0.19183531354365194	0.1681578947368421	0.1611097148967755	0.13621120320839974
5	2913	iMF (full)	1.0	0.22988446248931274	0.17473684210526316	0.16365024531187583	0.1391217187738404
5	2913	Popularity	1.0	0.10968734661742024	0.09131578947368421	0.08203749146921939	0.06927516293281896
5	2913	kNN (test)	1.0	0.1747197894192542	0.1318421052631579	0.11295978008211967	0.09873127643690723
1	50	iMF (full)	1.0	0.7084416942966287	0.5186842105263157	0.5831721039692349	0.46548703437596567
1	50	Popularity	1.0	0.5891947282818936	0.44157894736842107	0.495319792963825	0.39299190680586316
2	20	Average Rating	1.0	0.524858884981391	0.4189473684210526	0.4838905974530932	0.3734182532271595
1	50	kNN (test)	1.0	0.6645274223137579	0.49026315789473685	0.554112809001418	0.43836416314565047
5	2913	Normalized kNN (test)	1.0	0.0024294350919943	0.002631578947368421	0.0020987507350372415	0.0016316929955373892
5	2913	kNN (full)	1.0	0.22267157459731085	0.16447368421052633	0.16037307374457538	0.13205825451261188
2	20	iMF (test)	1.0	0.6954024723200117	0.525	0.6090503935107818	0.47464194253100844
2	20	Normalized kNN (full)	0.5671052631578948	0.5671450660713008	0.4052631578947368	0.37738646821493343	0.3282642559104846
2	20	Random	1.0	0.33187957995818185	0.27921052631578946	0.2940071999148858	0.2363668308361732
1	50	Normalized kNN (test)	1.0	0.46001959409602133	0.3786842105263158	0.4154157686042311	0.32890133410466743
1	50	kNN (full)	1.0	0.6903275657327458	0.5007894736842106	0.5654274847176655	0.4480678253958716
2	20	iMF (full)	1.0	0.7695823971000298	0.5615789473684211	0.6393682158834257	0.5052293308115606
2	20	Popularity	1.0	0.6963002427278397	0.5192105263157895	0.5960974563573641	0.4664283016666393
2	20	kNN (test)	1.0	0.7500885325003962	0.5523684210526316	0.6350323532809027	0.49767363538813497
2	1	Average Rating	0.8676315789473684	0.8336254843616989	0.6115789473684211	0.7140299419752262	0.5611858690562408
2	1	iMF (test)	0.8734210526315789	0.8497786955015422	0.6128947368421053	0.7221657743215023	0.5643561219043292
2	1	Normalized kNN (full)	0.5426315789473684	0.5879166806051613	0.4181578947368421	0.3841867252353386	0.33679634620025134
2	1	Random	0.8734210526315789	0.7150342748761336	0.5410526315789473	0.6653958876468906	0.5075838664755211
2	20	Normalized kNN (test)	0.9984210526315789	0.6298013218502887	0.4968421052631579	0.574707330730709	0.44716327935100514
2	20	kNN (full)	0.9789473684210527	0.7654292976157983	0.5586842105263158	0.6373779511593783	0.5025150361078397
2	1	iMF (full)	0.8734210526315789	0.84445913113592	0.6139473684210527	0.717867407809591	0.5627120121875284
2	1	Popularity	0.8676315789473684	0.8288763633840648	0.6052631578947368	0.7124035845717156	0.5569818589136886
2	1	kNN (test)	0.863421052631579	0.8486478185656752	0.6142105263157895	0.7169067961977428	0.5629140642005444
4	2913	Average Rating	1.0	0.010948407887953726	0.00868421052631579	0.005152634682122984	0.005596869525177085
2	1	Normalized kNN (test)	0.8355263157894737	0.8381275479648319	0.6102631578947368	0.7035593744811843	0.5556923458321791
2	1	kNN (full)	0.8189473684210526	0.8265057371915072	0.5973684210526315	0.6832972291548352	0.5418175569977831
4	2913	iMF (test)	1.0	0.02365742185635854	0.021315789473684208	0.023723980712101796	0.019082223278291652
4	2913	Normalized kNN (full)	0.9981578947368421	0.10609946072394848	0.08947368421052632	0.09915210326257079	0.07793534882811862
4	2913	Random	1.0	0.006586162178816183	0.005263157894736842	0.004824862703919009	0.003776934598045104
3	200	Average Rating	1.0	0.1430641402684955	0.13421052631578947	0.11224936298445305	0.10209567669534476
3	200	iMF (test)	1.0	0.31396727923927154	0.26105263157894737	0.27451853532825227	0.22214456974488053
3	200	Normalized kNN (full)	0.7436842105263158	0.45009742982937356	0.3394736842105263	0.32548821131142464	0.2802905824078053
3	200	Random	1.0	0.05994953469060852	0.05605263157894737	0.04540497609983505	0.039892899917513644
4	2913	iMF (full)	1.0	0.2107683987332018	0.16342105263157894	0.147933467795627	0.12927617968422123
4	2913	Popularity	1.0	0.0985185598066469	0.08157894736842106	0.06876497570237917	0.059202086350532326
4	2913	kNN (test)	1.0	0.15493768336598018	0.1218421052631579	0.10725095335863291	0.09341763835697092
1	20	Average Rating	1.0	0.5357136512631033	0.41868421052631577	0.486420784501888	0.37605803471222676
3	200	iMF (full)	1.0	0.5565505570085766	0.41710526315789476	0.4272980031102078	0.3560958395726719
3	200	Popularity	1.0	0.4081982991163232	0.3155263157894737	0.3065277595088621	0.26052046485681707
3	200	kNN (test)	1.0	0.4924509274557037	0.3713157894736842	0.36827495112738795	0.31108046534094813
4	2913	Normalized kNN (test)	1.0	0.004616579324134113	0.005789473684210527	0.0033217942716792627	0.00366111041222507
1	20	iMF (test)	1.0	0.6963533959149849	0.5228947368421052	0.6099367625462948	0.47984800572968517
4	2913	kNN (full)	1.0	0.21130339377651197	0.15578947368421053	0.14832528552416857	0.126095852453365
1	20	Normalized kNN (full)	0.5602631578947369	0.566255315511874	0.40421052631578946	0.3766393715490345	0.3291103684932452
1	20	Random	1.0	0.31496684316485424	0.2718421052631579	0.2841111713195414	0.2302124168783427
3	200	Normalized kNN (test)	1.0	0.2073145022231189	0.18947368421052632	0.17224801765120298	0.15012295708957205
3	200	kNN (full)	1.0	0.5500733249762645	0.40657894736842104	0.4219627147657065	0.3478413284056341
1	20	iMF (full)	1.0	0.7746399474011679	0.5660526315789474	0.6601987225775876	0.518492697942953
1	20	Popularity	1.0	0.6959184277861744	0.5139473684210527	0.5984526929878294	0.4676614187216354
1	20	kNN (test)	1.0	0.7502127983897193	0.5484210526315789	0.6369973871145264	0.4992364689393149
1	1	Average Rating	0.8665789473684211	0.8394747372579988	0.6081578947368421	0.7305490861481431	0.5680917319318812
1	1	iMF (test)	0.8705263157894737	0.8472064946246356	0.6073684210526316	0.7366872111092273	0.5695556046294747
1	1	Normalized kNN (full)	0.5286842105263158	0.5846150397757262	0.41368421052631577	0.3820067000125738	0.33532582802785255
1	20	Normalized kNN (test)	1.0	0.6299048439988283	0.4934210526315789	0.5743917977263902	0.4468474468669629
1	1	Random	0.8705263157894737	0.7117794450398869	0.5381578947368421	0.6805982687598477	0.5127377650383995
1	20	kNN (full)	0.9810526315789474	0.7663232155267056	0.5571052631578947	0.6451912886337547	0.5073166535693624
1	1	iMF (full)	0.8705263157894737	0.8511876375246041	0.6107894736842105	0.734602121662803	0.5685371693099991
1	1	Popularity	0.8665789473684211	0.8309928021345305	0.6018421052631578	0.7252295074835757	0.5624775873688165
1	1	kNN (test)	0.861578947368421	0.8530306335418935	0.6165789473684211	0.7340580264953548	0.573295960407619
2	100	Average Rating	1.0	0.22834322223244896	0.19842105263157897	0.19098009349823697	0.15988496925588824
2	2913	Average Rating	1.0	0.007680617141416671	0.006842105263157895	0.005749397624388526	0.0051255147474530945
1	1	Normalized kNN (test)	0.8355263157894737	0.8436268511476056	0.6110526315789473	0.7168549760388382	0.5647891099315363
1	1	kNN (full)	0.8178947368421053	0.835735833456783	0.6010526315789474	0.7018591035439752	0.5533321833274075
2	100	iMF (test)	1.0	0.42902935976831025	0.35157894736842105	0.3769073536446666	0.30195927516765797
2	2913	iMF (test)	1.0	0.02829989894865855	0.02631578947368421	0.02865034032642715	0.022771452439065313
2	100	Normalized kNN (full)	0.6663157894736842	0.49423423960067964	0.3655263157894737	0.3534843250660957	0.30023540549342836
2	100	Random	1.0	0.10349518629631638	0.09868421052631579	0.07880667908744969	0.07206608310622037
2	2913	Normalized kNN (full)	0.9950000000000001	0.10688519677701162	0.08736842105263158	0.10255897175445808	0.07626980597317908
2	2913	Random	1.0	0.006935709663054077	0.005526315789473685	0.004367050633994947	0.00413042150296186
5	200	Average Rating	1.0	0.12761693372639946	0.12289473684210526	0.10370859561651462	0.09444576572573005
5	200	iMF (test)	1.0	0.3094257619592315	0.25763157894736843	0.2681414267828825	0.2186172109364128
2	100	iMF (full)	1.0	0.6291146353417646	0.47157894736842104	0.5143521725776794	0.4125889261690019
2	100	Popularity	1.0	0.48265156714519186	0.3702631578947368	0.3913045991354025	0.3173410973740587
5	200	Normalized kNN (full)	0.7423684210526317	0.4440590101585592	0.33263157894736844	0.32831026994260265	0.2761722476260485
2	2913	iMF (full)	1.0	0.2108663769289012	0.16105263157894736	0.15306389336082463	0.12936049933001545
5	200	Random	1.0	0.062451715085774684	0.05473684210526316	0.04567303649308265	0.04090957650257995
2	2913	Popularity	1.0	0.10291973837873102	0.085	0.07313190220585958	0.06458781938056195
2	100	kNN (test)	1.0	0.5681474665089061	0.4226315789473684	0.4581254109062825	0.36520903909857705
2	2913	kNN (test)	1.0	0.16081047682148203	0.12394736842105264	0.10736052329704163	0.09494193427815831
3	10	Average Rating	0.9997368421052631	0.6526198885585835	0.5107894736842105	0.5926631859603584	0.4627728481297179
5	200	iMF (full)	1.0	0.5796475386333856	0.42921052631578943	0.4513582604501451	0.36865892447992155
5	200	Popularity	1.0	0.419050953246146	0.31842105263157894	0.3202858907665817	0.26545748560838306
2	100	Normalized kNN (test)	1.0	0.32176155794260825	0.27421052631578946	0.2714784267792941	0.22525524945639955
2	100	kNN (full)	1.0	0.6056954140650058	0.4423684210526316	0.48438099632030573	0.38537805537557607
5	200	kNN (test)	1.0	0.497655360042949	0.37315789473684213	0.37831251770628754	0.3132891213596901
3	10	iMF (test)	1.0	0.7567747587131491	0.5681578947368421	0.6562551318736439	0.5158091585838961
2	2913	Normalized kNN (test)	1.0	0.00809260469803958	0.009210526315789473	0.0046101137842155535	0.005485854177036549
2	2913	kNN (full)	1.0	0.2060668841434778	0.1563157894736842	0.1506123536519652	0.126195168814517
3	10	Normalized kNN (full)	0.5555263157894736	0.578202015343072	0.4144736842105263	0.3720329193417696	0.3331228786915927
3	10	Random	1.0	0.4712989535641296	0.3797368421052632	0.44537754018184617	0.3419702339671566
5	200	Normalized kNN (test)	1.0	0.19269165267184385	0.185	0.1575042931872672	0.1435264072494367
5	200	kNN (full)	1.0	0.5509266403911859	0.3986842105263158	0.41243969341587045	0.3388965618534196
3	10	iMF (full)	1.0	0.8016928388417268	0.5897368421052631	0.6743782230591344	0.5348353899606726
3	10	Popularity	0.9997368421052631	0.7603184924529951	0.565	0.6508185085553767	0.5123685497827909
3	10	kNN (test)	0.9992105263157894	0.7977759216678622	0.5850000000000001	0.6727747702134796	0.5310119123045381
3	2	Average Rating	0.8963157894736843	0.812516637692725	0.6036842105263158	0.7053273710856607	0.5545468362562579
3	2	iMF (test)	0.9060526315789474	0.8379779728256929	0.6147368421052631	0.717346875977774	0.5649973961964887
3	2	Normalized kNN (full)	0.5421052631578948	0.5899924228987518	0.42026315789473684	0.3747479412117658	0.3367012999418428
3	10	Normalized kNN (test)	0.9757894736842105	0.7211028244910668	0.5563157894736842	0.6401408320202303	0.5053182084011807
3	2	Random	0.9060526315789474	0.6899170337360235	0.5334210526315789	0.6570651087820166	0.501850477965177
3	10	kNN (full)	0.9278947368421053	0.7917436666104062	0.5797368421052632	0.6476318797786529	0.52114180157142
3	2	iMF (full)	0.9060526315789474	0.8479121583017586	0.621842105263158	0.7208022414146149	0.5694615576442364
3	2	Popularity	0.8963157894736843	0.8280800398644087	0.6073684210526316	0.7069696079782091	0.5565529318328614
3	2	kNN (test)	0.8902631578947369	0.8499058685901281	0.62	0.7169406421806563	0.567087126483251
1	100	Average Rating	1.0	0.2207391635665982	0.19105263157894736	0.1889403283904309	0.15705603600845539
1	2913	Average Rating	1.0	0.016038353431455037	0.009210526315789473	0.005638235494975476	0.006027147605126025
3	2	Normalized kNN (test)	0.8584210526315789	0.8245909666929464	0.6107894736842105	0.6983663322577368	0.5569978215111803
3	2	kNN (full)	0.8307894736842105	0.8274561341606863	0.6057894736842105	0.6743000532364013	0.545606889918199
1	100	iMF (test)	1.0	0.4376920314404273	0.34657894736842104	0.39040925929031933	0.3112522744477337
1	2913	iMF (test)	1.0	0.03278294659212282	0.02763157894736842	0.028527652255120887	0.024315178990483563
1	100	Normalized kNN (full)	0.6547368421052632	0.4976404685341696	0.36947368421052634	0.3577244845557748	0.30602021882635233
1	100	Random	1.0	0.10780881106862003	0.09973684210526315	0.08768149075214293	0.07567656326726253
1	2913	Normalized kNN (full)	0.9963157894736843	0.10944387710734119	0.08973684210526316	0.10834409992183622	0.08123119715089491
1	2913	Random	1.0	0.003610953091722736	0.0034210526315789475	0.0014416262463703728	0.0018324490753325495
4	200	Average Rating	1.0	0.11773625206829348	0.115	0.0845862427027302	0.08373924468577687
1	100	iMF (full)	1.0	0.6333071318446125	0.4694736842105263	0.5130580639718959	0.41643955556791146
1	100	Popularity	1.0	0.4890735961323516	0.36815789473684213	0.3952184358142275	0.31936170632037103
4	200	iMF (test)	1.0	0.2908950354449348	0.24289473684210525	0.24979101676534193	0.20593263239845844
1	2913	iMF (full)	1.0	0.21942807755419727	0.16657894736842108	0.1578844624408993	0.13510097464492646
1	2913	Popularity	1.0	0.11138453949696045	0.09131578947368421	0.0749658361961909	0.06842268285186227
4	200	Normalized kNN (full)	0.7463157894736843	0.4288300646920397	0.325	0.3119349504659105	0.27223982960406556
4	200	Random	1.0	0.06498258658489611	0.05763157894736843	0.04361667441148501	0.040764048953816946
1	100	kNN (test)	1.0	0.5683844816197678	0.42394736842105263	0.4653362517248883	0.3714644742613343
1	2913	kNN (test)	1.0	0.17498553417464213	0.13210526315789475	0.12431821337225685	0.10600971691500104
5	10	Average Rating	0.9997368421052631	0.6240632327973911	0.49973684210526315	0.5786335217316106	0.4501454298319136
5	10	iMF (test)	1.0	0.7566531475401972	0.5618421052631579	0.6499498807586952	0.5088378816161354
4	200	iMF (full)	1.0	0.5447807592101979	0.4105263157894737	0.41862961714845076	0.34961520016804376
4	200	Popularity	1.0	0.3855081365538007	0.3	0.29527118652609113	0.24804352287846426
5	10	Normalized kNN (full)	0.5647368421052631	0.5944442403763994	0.4294736842105263	0.3891473842509418	0.3445416782357586
5	10	Random	1.0	0.45897430570206194	0.37105263157894736	0.4325191310414215	0.3323232250110639
1	2913	Normalized kNN (test)	1.0	0.004505615620585957	0.00368421052631579	0.005333424625115101	0.003187121036233725
1	100	Normalized kNN (test)	1.0	0.31396341645964376	0.27473684210526317	0.2900377407109115	0.23338198242559055
4	200	kNN (test)	1.0	0.46457347282072303	0.35631578947368425	0.3559182204745691	0.29781425378982895
1	100	kNN (full)	1.0	0.6116488522987302	0.44842105263157894	0.4980758241799606	0.39577527451722866
1	2913	kNN (full)	1.0	0.21322575764947344	0.15552631578947368	0.15963512159796595	0.12950488972333976
5	10	iMF (full)	1.0	0.808681399301597	0.5926315789473684	0.6784458382488378	0.5351928345952371
5	10	Popularity	0.9997368421052631	0.7550156736040963	0.5639473684210526	0.647448848667634	0.5082829150851285
4	200	Normalized kNN (test)	1.0	0.19440365759425338	0.1844736842105263	0.16117340841263064	0.14400123270552204
5	10	kNN (test)	0.9994736842105263	0.7901593306097702	0.5839473684210527	0.6699188598489157	0.5259167455037851
4	200	kNN (full)	1.0	0.5207734824156767	0.3860526315789473	0.3976812588145218	0.3284872149603203
5	2	Average Rating	0.8978947368421052	0.7813664237172822	0.5860526315789474	0.6871010942000049	0.536021544721393
5	10	Normalized kNN (test)	0.971842105263158	0.7098686162714337	0.5481578947368422	0.6390061521346941	0.4970279209296464
5	2	iMF (test)	0.903421052631579	0.825204689383057	0.5986842105263158	0.6980582407689905	0.5469918116912278
5	10	kNN (full)	0.9321052631578947	0.7945544153611461	0.5818421052631578	0.6540333168528937	0.5213698000463836
5	2	Normalized kNN (full)	0.5565789473684211	0.6042044297754614	0.4344736842105263	0.39166646709612524	0.34779406241630684
5	2	Random	0.903421052631579	0.6897642423683712	0.5302631578947369	0.6504653676940859	0.49567780990748933
5	2	iMF (full)	0.903421052631579	0.844149698117662	0.6115789473684211	0.7061098405974887	0.555866288531052
5	2	Popularity	0.8978947368421052	0.8200022332674209	0.6021052631578948	0.6997263872977578	0.5486183684042224
5	2	kNN (test)	0.8921052631578947	0.8438156715916981	0.6165789473684211	0.708881099388901	0.5593308243298574
5	2	Normalized kNN (test)	0.86	0.8123085689414138	0.5992105263157894	0.6905899973957431	0.5446012607434892
5	100	Average Rating	1.0	0.21790551838969766	0.19684210526315787	0.17657947638921626	0.1553270527497188
5	2	kNN (full)	0.8331578947368422	0.8244650288424024	0.6010526315789474	0.6731010226070911	0.5393673437897024
5	100	iMF (test)	1.0	0.4344596395744893	0.3481578947368421	0.37427578333200034	0.30255464723411046
3	1000	Average Rating	1.0	0.02779599134973026	0.026578947368421053	0.02022174852058963	0.017981707625163466
2	200	Average Rating	1.0	0.1337789940956994	0.12210526315789473	0.1069706668898729	0.0940705748044532
5	100	Normalized kNN (full)	0.6726315789473684	0.5082848248892546	0.37315789473684213	0.35778911713433914	0.30652340851472587
5	100	Random	1.0	0.11760874331144171	0.10736842105263159	0.08044370341863055	0.07711310549081389
3	1000	iMF (test)	1.0	0.09056539327260582	0.0781578947368421	0.08636453748799285	0.06740496189058455
3	1000	Normalized kNN (full)	0.9444736842105262	0.23487536116236174	0.18342105263157896	0.1998879250188662	0.15935311328380936
3	1000	Random	1.0	0.013686983572713229	0.012105263157894739	0.007281762453101306	0.007656608516860341
2	200	iMF (test)	1.0	0.2942580981667238	0.24078947368421053	0.2623670386650266	0.20755296362623515
2	200	Normalized kNN (full)	0.7405263157894736	0.4333620606933201	0.3236842105263158	0.3252986889477362	0.2705761051320572
2	200	Random	1.0	0.06816646863055745	0.060263157894736845	0.05160565701634982	0.04573057842833226
4	10	Average Rating	1.0	0.6343972697907854	0.5044736842105263	0.588497319688556	0.45798772405769134
5	100	iMF (full)	1.0	0.6447757233830563	0.4776315789473684	0.5116374871556238	0.41569133213966336
5	100	Popularity	1.0	0.5007444011607775	0.38421052631578945	0.39861841885721455	0.3270785060805817
4	10	iMF (test)	1.0	0.7551356927740664	0.5586842105263158	0.6557061809667848	0.5108427721585376
5	100	kNN (test)	1.0	0.5696224598868239	0.428421052631579	0.4466006353050887	0.3664320683097925
4	10	Normalized kNN (full)	0.5507894736842106	0.5693435963047014	0.4144736842105263	0.3648140388306876	0.33218524114742193
4	10	Random	1.0	0.46157852572877367	0.3721052631578948	0.4319319900412681	0.3347970254861815
3	1000	iMF (full)	1.0	0.3514180419775564	0.26026315789473686	0.256640234083411	0.21587207912367146
3	1000	Popularity	1.0	0.20354502964880694	0.16263157894736843	0.1451783928541395	0.12660844175778396
2	200	iMF (full)	1.0	0.5516192718081797	0.41026315789473683	0.4426979578475108	0.354143639423944
2	200	Popularity	1.0	0.3956962182930978	0.3078947368421053	0.3121273967807993	0.2568345297694017
3	1000	kNN (test)	1.0	0.2757887107404882	0.2036842105263158	0.1894679303934365	0.16225931516682332
2	200	kNN (test)	1.0	0.48026876143221575	0.3571052631578947	0.36832217740761064	0.30114579558060633
4	10	iMF (full)	1.0	0.7975625506487161	0.5768421052631578	0.6697573747940727	0.5246008583522964
5	100	Normalized kNN (test)	1.0	0.3039226269020703	0.2739473684210526	0.26694578332352076	0.22594788056334775
4	10	Popularity	1.0	0.7487974448160335	0.5534210526315789	0.6541853328481334	0.5064260653296235
5	100	kNN (full)	1.0	0.6167036507533203	0.4513157894736842	0.4733716969791256	0.38867244400713435
4	10	kNN (test)	0.9997368421052631	0.7843335909085132	0.5739473684210527	0.6653380075692722	0.5213812970750684
2	200	Normalized kNN (test)	1.0	0.21385999562160343	0.19026315789473683	0.18485774427451784	0.15432310531598084
3	1000	Normalized kNN (test)	1.0	0.04377749790723681	0.045000000000000005	0.03288775571545226	0.031283667876682436
2	200	kNN (full)	1.0	0.536544299481748	0.38868421052631574	0.4157621794981706	0.3332464000365652
3	1000	kNN (full)	1.0	0.3361686206797533	0.24394736842105263	0.2419864148490626	0.2013861501164166
3	100	Random	1.0	0.11862097094024636	0.10631578947368421	0.08573785242601564	0.07920166697549791
4	2	Average Rating	0.8971052631578946	0.7939800612666147	0.5889473684210527	0.6990777961065217	0.5436031918482392
4	10	Normalized kNN (test)	0.9752631578947369	0.7192041797892391	0.5489473684210526	0.6471480037449655	0.5012016930125699
4	2	iMF (test)	0.903157894736842	0.8253899081243321	0.5981578947368421	0.7105732340228818	0.553181339129825
4	10	kNN (full)	0.9244736842105263	0.7934218948344041	0.5728947368421052	0.6564928862275151	0.5175112603129245
4	2	Normalized kNN (full)	0.5423684210526316	0.5759318102752081	0.41868421052631577	0.3672680279694585	0.3352313305050703
4	2	Random	0.903157894736842	0.6707566861335855	0.521578947368421	0.6471063892514519	0.49029142619602584
3	100	iMF (full)	1.0	0.6300522597139122	0.47342105263157896	0.4974599606360313	0.41035705658943433
3	100	Popularity	1.0	0.48624362017544576	0.37526315789473685	0.3793394063401361	0.3166242502094147
3	100	kNN (test)	1.0	0.5664699644849971	0.42657894736842106	0.44534662596795	0.3669646319924875
4	2	iMF (full)	0.903157894736842	0.8395506318769622	0.6026315789473684	0.709454565349098	0.5545672760675223
4	2	Popularity	0.8971052631578946	0.8122321370640048	0.5889473684210527	0.7000401550122177	0.5440552043394036
4	2	kNN (test)	0.8913157894736842	0.8389713330143099	0.6021052631578948	0.7064061172226894	0.5525243366340061
3	100	Normalized kNN (test)	1.0	0.31300635115837155	0.2731578947368421	0.26988811025333137	0.22648562197399816
3	100	kNN (full)	1.0	0.6195900197560257	0.4560526315789474	0.47838765896979507	0.3938608693874596
3	100	iMF (test)	1.0	0.4208328758607942	0.34078947368421053	0.3624417699677763	0.2955928661468916
3	100	Normalized kNN (full)	0.6718421052631579	0.5066732697050945	0.37236842105263157	0.34891643592637533	0.30540088700947365
4	2	Normalized kNN (test)	0.8592105263157894	0.8224863776588806	0.5973684210526315	0.6994245639411659	0.548162838308656
4	2	kNN (full)	0.8318421052631579	0.826039669260211	0.5910526315789474	0.6783059330719716	0.5364027166115329
3	100	Average Rating	1.0	0.2317034693608859	0.20342105263157895	0.18458162392065164	0.1610193707418511
4	100	Average Rating	1.0	0.2152466052935172	0.19605263157894737	0.17344342736235546	0.15385722906801097
4	100	iMF (test)	1.0	0.41181332712410756	0.3336842105263158	0.3586843406558936	0.2890785418700351
4	100	Normalized kNN (full)	0.6560526315789474	0.48693390761738403	0.36736842105263157	0.34079115688734163	0.30243847161897586
4	100	Random	1.0	0.12191445144987001	0.1013157894736842	0.09520171148392297	0.08019563696247448
1	200	Average Rating	1.0	0.13559752823407592	0.12447368421052633	0.12048841250951205	0.10096074558622466
2	10	Average Rating	0.9992105263157894	0.6449068375337493	0.5068421052631579	0.5929928407261487	0.45896401130014697
1	200	iMF (test)	1.0	0.28474582577997376	0.23526315789473687	0.24479748931020184	0.20289257106570585
5	1000	Average Rating	1.0	0.019330340399158773	0.018157894736842106	0.013325288826641949	0.012402953451723327
1	200	Normalized kNN (full)	0.7386842105263157	0.4377922756418251	0.3281578947368421	0.3316355489792381	0.2769844769161608
1	200	Random	1.0	0.0657427431121606	0.057105263157894735	0.05096796083693009	0.04266051367418227
2	10	iMF (test)	1.0	0.759107799806541	0.5678947368421053	0.6633800970869564	0.5175094037590928
4	100	iMF (full)	1.0	0.6303722658021789	0.47184210526315795	0.5032455412254353	0.41161862712364133
4	100	Popularity	1.0	0.4805391961986261	0.3686842105263158	0.37865710989260637	0.313253157954751
5	1000	iMF (test)	1.0	0.09370639975361739	0.08105263157894738	0.08880315094304177	0.06981729984533981
2	10	Normalized kNN (full)	0.5518421052631579	0.5805419586708717	0.4139473684210527	0.3811080841415104	0.3333062291339981
2	10	Random	1.0	0.4572039338057595	0.3671052631578947	0.4334961755440729	0.3326396312981969
4	100	kNN (test)	1.0	0.5640105405987798	0.42710526315789477	0.44657662334150067	0.36700393908630524
5	1000	Normalized kNN (full)	0.9439473684210526	0.23017628342333687	0.17894736842105263	0.20064902640426366	0.15475027903078395
5	1000	Random	1.0	0.017212631775695986	0.015526315789473685	0.012833614958133338	0.011169721860896492
1	10	Average Rating	0.9997368421052631	0.6622406173495794	0.511578947368421	0.6158346765797924	0.47348605302593166
1	200	iMF (full)	1.0	0.5659893760339916	0.4205263157894737	0.4480051426457463	0.36581252381826695
1	200	Popularity	1.0	0.4004094583593614	0.30605263157894735	0.31034412483449075	0.2570802063200608
1	10	iMF (test)	1.0	0.7664824533158066	0.5694736842105264	0.6855143384286362	0.5299111111805007
1	200	kNN (test)	1.0	0.48823959136949174	0.36105263157894735	0.38708746349825224	0.31064200102657075
1	10	Normalized kNN (full)	0.5421052631578948	0.5751153199547288	0.41000000000000003	0.38017346864808543	0.33298177955134534
1	10	Random	1.0	0.46014357623941204	0.37394736842105264	0.45520195191466	0.34267888329162993
2	10	iMF (full)	1.0	0.7967124521036641	0.5836842105263158	0.671040538331324	0.5284105592539433
2	10	Popularity	0.9992105263157894	0.7533126519774273	0.5573684210526316	0.6510641765118669	0.5071032663316288
4	100	Normalized kNN (test)	1.0	0.3106546761413575	0.27631578947368424	0.26317228978705465	0.22370084803855483
5	1000	iMF (full)	1.0	0.35398124305744677	0.26921052631578946	0.2632177711828112	0.22007193925907487
5	1000	Popularity	1.0	0.20880537019637366	0.1723684210526316	0.1571983982125558	0.1343044447925894
4	100	kNN (full)	1.0	0.6077521869122274	0.4473684210526316	0.4739443061366164	0.38793173827542465
2	10	kNN (test)	0.9978947368421053	0.79751955553741	0.5836842105263158	0.6762585388087073	0.5302815463665718
5	1000	kNN (test)	1.0	0.2786923192805277	0.21052631578947367	0.19808207238197795	0.16688185551509208
1	200	Normalized kNN (test)	1.0	0.20174247597737763	0.18973684210526315	0.1841163463653846	0.15391798715026622
2	2	Average Rating	0.9002631578947369	0.8075352861743564	0.6007894736842105	0.7040151146252547	0.55142270387758
1	10	iMF (full)	1.0	0.809090407975596	0.5863157894736842	0.6960146146540812	0.5415278799266782
1	200	kNN (full)	1.0	0.5423052158126119	0.3957894736842105	0.4284971757253574	0.3443035929790633
1	10	Popularity	0.9997368421052631	0.7575907392481732	0.5518421052631579	0.6575694332292636	0.5092227435417944
2	10	Normalized kNN (test)	0.965	0.732203901885336	0.5497368421052632	0.6426648347283298	0.499317523323556
1	10	kNN (test)	0.9986842105263158	0.8016260635189405	0.583421052631579	0.6894099065586119	0.5374050515619316
2	10	kNN (full)	0.9289473684210526	0.7917929279458732	0.5752631578947368	0.6562401502630737	0.5188349652186305
2	2	iMF (test)	0.9052631578947369	0.8280788366784827	0.6094736842105263	0.7158198539318912	0.5601498569587398
5	1000	Normalized kNN (test)	1.0	0.026365381840893074	0.030526315789473683	0.024006521072294913	0.02231911058859375
2	2	Normalized kNN (full)	0.5431578947368422	0.5854944096208388	0.41605263157894734	0.38306820875308356	0.33540031713982693
5	1000	kNN (full)	1.0	0.34229586942899387	0.2505263157894737	0.2549596572431618	0.20739220471594766
2	2	Random	0.9052631578947369	0.6752348347252748	0.515	0.6427900470826987	0.4869912504714013
1	10	Normalized kNN (test)	0.9710526315789474	0.7348907299968812	0.5539473684210526	0.6554003690075368	0.5094850500488419
1	10	kNN (full)	0.9268421052631579	0.8011221661703967	0.5789473684210527	0.6769700721415216	0.5309542152665767
2	2	iMF (full)	0.9052631578947369	0.8406892128809517	0.6105263157894737	0.7142027302071273	0.5596758002404227
2	2	Popularity	0.9002631578947369	0.8181730863302891	0.6002631578947368	0.705744910548053	0.5517123470426002
2	2	kNN (test)	0.8944736842105263	0.8421179741490072	0.6102631578947368	0.7114359970580231	0.5587678119415023
2	2	Normalized kNN (test)	0.8610526315789473	0.8232681206864478	0.6042105263157894	0.6986150212421367	0.5504002009527775
2	2	kNN (full)	0.8381578947368421	0.820831519362005	0.595	0.6806857687628021	0.5396390102976555
3	0	Average Rating	0.8263157894736842	0.8589750390416097	0.6257894736842106	0.7247532092342829	0.5740685215842729
2	0	Average Rating	0.8305263157894738	0.8610983900809874	0.6228947368421053	0.725125022875028	0.571568738856945
3	0	iMF (test)	0.8323684210526316	0.8616164971545472	0.6297368421052632	0.7311819984472525	0.5784414681072026
2	0	iMF (test)	0.8350000000000001	0.8517643079761131	0.6186842105263157	0.7252991503049476	0.5685873565722299
3	0	Normalized kNN (full)	0.5405263157894737	0.5914794116063031	0.4213157894736842	0.37519800939693465	0.33732290323322534
3	0	Random	0.8323684210526316	0.7686633754146189	0.5744736842105264	0.6956622682157766	0.5389239577974776
2	0	Normalized kNN (full)	0.5413157894736842	0.5890691582170948	0.4192105263157895	0.38460745953075454	0.3373726266449529
2	0	Random	0.8350000000000001	0.7562437212613151	0.5639473684210526	0.685665001066362	0.5285457309172042
5	0	Average Rating	0.8281578947368421	0.8435407245348739	0.6121052631578947	0.7095653419369552	0.5587475900057778
4	1000	Average Rating	1.0	0.028266165105673206	0.02763157894736842	0.016603897411770836	0.018245217763920157
5	0	iMF (test)	0.8307894736842105	0.8490565498623146	0.6181578947368421	0.7156596321245406	0.564371689091843
3	0	iMF (full)	0.8323684210526316	0.8591552225626073	0.6278947368421053	0.726340818735607	0.5748786336509151
3	0	Popularity	0.8263157894736842	0.8444785902864391	0.6157894736842106	0.7163190447760351	0.5649412458779969
4	1000	iMF (test)	1.0	0.08205801987363491	0.07289473684210528	0.07393628721708621	0.06212015416569138
5	0	Normalized kNN (full)	0.5528947368421052	0.6074159891941308	0.43631578947368427	0.39248791894556306	0.348888133140549
5	0	Random	0.8307894736842105	0.765512160589428	0.5618421052631579	0.6835227151468333	0.52579107211385
2	0	iMF (full)	0.8350000000000001	0.8497434973572723	0.6152631578947368	0.7192775204267917	0.5637962319945496
4	1000	Normalized kNN (full)	0.9410526315789475	0.22663084191202576	0.18131578947368424	0.19318391215983216	0.15757371869983564
4	1000	Random	1.0	0.01981631560488622	0.01473684210526316	0.013218695622352596	0.011179981904747697
2	0	Popularity	0.8305263157894738	0.8364992752725708	0.6092105263157894	0.7169182223247433	0.5609116451592236
3	0	kNN (test)	0.8257894736842105	0.8625689316643017	0.6263157894736842	0.7237491434276784	0.573331663897527
2	0	kNN (test)	0.8286842105263157	0.8543213955084534	0.6173684210526316	0.7200352569183087	0.5659443125627953
5	0	iMF (full)	0.8307894736842105	0.8551201869530702	0.6186842105263157	0.713003141891072	0.5623881081575349
5	0	Popularity	0.8281578947368421	0.8364537808351722	0.6105263157894737	0.7078758115555916	0.556306167429442
4	1000	iMF (full)	1.0	0.338244529662137	0.2594736842105263	0.2481107419461393	0.2124037368815858
3	0	Normalized kNN (test)	0.813421052631579	0.8545371404817723	0.6221052631578947	0.706672062445571	0.5661602521338013
4	1000	Popularity	1.0	0.18726676105557052	0.15157894736842106	0.13327137825144306	0.11600588844637613
3	0	kNN (full)	0.8013157894736842	0.8351509860134048	0.6105263157894737	0.679422676714288	0.5503248883128611
1	2	Average Rating	0.8989473684210527	0.8158567536107344	0.598421052631579	0.7218930249395036	0.5593821097254723
5	0	kNN (test)	0.8278947368421053	0.8590098461675145	0.6247368421052631	0.7161719229971842	0.5665251429238177
2	0	Normalized kNN (test)	0.815	0.8531841570616999	0.6163157894736842	0.7092469339547346	0.5612775226281469
4	1000	kNN (test)	1.0	0.25079866828194763	0.19447368421052633	0.17608710381047757	0.15298543742637535
2	0	kNN (full)	0.8049999999999999	0.8310970322263704	0.6	0.6857733203151369	0.5442689194196929
1	2	iMF (test)	0.9036842105263158	0.8402009352866604	0.6063157894736843	0.7366531585171955	0.5689626022053633
1	2	Normalized kNN (full)	0.53	0.5829664021191288	0.41263157894736846	0.3814090251623937	0.33460813620964247
1	2	Random	0.9036842105263158	0.6879308766612157	0.5273684210526316	0.6655741659235489	0.5006442928140289
5	0	Normalized kNN (test)	0.8123684210526315	0.8504401926711885	0.6163157894736842	0.7036489431703683	0.5583993844311629
5	0	kNN (full)	0.8002631578947369	0.8337246764004707	0.6063157894736843	0.6771642071390512	0.5436630763328426
4	1000	Normalized kNN (test)	1.0	0.03600056441982683	0.04052631578947369	0.027663926588333426	0.027541307146233658
4	1000	kNN (full)	1.0	0.317940739386438	0.2355263157894737	0.22726328970725104	0.19267722849064806
1	2	iMF (full)	0.9036842105263158	0.8471041839206694	0.6105263157894737	0.7341339974950419	0.5685632593829251
1	2	Popularity	0.8989473684210527	0.8218697313959569	0.596578947368421	0.7195218863858821	0.5571181817918809
1	2	kNN (test)	0.8907894736842106	0.8473466359947011	0.6139473684210527	0.7312988043363648	0.5705880181743244
1	2	Normalized kNN (test)	0.8578947368421053	0.8252182555916898	0.6047368421052632	0.7107326644404006	0.5586005700935016
1	2	kNN (full)	0.8339473684210525	0.8306383863190249	0.5997368421052631	0.7007591457532278	0.5522514995857977
1	0	Average Rating	0.8305263157894738	0.8661031555302272	0.6223684210526316	0.7440215187226559	0.5810424461002878
1	0	iMF (test)	0.8331578947368422	0.8559391536573144	0.6152631578947368	0.744461466591084	0.5764685543776
1	0	Normalized kNN (full)	0.5273684210526316	0.5858710341950846	0.4142105263157895	0.3821455889014627	0.3355455076617198
4	0	Average Rating	0.828421052631579	0.8478084998715909	0.6131578947368421	0.7228862870284755	0.5660510897111667
1	0	Random	0.8331578947368422	0.7635507874420056	0.5560526315789474	0.6995201798054126	0.5305939207819952
4	0	iMF (test)	0.833421052631579	0.8530865949093027	0.613421052631579	0.7257800542044145	0.5679903262337135
4	0	Random	0.833421052631579	0.7590071143766173	0.5536842105263158	0.68364680496578	0.5226077506757576
4	0	Normalized kNN (full)	0.5392105263157895	0.5789759165141318	0.42	0.3677317740822321	0.33588602342986273
1	0	iMF (full)	0.8331578947368422	0.8568499412620768	0.6139473684210527	0.740222352721221	0.5732506753641038
4	0	kNN (full)	0.7981578947368422	0.8357662925799757	0.596842105263158	0.6852214633154229	0.5422071056823127
1	0	Popularity	0.8305263157894738	0.8405080140138159	0.6068421052631578	0.7305118030174192	0.5674323829691016
4	0	Popularity	0.828421052631579	0.8350948518209208	0.6005263157894737	0.7124418507238138	0.5555100175118294
1	0	kNN (test)	0.8292105263157895	0.861234398722788	0.621578947368421	0.7394538926690848	0.5782723216829225
4	0	kNN (test)	0.8276315789473684	0.8557304442843181	0.6126315789473684	0.7175460784932033	0.5627628481791561
4	0	iMF (full)	0.833421052631579	0.8494688917263835	0.6089473684210527	0.7171290018872789	0.5614354696846818
2	1000	Average Rating	1.0	0.031991949613408184	0.0318421052631579	0.024116387625592085	0.022170236482326557
4	0	Normalized kNN (test)	0.8123684210526315	0.8522243908453492	0.6094736842105263	0.7114115356044567	0.5592946178610476
1	0	Normalized kNN (test)	0.8157894736842105	0.8583947493954663	0.6186842105263157	0.7240350825613502	0.5716382205779729
1	0	kNN (full)	0.8034210526315789	0.8394823668366186	0.6036842105263158	0.704533337205051	0.5558744681353741
2	1000	iMF (test)	1.0	0.07906716760325329	0.06921052631578947	0.07187750738114108	0.059061992616327455
2	1000	Normalized kNN (full)	0.9460526315789474	0.2250697254214052	0.1794736842105263	0.1939035237778246	0.1537278632003173
2	1000	Random	1.0	0.015113734934978447	0.014473684210526316	0.011429274965492293	0.010689628960632608
3	500	Average Rating	1.0	0.06266202130192167	0.05973684210526316	0.04732006623329202	0.042357764800644
2	1000	iMF (full)	1.0	0.32951436203150164	0.25315789473684214	0.2508212829382987	0.21035240038651162
2	1000	Popularity	1.0	0.19227282275160282	0.15	0.14364284471750222	0.1199857833451764
2	1000	kNN (test)	1.0	0.26781066222685307	0.20394736842105263	0.1935283672114702	0.16337474231082777
3	500	iMF (test)	1.0	0.1618906313093001	0.13447368421052633	0.14637530009664548	0.1158012780983734
3	500	Normalized kNN (full)	0.8671052631578947	0.3303100121391686	0.2557894736842105	0.260529119387682	0.21653833451498067
3	500	Random	1.0	0.029238500018807394	0.02605263157894737	0.018398661115082884	0.018320506596823813
2	1000	Normalized kNN (test)	1.0	0.046042268385967325	0.04921052631578947	0.0354520074777173	0.03411144164414687
2	1000	kNN (full)	1.0	0.3224999423589292	0.2405263157894737	0.24309005032332442	0.198856286377782
3	500	iMF (full)	1.0	0.43340186132228037	0.32894736842105265	0.32494218901085364	0.2742907004589413
3	500	Popularity	1.0	0.28146732289734666	0.21947368421052632	0.2011514116009409	0.17512972232195387
3	500	kNN (test)	1.0	0.35916251609325484	0.2710526315789474	0.26122400991239386	0.22180865123625118
3	500	Normalized kNN (test)	1.0	0.09119148015978557	0.08842105263157896	0.07076469059767661	0.06482655330830168
3	500	kNN (full)	1.0	0.41940375057787693	0.3105263157894737	0.3164978069142445	0.2624592912757938
1	1000	Average Rating	1.0	0.026479593627408687	0.020263157894736844	0.014458466708019048	0.014393017849426858
1	1000	iMF (test)	1.0	0.10114276815085697	0.0818421052631579	0.09179212468047797	0.07241175762928403
1	1000	Normalized kNN (full)	0.9405263157894737	0.23110064165768132	0.17973684210526314	0.20563122043614115	0.15891914076296892
1	1000	Random	1.0	0.012598699422963492	0.012105263157894739	0.008851888571563866	0.0085476328978754
5	500	Average Rating	1.0	0.053295120604328325	0.05263157894736842	0.044106657161575386	0.039410228979193676
5	500	iMF (test)	1.0	0.15185582221718788	0.13526315789473684	0.13274248394769703	0.11127095089164289
1	1000	iMF (full)	1.0	0.3576664318543959	0.2652631578947368	0.263056453140626	0.22118571954473448
1	1000	Popularity	1.0	0.1978201686493153	0.15894736842105261	0.1458575311360947	0.12630923967699878
5	500	Normalized kNN (full)	0.8536842105263157	0.32885551345064507	0.2507894736842105	0.2659541310887044	0.21334223551237508
5	500	Random	1.0	0.02913135691473578	0.02710526315789474	0.018195321441411137	0.018292373586228663
1	1000	kNN (test)	1.0	0.2803621467403341	0.20578947368421052	0.19987837927118005	0.1674584997303804
5	500	iMF (full)	1.0	0.4436490041476632	0.3363157894736842	0.3436285338721047	0.28251302868564915
5	500	Popularity	1.0	0.29178256324718504	0.23157894736842105	0.21770083852415945	0.1846511892407254
1	1000	Normalized kNN (test)	1.0	0.03069755788939291	0.031842105263157894	0.028418066865276436	0.024514451169578535
5	500	kNN (test)	1.0	0.3693295639014739	0.28	0.2712228639877415	0.22709311435969953
1	1000	kNN (full)	1.0	0.3422889386779065	0.24526315789473685	0.2535305186913717	0.2058589148836947
5	500	Normalized kNN (test)	1.0	0.07685385499011793	0.0786842105263158	0.06525592751943259	0.059427537806217255
5	500	kNN (full)	1.0	0.43498830698314095	0.32052631578947366	0.3299898292398402	0.2691882309707603
4	500	Average Rating	1.0	0.05361312145941338	0.05131578947368421	0.03249010500819077	0.03474956520166218
4	500	iMF (test)	1.0	0.14551386326424473	0.1336842105263158	0.1293604689512685	0.11060730043579531
4	500	Normalized kNN (full)	0.861578947368421	0.31630856588102	0.24657894736842106	0.25196579173361794	0.21126350868292934
4	500	Random	1.0	0.030363205352619868	0.026578947368421053	0.0195451037673208	0.01847115450581047
4	500	iMF (full)	1.0	0.4328775445527016	0.33052631578947367	0.32454489021883737	0.2758141729916295
4	500	Popularity	1.0	0.26241863862812526	0.2113157894736842	0.19414118820834367	0.16665893741679985
4	500	kNN (test)	1.0	0.3352340274981968	0.2618421052631579	0.24703509710234717	0.21093568938725693
4	500	Normalized kNN (test)	1.0	0.0879239204865136	0.09289473684210528	0.0707894757747286	0.06767706742516894
4	500	kNN (full)	1.0	0.40434919380273254	0.3010526315789474	0.29715651526244025	0.25093065464124287
2	500	Average Rating	1.0	0.058759817491734576	0.05894736842105264	0.04337078568441346	0.041555856514253614
2	500	iMF (test)	1.0	0.17213251488627693	0.1455263157894737	0.15286917639679354	0.12189233082788373
2	500	Normalized kNN (full)	0.8799999999999999	0.3184172634863767	0.24526315789473685	0.2608102339614132	0.2084209852382232
2	500	Random	1.0	0.028909211420095365	0.024736842105263158	0.017842736739815603	0.016775382525810054
2	500	iMF (full)	1.0	0.4338508107158592	0.3231578947368421	0.32826821396236966	0.2703652824782605
2	500	Popularity	1.0	0.2712840188950137	0.21473684210526314	0.20506681488801287	0.17347862677003129
2	500	kNN (test)	1.0	0.35932484327345143	0.26868421052631575	0.26427844263135314	0.21937634654906718
2	500	Normalized kNN (test)	1.0	0.10168932242508848	0.10026315789473685	0.08838709056234229	0.07732926054775652
2	500	kNN (full)	1.0	0.4160635142985289	0.30394736842105263	0.3108403366453385	0.25379505298458555
1	500	Average Rating	1.0	0.06022960184382766	0.056578947368421055	0.046979900272590074	0.04314693470078303
1	500	iMF (test)	1.0	0.1528414972656418	0.13078947368421054	0.13375905480430092	0.11030798444761078
1	500	Normalized kNN (full)	0.8671052631578947	0.320272106876929	0.2418421052631579	0.2610193876870912	0.2092012263515832
1	500	Random	1.0	0.025653431999364026	0.02368421052631579	0.017079581224097844	0.016462374756611792
1	500	iMF (full)	1.0	0.43156144059633567	0.32105263157894737	0.3342153133519823	0.2752882553465683
1	500	Popularity	1.0	0.27236106055391807	0.2136842105263158	0.21430765404286786	0.17629882251261417
1	500	kNN (test)	1.0	0.36091136326400386	0.2639473684210526	0.2702139869998338	0.220627322735254
1	500	Normalized kNN (test)	1.0	0.08564428874733386	0.08578947368421053	0.07796670606551409	0.06690996520131293
1	500	kNN (full)	1.0	0.41420245715124293	0.30026315789473684	0.31236362929787187	0.2554946685128739
