fold	target size	recommender system	Coverage@10	nDCG@10	P@10	Recall@10	FScore@10
1	50	Average Rating	1.0	0.09470146358233096	0.052259259259259255	0.2121706311944779	0.07615181859715486
3	50	Average Rating	1.0	0.11947599899746143	0.05733333333333334	0.22518589549056495	0.08290943030409784
5	50	Average Rating	1.0	0.10389758076788311	0.05212962962962963	0.20250043524591863	0.07505335337329776
4	50	Average Rating	1.0	0.0654748153238687	0.033296296296296296	0.13310255720050843	0.04820763709666591
2	50	Average Rating	1.0	0.08998373238723889	0.04231481481481481	0.164427565694802	0.0608291687026236
1	50	iMF (test)	1.0	0.4089399876321856	0.13472222222222222	0.5473341427694204	0.19778033059478856
3	50	iMF (test)	1.0	0.40727462167497624	0.13355555555555557	0.5423146956301879	0.196272333492787
5	50	iMF (test)	1.0	0.3920245242534117	0.13177777777777777	0.5330001309519241	0.1930154679146427
4	50	iMF (test)	1.0	0.37051101560791333	0.12475925925925926	0.5167800326819746	0.18426350343900272
2	50	iMF (test)	1.0	0.39909143355674737	0.13316666666666668	0.5398494667518164	0.19576445593829245
1	50	Normalized kNN (full)	1.0	0.2708468077532176	0.0782962962962963	0.31621403975750095	0.1139488313606562
1	50	Random	1.0	0.07653584293894135	0.03351851851851852	0.12168717513825192	0.04723335233326415
3	50	Normalized kNN (full)	1.0	0.26885248351409413	0.07990740740740741	0.31488687416966166	0.11576318803606417
3	50	Random	1.0	0.07401736356470737	0.03261111111111111	0.12384611478230396	0.046355721873123035
5	50	Normalized kNN (full)	1.0	0.2659304482033041	0.08048148148148149	0.31945164555105476	0.11653890658047313
5	50	Random	1.0	0.07617865932146196	0.0330925925925926	0.12538204956251217	0.046631964076795505
4	50	Normalized kNN (full)	1.0	0.2505322902379116	0.07751851851851853	0.3111834615603412	0.11299418303579305
4	50	Random	1.0	0.07682983775907876	0.03381481481481481	0.13070030282340758	0.048387506321724075
2	50	Normalized kNN (full)	1.0	0.26781816571987854	0.08035185185185185	0.31948771790884245	0.11647116888615876
2	50	Random	1.0	0.0739010985585785	0.03264814814814815	0.12126544133933323	0.046322617910802465
1	50	iMF (full)	1.0	0.4096022712568652	0.13333333333333333	0.5421811035114728	0.19586402876031228
1	50	Popularity	1.0	0.3015699876919362	0.10140740740740742	0.4178007099769844	0.1495312323273478
3	50	iMF (full)	1.0	0.40773197959482205	0.13255555555555557	0.5372750570921443	0.19465533433588803
3	50	Popularity	1.0	0.3016775879679621	0.10216666666666667	0.42125732512856134	0.15097241508225737
5	50	iMF (full)	1.0	0.39298214656608127	0.13103703703703704	0.5268138729307404	0.19161059438400116
5	50	Popularity	1.0	0.2931269640507244	0.09912962962962964	0.40744718573409533	0.14575991913878575
4	50	iMF (full)	1.0	0.36829581934672057	0.12255555555555557	0.5072307699558195	0.1809260082116694
4	50	Popularity	1.0	0.2628477209844196	0.09527777777777778	0.398080900186821	0.14108597725289376
2	50	iMF (full)	1.0	0.39614533629315835	0.13105555555555556	0.5308070883536059	0.19238578821033978
2	50	Popularity	1.0	0.2872182169043682	0.09616666666666668	0.3924766008917528	0.1417124930836572
2	2	Average Rating	0.6072962962962963	0.45982632239913823	0.16496296296296298	0.655616317676198	0.24214318922552813
1	50	kNN (test)	1.0	0.39252158598589393	0.1287962962962963	0.5315198955595485	0.19019063102347702
3	50	kNN (test)	1.0	0.3921085908064479	0.1287037037037037	0.5279046372221236	0.18981648178735006
5	50	kNN (test)	1.0	0.37031904182160014	0.12275925925925925	0.5053947022689669	0.1805915504808564
4	50	kNN (test)	1.0	0.33047217880619306	0.11544444444444445	0.485058175676194	0.17130449219288849
2	50	kNN (test)	1.0	0.3763783280097864	0.12562962962962962	0.5155059255362624	0.185342528514448
2	2	iMF (test)	0.6072962962962963	0.5692160746757132	0.16977777777777778	0.6637027638408538	0.24746010870168217
2	2	Normalized kNN (full)	0.6072962962962963	0.5167753851598048	0.1648888888888889	0.6541069298690949	0.24152802501657178
2	2	Random	0.6072962962962963	0.4621582935151432	0.1625	0.6497946472146473	0.23881768738394954
2	2	iMF (full)	0.6072962962962963	0.5636916201927163	0.16914814814814813	0.6629577628446943	0.2467834012407023
2	2	Popularity	0.6072962962962963	0.5261877192104618	0.1660740740740741	0.6566361683763644	0.24318912695259096
2	2	kNN (test)	0.6072962962962963	0.5574901709914458	0.16833333333333333	0.6614605529537221	0.245882611477211
4	2	Average Rating	0.6077037037037036	0.5543934705955706	0.16483333333333333	0.6587569393962432	0.241833148707317
1	50	Normalized kNN (test)	1.0	0.15114106233700322	0.07135185185185186	0.30758022596486356	0.10630365672714412
4	50	Normalized kNN (test)	1.0	0.12101720068977294	0.05720370370370371	0.24021391893366556	0.08447723600228045
2	50	Normalized kNN (test)	1.0	0.13675011024660558	0.0652962962962963	0.27705815918865	0.09659005311209236
3	50	Normalized kNN (test)	1.0	0.1392316705051614	0.06475925925925925	0.27223434540224517	0.09590564078472097
5	50	Normalized kNN (test)	1.0	0.13383406850572335	0.06537037037037037	0.27655174998349924	0.09668047130223166
4	2	iMF (test)	0.6077037037037036	0.5717024593178107	0.16772222222222222	0.6620444609113862	0.24500061529395367
1	50	kNN (full)	1.0	0.3901956089794335	0.12451851851851851	0.5098851031802755	0.18318417272896118
4	50	kNN (full)	1.0	0.3365948295193732	0.11348148148148149	0.471505388019008	0.16770514727271363
2	50	kNN (full)	1.0	0.3729447245951411	0.12203703703703704	0.49486499726561517	0.17925138046662176
3	50	kNN (full)	1.0	0.39095217399711657	0.12531481481481482	0.5099597380343986	0.18409063168555811
5	50	kNN (full)	1.0	0.37165294526963616	0.12057407407407408	0.48944303784055254	0.17650677730318265
5	2	Average Rating	0.606037037037037	0.5268107832360467	0.16872222222222222	0.662535573483009	0.24577380812748856
4	1	Average Rating	0.5197037037037037	0.5633971347158155	0.16640740740740742	0.6616639814282853	0.24375245707202145
2	500	Average Rating	1.0	0.007667530529607824	0.0037407407407407407	0.013236392265106263	0.005145249255420576
1	2	Average Rating	0.6084074074074074	0.5650408085414362	0.1686851851851852	0.6663857442036584	0.24633291040953845
4	2	Normalized kNN (full)	0.6077037037037036	0.5136140244648175	0.16290740740740742	0.6526992349879086	0.2390569403596455
5	2	iMF (test)	0.606037037037037	0.5653828551625312	0.1708888888888889	0.6659393685451449	0.24801904759427884
4	2	Random	0.6077037037037036	0.4470541714518508	0.1600925925925926	0.6465643385906656	0.23569434652355076
4	1	iMF (test)	0.5197037037037037	0.5743905399852872	0.16801851851851854	0.6634680871106402	0.24544371209517135
2	500	iMF (test)	1.0	0.21298680476666762	0.07174074074074074	0.3031146424315027	0.10643145247418524
1	2	iMF (test)	0.6084074074074074	0.5699068213342885	0.16935185185185186	0.6676345475097375	0.247027318933295
5	1	Average Rating	0.5216296296296297	0.5715623174420827	0.17085185185185187	0.6662780163252067	0.2481992318198913
4	2	iMF (full)	0.6077037037037036	0.566809895911281	0.16742592592592592	0.6617157677615071	0.24471893224730756
4	2	Popularity	0.6077037037037036	0.5368448185997741	0.16446296296296298	0.6567447065244437	0.24130769929505522
4	0	Average Rating	0.42942592592592593	0.573270555392706	0.1675	0.6634666797587614	0.24505293228774994
5	1	iMF (test)	0.5216296296296297	0.5816864260840796	0.1723148148148148	0.6685269608124758	0.24970705285059724
4	0	iMF (test)	0.42942592592592593	0.5783938733879629	0.16864814814814816	0.6647528337235172	0.2462480771990793
2	2	Normalized kNN (test)	0.6072962962962963	0.4910895524855568	0.16620370370370371	0.6583536055489935	0.24362236352771682
5	2	Normalized kNN (full)	0.606037037037037	0.5139721424102772	0.16633333333333333	0.6561746283925085	0.24237638423227997
5	2	Random	0.606037037037037	0.4479167963696602	0.16387037037037036	0.6512940645915349	0.23965237068097373
4	1	Normalized kNN (full)	0.5197037037037037	0.5282316158613448	0.16435185185185186	0.6558774614344098	0.24085638491901817
2	500	Normalized kNN (full)	1.0	0.16854834908342625	0.05848148148148148	0.24309594304864185	0.08653544263823738
2	500	Random	1.0	0.008886775255027471	0.004055555555555556	0.015095403295783134	0.005682105852052403
4	1	Random	0.5197037037037037	0.490007531595341	0.16275925925925924	0.6525646025920491	0.239136314718951
4	2	kNN (test)	0.6077037037037036	0.5651935182392198	0.16733333333333333	0.6625817647114117	0.24478829868079988
5	0	Average Rating	0.4310740740740741	0.5773942801146915	0.17162962962962963	0.667890971271495	0.24914831636585405
1	2	Normalized kNN (full)	0.6084074074074074	0.515117741586722	0.16453703703703704	0.6582905476401174	0.2412918889979968
2	2	kNN (full)	0.6072962962962963	0.5574154548591287	0.16807407407407407	0.6613941548038939	0.24561225932602437
1	2	Random	0.6084074074074074	0.4545842522681091	0.16255555555555556	0.6529137213444391	0.23863899391388305
5	2	iMF (full)	0.606037037037037	0.5595731051771938	0.17092592592592593	0.6661443997318984	0.2481092880835626
5	2	Popularity	0.606037037037037	0.5102859976395152	0.16657407407407407	0.6590666465926923	0.24326169443201634
2	500	iMF (full)	1.0	0.22819388299112753	0.07516666666666667	0.31130091785782876	0.11074500792885589
2	500	Popularity	1.0	0.13559211706825258	0.05066666666666667	0.20948369861674135	0.07477648605987074
4	1	iMF (full)	0.5197037037037037	0.5696188088446901	0.16764814814814816	0.6624546823015913	0.2450289735267594
4	1	Popularity	0.5197037037037037	0.5371297731753155	0.1645185185185185	0.6569298917096289	0.24139020166922429
5	0	iMF (test)	0.4310740740740741	0.5851689633482156	0.1725	0.6691655498967399	0.24995481074104822
5	1	Normalized kNN (full)	0.5216296296296297	0.5340218609492471	0.16833333333333333	0.6614723854950042	0.2450471307119564
1	2	iMF (full)	0.6084074074074074	0.5635431619735287	0.16844444444444445	0.666327249738597	0.24604245880980252
5	1	Random	0.5216296296296297	0.4909626539785293	0.16662962962962966	0.6576814820324005	0.2429678760453605
1	2	Popularity	0.6084074074074074	0.5042386963568334	0.1634074074074074	0.6559314190238364	0.24016557576388364
4	0	Normalized kNN (full)	0.42942592592592593	0.5567141364269805	0.16657407407407407	0.659822150414638	0.24355148159520376
4	0	Random	0.42942592592592593	0.5321337074943807	0.16505555555555557	0.6574496076431547	0.241934404597681
5	1	iMF (full)	0.5216296296296297	0.5757830525734023	0.17192592592592593	0.668036430538454	0.24927083371166212
5	1	Popularity	0.5216296296296297	0.5497639084684994	0.16911111111111113	0.6632219611084127	0.24609779773965018
4	0	iMF (full)	0.42942592592592593	0.5738144015910094	0.1683888888888889	0.664300566926797	0.24595781319684862
4	0	Popularity	0.42942592592592593	0.5466374252230087	0.16594444444444445	0.6598415011906827	0.24311933132551253
5	2	kNN (test)	0.606037037037037	0.5517753523437355	0.16964814814814816	0.6646892212579956	0.24680701848045533
2	500	kNN (test)	1.0	0.22337710788754483	0.07155555555555557	0.29639399159117774	0.105645845138414
2	1	Average Rating	0.5192222222222223	0.530154382328644	0.16794444444444445	0.660880902229503	0.2455109239116142
4	1	kNN (test)	0.5197037037037037	0.5658979313699555	0.1674074074074074	0.6626989083702222	0.2448761146713936
2	1	iMF (test)	0.5192222222222223	0.5734208539105695	0.17027777777777778	0.6648242621090913	0.2480636577159321
1	2	kNN (test)	0.6084074074074074	0.5607066474260488	0.1681851851851852	0.665862309602356	0.2458376217292059
5	0	Normalized kNN (full)	0.4310740740740741	0.5588777865685824	0.17014814814814816	0.6648513812420556	0.2472071561722081
5	0	Random	0.4310740740740741	0.5312090247228207	0.1686851851851852	0.6606243421814397	0.24523479548305005
2	0	Average Rating	0.43042592592592593	0.5714390676644433	0.1696111111111111	0.6639933816387661	0.24745167136420693
5	1	kNN (test)	0.5216296296296297	0.5754987319079691	0.17185185185185184	0.6686126317896568	0.24933171728500425
5	0	iMF (full)	0.4310740740740741	0.5800292560612369	0.17227777777777778	0.6685464567776468	0.2496584643180892
2	0	iMF (test)	0.43042592592592593	0.5829887736679168	0.17099999999999999	0.6660138371892079	0.24894149768093152
4	0	kNN (test)	0.42942592592592593	0.5692304480635737	0.16794444444444445	0.664048722650592	0.24554265984855975
5	0	Popularity	0.4310740740740741	0.5528902362583454	0.16953703703703704	0.6639319846239917	0.24660636846188622
1	500	Average Rating	1.0	0.007553891927264	0.004370370370370371	0.015789326880867798	0.006007612573321509
4	100	Average Rating	1.0	0.02533558395896297	0.013407407407407408	0.05063932971988389	0.01897219749159338
2	1	Normalized kNN (full)	0.5192222222222223	0.5366396761705844	0.16674074074074074	0.6573263908208288	0.2437524458149435
2	100	Average Rating	1.0	0.042021732966396365	0.01988888888888889	0.07631362819615467	0.028338729490645916
2	1	Random	0.5192222222222223	0.4841783334324925	0.16468518518518518	0.6530181164354455	0.24133508001919873
1	500	iMF (test)	1.0	0.21394158288454962	0.07187037037037038	0.30578753903479766	0.1066645343193829
1	100	Average Rating	1.0	0.017715651911409218	0.010388888888888888	0.03599962380333633	0.014059141667109646
4	2	Normalized kNN (test)	0.6077037037037036	0.5560880293091216	0.16648148148148148	0.6618249492853069	0.24381790957563637
5	0	kNN (test)	0.4310740740740741	0.5772328799224096	0.17207407407407407	0.6689960827008855	0.24959995055672052
4	100	iMF (test)	1.0	0.33559877900392776	0.11212962962962963	0.46854158159372084	0.16597010423091277
2	1	iMF (full)	0.5192222222222223	0.5654915264676595	0.1696851851851852	0.6638925331535589	0.24739884027077674
2	100	iMF (test)	1.0	0.3430392034759509	0.11501851851851852	0.47144296846886175	0.16945272707192724
2	1	Popularity	0.5192222222222223	0.5278088962745071	0.16648148148148148	0.6573742636144597	0.24369224445390245
1	100	iMF (test)	1.0	0.34183853901777805	0.11383333333333334	0.4698746441511602	0.16783656909488381
5	100	Average Rating	1.0	0.018675576687550655	0.010907407407407409	0.03819352971862876	0.014817534854819701
3	100	Average Rating	1.0	0.044177488526515395	0.025500000000000002	0.0990244313262001	0.03631991030521758
2	0	Normalized kNN (full)	0.43042592592592593	0.5605966801415219	0.1682962962962963	0.6604194919619678	0.2456304198675446
2	0	Random	0.43042592592592593	0.5343241390944913	0.16661111111111113	0.6568048077316317	0.24360379984906858
4	2	kNN (full)	0.6077037037037036	0.5611406643086604	0.1666851851851852	0.6615309308786648	0.2439620906120562
5	0	kNN (full)	0.4310740740740741	0.5749358731690623	0.17135185185185187	0.6673190199857252	0.24867002038534208
5	100	iMF (test)	1.0	0.32498757619927854	0.11198148148148149	0.4585272155108607	0.16430991673647632
3	100	iMF (test)	1.0	0.33459788359581705	0.11401851851851853	0.46451760263404146	0.16766811032531917
2	0	iMF (full)	0.43042592592592593	0.5761087403282518	0.17053703703703704	0.6655570451056395	0.24844495728749402
2	0	Popularity	0.43042592592592593	0.552964121271531	0.16842592592592592	0.6606303330496057	0.2459153256842071
5	2	Normalized kNN (test)	0.606037037037037	0.5378521361328569	0.16955555555555557	0.6643547134850437	0.2467342750674095
1	500	Normalized kNN (full)	1.0	0.16125080181787024	0.05642592592592592	0.23941615080496637	0.08389955277675677
2	1	kNN (test)	0.5192222222222223	0.5603491811815524	0.16905555555555554	0.6628275292468679	0.24674226819007727
1	500	Random	1.0	0.008316140284190273	0.0037222222222222227	0.0139251221097585	0.005095168935971097
4	1	Normalized kNN (test)	0.5197037037037037	0.5625767758247998	0.16674074074074074	0.662285199940002	0.24413143331094375
2	500	Normalized kNN (test)	1.0	0.005486309192736173	0.0023703703703703703	0.009787194052710557	0.003351665431579727
4	100	Normalized kNN (full)	1.0	0.2318709122556609	0.07024074074074074	0.2841175589824847	0.1026075664117639
4	100	Random	1.0	0.03766382622413588	0.01711111111111111	0.06271554123901536	0.024058827203796738
2	100	Normalized kNN (full)	1.0	0.23714545489291633	0.07153703703703704	0.2867522476273446	0.10411830603370016
2	100	Random	1.0	0.03701744134986002	0.01718518518518519	0.06195770744661155	0.02391644703173901
1	100	Normalized kNN (full)	1.0	0.23635482184381287	0.07001851851851852	0.2855143821553372	0.10229499747043731
1	100	Random	1.0	0.03939556616165931	0.017777777777777778	0.06804787251376167	0.02517668157502749
1	500	iMF (full)	1.0	0.22086322286378593	0.07377777777777779	0.30712084782086635	0.10877476958327006
1	500	Popularity	1.0	0.12083247512476739	0.045814814814814815	0.19198395083056177	0.0676216940182512
5	2	kNN (full)	0.606037037037037	0.5525169135413721	0.16905555555555554	0.6629212032720587	0.24592265359781074
1	2	Normalized kNN (test)	0.6084074074074074	0.5698682556133771	0.16874074074074075	0.6665470745329587	0.2463281567832588
4	1	kNN (full)	0.5197037037037037	0.5641894370455053	0.1672962962962963	0.6629358397557958	0.24475701674237965
4	100	iMF (full)	1.0	0.34215021422696495	0.11125925925925927	0.46146672211879386	0.1642531767502812
4	100	Popularity	1.0	0.2497740075446126	0.08738888888888889	0.3668642507412455	0.12950464216218036
2	0	kNN (test)	0.43042592592592593	0.5733611116945404	0.17035185185185184	0.6652206747313707	0.2482617052231666
2	500	kNN (full)	1.0	0.22867516154516238	0.0745925925925926	0.30800605685571125	0.10987055147407251
5	1	Normalized kNN (test)	0.5216296296296297	0.5703007612083674	0.17125925925925928	0.6680279082399379	0.24879984223720497
2	100	iMF (full)	1.0	0.3454019098260576	0.11411111111111112	0.46536787481327246	0.167718921311847
2	100	Popularity	1.0	0.2575468713769688	0.08970370370370372	0.3678660383818875	0.13236878009792186
1	100	iMF (full)	1.0	0.34211535393018955	0.11322222222222222	0.46310665225064634	0.16649782439517583
5	100	Normalized kNN (full)	1.0	0.22765919031701948	0.07192592592592593	0.28654587492424094	0.1044483537231151
1	100	Popularity	1.0	0.22919110699567738	0.08296296296296296	0.34879145438646614	0.1229778490158666
5	100	Random	1.0	0.04115744624470869	0.018444444444444447	0.07055089898450453	0.025872605217268113
3	100	Normalized kNN (full)	1.0	0.23219486964716304	0.07177777777777779	0.2810337491872619	0.10404060497621248
3	100	Random	1.0	0.03800424923860826	0.016703703703703703	0.0622002633488726	0.023359783066369953
4	0	Normalized kNN (test)	0.42942592592592593	0.5788152991657083	0.168	0.6646047474192717	0.24562263824329897
2	10	Average Rating	0.9997222222222222	0.43177450810525103	0.15314814814814814	0.6176226760297786	0.22540963698993247
1	2	kNN (full)	0.6084074074074074	0.5575693667837399	0.16775925925925925	0.6641177195972268	0.24515968767446508
5	100	iMF (full)	1.0	0.32849465268608374	0.11166666666666666	0.4539019551411684	0.16344013753480627
5	100	Popularity	1.0	0.23648410363090408	0.08248148148148149	0.34291443126504784	0.12145377541625231
1	1	Average Rating	0.522074074074074	0.5759216943954214	0.1696111111111111	0.6682786280687645	0.24745770466285869
3	100	iMF (full)	1.0	0.3385292780986353	0.11287037037037037	0.4568763269918037	0.16551018771055853
5	1	kNN (full)	0.5216296296296297	0.5692522811590828	0.17077777777777778	0.6665370100717707	0.2480288398535957
3	100	Popularity	1.0	0.24634584785326727	0.08588888888888889	0.35409991815606096	0.12694555591122958
1	500	kNN (test)	1.0	0.20447017191130604	0.06774074074074074	0.28527502691771295	0.10022156081157174
2	1000	Average Rating	1.0	0.0022192007085439854	0.0010925925925925927	0.004089205276237851	0.001502672058636111
2	10	iMF (test)	0.9997222222222222	0.53488401473748	0.16174074074074074	0.6399337742021718	0.23651151298065548
5	0	Normalized kNN (test)	0.4310740740740741	0.5851422845931541	0.1722037037037037	0.6694392204151388	0.2498193420261757
4	100	kNN (test)	1.0	0.3153591950709836	0.10766666666666666	0.45044616374400664	0.15947931018127182
1	1	Random	0.522074074074074	0.48620924914610364	0.16462962962962963	0.6576294322863647	0.24133899571687067
4	0	kNN (full)	0.42942592592592593	0.5700017745407905	0.16792592592592595	0.6641542841200736	0.2455090377771234
1	0	Average Rating	0.4339074074074074	0.5766756694575503	0.1696666666666667	0.6683897391798755	0.24752913323428727
2	100	kNN (test)	1.0	0.32451337282345066	0.11009259259259259	0.4527455215775549	0.16243115582020737
1	100	kNN (test)	1.0	0.31959511345673364	0.10572222222222222	0.4422528663874806	0.156397722763294
1	1	iMF (test)	0.522074074074074	0.5796903899934686	0.17042592592592593	0.6690093265747189	0.24822260960652465
2	1000	iMF (test)	1.0	0.1485283359911546	0.05192592592592593	0.2207807937258934	0.07723026047833409
1	0	iMF (test)	0.4339074074074074	0.5859371003766558	0.1712037037037037	0.6709997449152127	0.24919254878712935
1	200	Average Rating	1.0	0.012324155134070688	0.006666666666666667	0.02368387374098976	0.009026332708698143
1	1	iMF (full)	0.522074074074074	0.5707240325243729	0.17005555555555557	0.6692928965532021	0.24791838163732396
1	1	Popularity	0.522074074074074	0.5207580825228942	0.16624074074074074	0.6613736541630745	0.24351487106398476
5	100	kNN (test)	1.0	0.30323083057207567	0.10198148148148149	0.4233517866045571	0.1501135041873088
3	100	kNN (test)	1.0	0.31685935512132724	0.10737037037037038	0.44394681437300976	0.1585202335924626
1	200	iMF (test)	1.0	0.29149556316832914	0.09859259259259259	0.409893850959863	0.14557023360278
2	10	Normalized kNN (full)	0.9997222222222222	0.4128622002042484	0.13155555555555556	0.5396499510487326	0.19365114764996438
2	10	Random	0.9997222222222222	0.26560240770015187	0.11196296296296297	0.46885867095873573	0.1659590504438529
1	1	kNN (test)	0.522074074074074	0.5704475796563983	0.1700185185185185	0.6688372938854544	0.2478800191803125
1	1	Normalized kNN (full)	0.522074074074074	0.5357293344024	0.1670185185185185	0.6619498459035823	0.2441215234862811
2	1000	Normalized kNN (full)	1.0	0.11228772238223295	0.04359259259259259	0.18716578344596707	0.06517057797198568
2	1000	Random	1.0	0.004139524786782668	0.001851851851851852	0.007416774218061967	0.0025914886408427247
2	1	Normalized kNN (test)	0.5192222222222223	0.5420050206001772	0.16874074074074075	0.6623609042280366	0.2464483752460353
1	0	Random	0.4339074074074074	0.533080245784678	0.16687037037037036	0.66208148397633	0.24398539387183354
2	10	iMF (full)	0.9997222222222222	0.5296126927285579	0.16103703703703703	0.6373683117691481	0.23552413687108045
2	10	Popularity	0.9997222222222222	0.4566415222764114	0.14644444444444446	0.5988554336662907	0.21638588602727676
1	0	Normalized kNN (full)	0.4339074074074074	0.5607148200327987	0.16844444444444445	0.6642312107916724	0.24578160933214943
2	1000	iMF (full)	1.0	0.1662568306419722	0.05627777777777778	0.23414755182549205	0.08295822677576356
1	0	iMF (full)	0.4339074074074074	0.5806312034688182	0.17085185185185187	0.6704588165905141	0.24886841439054652
2	1000	Popularity	1.0	0.09404217940217928	0.035555555555555556	0.149218629085167	0.05255417136159949
1	200	Normalized kNN (full)	1.0	0.20615595639718765	0.06477777777777778	0.2663944171654866	0.09507260913677404
1	200	Random	1.0	0.020313773768436773	0.009092592592592593	0.03372374677393755	0.012736840009048001
2	10	kNN (full)	0.9997222222222222	0.5148104234407281	0.15661111111111112	0.6247853786439481	0.22965397735503632
2	10	kNN (test)	0.9997222222222222	0.5261203289295213	0.16018518518518518	0.6399748357388382	0.23495854707975253
2	0	kNN (full)	0.43042592592592593	0.5729489281935496	0.17007407407407407	0.6645890921179661	0.24791467294645314
2	1	kNN (full)	0.5192222222222223	0.562357346486169	0.1688148148148148	0.6625082471497113	0.24647590617317536
2	0	Normalized kNN (test)	0.43042592592592593	0.5791434980412645	0.1701111111111111	0.6647050025894881	0.24801936558318335
1	1	kNN (full)	0.522074074074074	0.566847191389544	0.16935185185185186	0.6672281995574875	0.24700734883825792
1	200	iMF (full)	1.0	0.29352956592002766	0.09816666666666667	0.40482625052446347	0.14446989162411825
1	200	Popularity	1.0	0.1777697572116001	0.06822222222222223	0.2875035257478156	0.1010575785994843
4	5	Average Rating	0.842037037037037	0.5257672973235474	0.1595925925925926	0.6471798963261447	0.23506906552216436
2	1000	kNN (test)	1.0	0.1532753320749501	0.0515925925925926	0.21556275453449938	0.07616570969422301
1	500	Normalized kNN (test)	1.0	0.005139900436492054	0.002277777777777778	0.009588635514702583	0.0032200956461772884
4	5	iMF (test)	0.842037037037037	0.5571926370985868	0.1658703703703704	0.6583311944100221	0.2427307681157969
4	10	Average Rating	0.9997037037037036	0.4144622854760639	0.14162962962962963	0.5823736263431306	0.20911408381171412
2	100	Normalized kNN (test)	1.0	0.04370590931614656	0.021592592592592594	0.08966715518548676	0.03172008935986607
1	100	Normalized kNN (test)	1.0	0.05327506889312658	0.026814814814814816	0.11294699215298105	0.03938442210153933
4	100	Normalized kNN (test)	1.0	0.06642472040213168	0.031259259259259264	0.13424147973645092	0.04635307255127708
1	500	kNN (full)	1.0	0.21467868850563682	0.07185185185185185	0.300486584455228	0.10621451798344649
1	200	kNN (test)	1.0	0.26153625154700166	0.08927777777777778	0.3717075053739912	0.1318772354842264
4	10	iMF (test)	0.9997037037037036	0.5308835911378255	0.1603888888888889	0.6432649415703774	0.23537933147845677
4	1000	Average Rating	1.0	0.0018997901492690526	9.074074074074074E-4	0.003582561153976333	0.0012493062751408781
5	5	Average Rating	0.8372962962962962	0.5028607460530916	0.16464814814814815	0.6543157710148405	0.24078687286785835
2	100	kNN (full)	1.0	0.32645458294563506	0.10725925925925926	0.4367777328703373	0.15760217521360753
4	500	Average Rating	1.0	0.009265400256109342	0.004296296296296297	0.017172480572505436	0.006045151898897924
1	100	kNN (full)	1.0	0.32389269808172605	0.10437037037037038	0.4307416420728258	0.15372256074488122
4	100	kNN (full)	1.0	0.31769648442052206	0.10505555555555557	0.43544056927445074	0.15500811945983756
2	5	Average Rating	0.839574074074074	0.44396431583431833	0.15974074074074074	0.6429128950699976	0.23524619767862295
4	1000	iMF (test)	1.0	0.15016500459882975	0.05270370370370371	0.22647783200447094	0.07875840148628739
5	5	iMF (test)	0.8372962962962962	0.5485480536082188	0.1683148148148148	0.6590197773186101	0.24464483899425504
5	100	Normalized kNN (test)	1.0	0.04797366094464325	0.025018518518518516	0.10188857878934891	0.036515328409481226
3	100	Normalized kNN (test)	1.0	0.0674607371433688	0.03214814814814815	0.13343314877477058	0.04697638547108796
2	5	Random	0.839574074074074	0.3736970704573946	0.15072222222222223	0.6182177608288247	0.22319899522280948
4	500	iMF (test)	1.0	0.20704838524867825	0.069	0.2959683994304784	0.10289746559441318
1	1000	Average Rating	1.0	8.384406204741109E-4	4.814814814814815E-4	0.0017425879036134036	6.506285926895076E-4
2	5	iMF (test)	0.839574074074074	0.5498603627577496	0.16714814814814816	0.6581368363852018	0.24421320161755328
4	5	Normalized kNN (full)	0.842037037037037	0.4710648159693723	0.15388888888888888	0.6299849797014553	0.22729395991449472
5	10	Average Rating	0.9995185185185185	0.3176792049909641	0.14374074074074075	0.5967819991814456	0.21280159006461838
4	5	Random	0.842037037037037	0.36814075810656305	0.14855555555555555	0.6189323614015639	0.22069289915462806
2	5	iMF (full)	0.839574074074074	0.5458168371712643	0.16651851851851854	0.6571713727215067	0.2434394222356663
1	1000	iMF (test)	1.0	0.1579117541058591	0.053981481481481484	0.23215318050005582	0.08047053802791365
5	100	kNN (full)	1.0	0.31121155632853126	0.1035	0.4235122172104053	0.15168571483674848
3	100	kNN (full)	1.0	0.3230209144759978	0.10674074074074073	0.4330522025718519	0.15672275010860973
2	5	kNN (full)	0.839574074074074	0.5343964626210045	0.16433333333333333	0.6526497452444258	0.24082316759899994
5	10	iMF (test)	0.9995185185185185	0.5349846530262704	0.16314814814814815	0.6445622860170491	0.23780070138145817
4	10	Normalized kNN (full)	0.9997037037037036	0.40690358195174947	0.13	0.539976121606129	0.19215189153488246
4	5	iMF (full)	0.842037037037037	0.5517088097445607	0.16501851851851854	0.6562772058957652	0.24166971901426842
4	10	Random	0.9997037037037036	0.2632174822294461	0.11172222222222224	0.4744166238046727	0.1659659656908894
1	10	Average Rating	0.9998703703703704	0.3810783467770828	0.1509074074074074	0.6178838239665619	0.22258283668127293
4	5	Popularity	0.842037037037037	0.5060401393519162	0.15992592592592594	0.647415122332349	0.2356365670199688
2	10	Normalized kNN (test)	0.9997222222222222	0.4347123720964442	0.15196296296296297	0.6194323101699301	0.22430492141201197
4	1000	Normalized kNN (full)	1.0	0.10959790706047405	0.042074074074074076	0.18035429227424582	0.06326810582005964
4	10	iMF (full)	0.9997037037037036	0.5259457829758895	0.15825925925925927	0.6348120570162044	0.23233032438288181
4	1000	Random	1.0	0.004196441594299495	0.0020185185185185184	0.0068451519804114515	0.002737522651768659
4	10	Popularity	0.9997037037037036	0.45165303889000463	0.13992592592592593	0.5872365965467093	0.2079847615210582
1	10	iMF (test)	0.9998703703703704	0.5452925333537706	0.16346296296296298	0.6504539400887769	0.23892138708390323
5	5	Normalized kNN (full)	0.8372962962962962	0.47198825791002297	0.15746296296296297	0.6350947699590173	0.23092705821305004
5	5	Random	0.8372962962962962	0.3796958441258687	0.1515	0.6204621421877545	0.2233220837493027
4	5	kNN (full)	0.842037037037037	0.5406650511944211	0.16362962962962962	0.6550787666253309	0.24016170857051047
4	500	Normalized kNN (full)	1.0	0.15907942247559587	0.05594444444444445	0.23538885447340868	0.08331433388591938
4	500	Random	1.0	0.007829259854262265	0.00362962962962963	0.012922583236496091	0.004925123983005364
4	1000	iMF (full)	1.0	0.16354367942325648	0.05444444444444444	0.2303407420866075	0.08066108719588792
4	1000	Popularity	1.0	0.0911746035415355	0.033944444444444444	0.14434085066040483	0.050253400276762256
4	5	kNN (test)	0.842037037037037	0.5464801764358821	0.16466666666666668	0.657348465346168	0.24154524050519693
5	5	iMF (full)	0.8372962962962962	0.5451719635979684	0.16746296296296298	0.6579425949362468	0.2436632892854531
1	1000	Normalized kNN (full)	1.0	0.11441535119031888	0.04377777777777778	0.189519685697383	0.06545611624652946
1	1000	Random	1.0	0.003780029323095077	0.0017407407407407408	0.006114687160157655	0.002305916796563437
1	1	Normalized kNN (test)	0.522074074074074	0.5828193552642021	0.17005555555555557	0.668663687344016	0.24782755629264147
1	0	Popularity	0.4339074074074074	0.5523323927997482	0.16853703703703704	0.6653878133360343	0.24614359585249548
5	5	Popularity	0.8372962962962962	0.4762756418344392	0.15709259259259262	0.6380722645340945	0.23130705327239015
4	500	iMF (full)	1.0	0.22173889153414716	0.0729074074074074	0.3088496324451672	0.10818202142019692
4	500	Popularity	1.0	0.12701752506652667	0.04724074074074074	0.2003598614424691	0.0701413096620095
2	1000	Normalized kNN (test)	1.0	0.002309469446518456	8.148148148148149E-4	0.0033626807268972827	0.001155687107995907
5	10	Normalized kNN (full)	0.9995185185185185	0.40871502793794096	0.13266666666666665	0.5389479267884756	0.194343953366162
5	10	Random	0.9995185185185185	0.281987324938882	0.11277777777777778	0.4742457279057602	0.16686093799364898
4	10	kNN (test)	0.9997037037037036	0.5219331926930896	0.157	0.6354973666938997	0.2311274418752392
1	1000	iMF (full)	1.0	0.1694656781599134	0.056629629629629634	0.23830290133394919	0.08363052720523104
1	1000	Popularity	1.0	0.09195953854188141	0.034722222222222224	0.1456492362291674	0.05123638899641386
1	10	Random	0.9998703703703704	0.27315212111133863	0.11320370370370372	0.4755705748831804	0.16744415003125426
5	5	kNN (full)	0.8372962962962962	0.5352682282212451	0.16483333333333333	0.6529497192519637	0.24049287869148786
5	10	iMF (full)	0.9995185185185185	0.5280414602490685	0.16096296296296297	0.6367970409018039	0.23458888822889604
1	10	Normalized kNN (full)	0.9998703703703704	0.411730613603757	0.1297037037037037	0.5338427097136565	0.19073680314835267
4	1000	kNN (test)	1.0	0.14743104719595573	0.050277777777777775	0.21329419757130003	0.07453065507309738
2	1000	kNN (full)	1.0	0.16148652815472303	0.05475925925925926	0.22787859389155407	0.08062535976524765
5	10	Popularity	0.9995185185185185	0.4540620271280683	0.1456851851851852	0.5958557575536987	0.21462440998522264
1	200	Normalized kNN (test)	1.0	0.01892056404990012	0.009425925925925926	0.038901061211041296	0.013635397022296684
1	10	Popularity	0.9998703703703704	0.47236975661045866	0.14957407407407408	0.6104496279971338	0.22049320725264385
1	10	iMF (full)	0.9998703703703704	0.538579974836347	0.16177777777777777	0.6425475750805256	0.23634260311568298
5	5	kNN (test)	0.8372962962962962	0.5386452868408366	0.16585185185185186	0.6557180873779566	0.24196700841301727
1	20	Average Rating	1.0	0.26639103062083036	0.1109814814814815	0.45847139702166473	0.16352090343096812
1	20	Random	1.0	0.15605537274840747	0.06905555555555556	0.2736790348804229	0.10036138723683265
1	0	kNN (test)	0.4339074074074074	0.5753915066747919	0.17046296296296296	0.6698647977601805	0.24843344319740182
4	500	kNN (test)	1.0	0.2115324264676971	0.0692037037037037	0.29549547703484913	0.10276534999729209
1	10	kNN (full)	0.9998703703703704	0.5212450474761405	0.15683333333333332	0.6287269297449479	0.2297176420417709
1	1000	kNN (test)	1.0	0.15412736513544759	0.051500000000000004	0.21879059812917426	0.07623942016836786
1	20	iMF (full)	1.0	0.5024506111445427	0.15314814814814814	0.6131332654558926	0.2242761096118591
1	20	Popularity	1.0	0.42970571760990517	0.13146296296296295	0.5431383727788169	0.1943332077262274
1	200	kNN (full)	1.0	0.27341557600396577	0.09131481481481482	0.3780912037204927	0.13451821062237954
1	20	iMF (test)	1.0	0.5080304810843393	0.15483333333333335	0.6204989856134275	0.22674150176612964
5	10	kNN (test)	0.9995185185185185	0.5248171640455381	0.15925925925925927	0.6343139901891371	0.23268092160330642
1	20	kNN (full)	1.0	0.4887100687249552	0.1471851851851852	0.5905292233659996	0.21564000215826568
4	200	Average Rating	1.0	0.014802609233561479	0.006111111111111111	0.02302147298109464	0.008462998921486596
5	10	kNN (full)	0.9995185185185185	0.5156165141582593	0.15672222222222223	0.6243579449120613	0.22883096112180457
4	200	iMF (test)	1.0	0.2891240892834616	0.09651851851851853	0.40794313145451044	0.14330662048199638
1	1000	kNN (full)	1.0	0.16282769868855426	0.05496296296296296	0.23301614406342833	0.08144183744067203
1	20	Normalized kNN (full)	1.0	0.34846214459695435	0.10257407407407407	0.415753400957821	0.1498033816879507
2	20	Average Rating	1.0	0.2465242337661484	0.10803703703703703	0.4547724229409436	0.16034846999929672
4	5	Normalized kNN (test)	0.842037037037037	0.49684878897254725	0.16177777777777777	0.6531299406987622	0.23816570095208953
2	20	Random	1.0	0.15791787848819666	0.06898148148148148	0.27234755103083913	0.10000660709638345
4	200	Random	1.0	0.019610191538160845	0.009370370370370371	0.03398820518956992	0.01312357531319597
2	20	iMF (test)	1.0	0.49324516980777	0.15127777777777776	0.6059902925033658	0.22183779301238465
1	5	Average Rating	0.8435740740740741	0.542428396841645	0.1647962962962963	0.6578917729918509	0.24137204734065584
4	200	iMF (full)	1.0	0.2936594777705784	0.09696296296296297	0.40482831300407557	0.143326891909716
2	20	iMF (full)	1.0	0.49294696865483156	0.14972222222222223	0.6016560940803152	0.21975666954243075
1	5	iMF (test)	0.8435740740740741	0.5649844016974704	0.16785185185185184	0.6640036751921955	0.24505002479846313
2	20	Popularity	1.0	0.4133187140750651	0.12261111111111112	0.5092367770321533	0.1814955058877749
5	5	Normalized kNN (test)	0.8372962962962962	0.5038119247812336	0.16544444444444445	0.6558052155272631	0.2416495274183745
4	1000	Normalized kNN (test)	1.0	0.0026257366231163463	0.0010555555555555557	0.0042900112887971015	0.0015024896727109777
4	200	kNN (full)	1.0	0.2746134816354447	0.09205555555555556	0.3842082437178171	0.1359918910167757
4	200	Popularity	1.0	0.20188646839505647	0.07457407407407407	0.3153243312580649	0.11064494136315438
2	20	kNN (full)	1.0	0.4788645260415162	0.1441851851851852	0.579489434061739	0.21158555428692832
2	20	Normalized kNN (full)	1.0	0.343214474791027	0.1015925925925926	0.4080161870201189	0.1481380912919591
2	5	Popularity	0.839574074074074	0.48879974889097877	0.15966666666666668	0.641649056631132	0.2349551240654557
2	200	Average Rating	1.0	0.014490416562442513	0.00662962962962963	0.02328865414234072	0.009042675129037336
1	0	Normalized kNN (test)	0.4339074074074074	0.5846914351920744	0.17020370370370372	0.6689243495213448	0.2480120801021653
1	0	kNN (full)	0.4339074074074074	0.5753553879375684	0.17016666666666666	0.668740491792002	0.2479963954574645
2	200	Random	1.0	0.02029891211196674	0.009722222222222222	0.03427965923832643	0.013342152443475584
4	10	Normalized kNN (test)	0.9997037037037036	0.4455525480668962	0.14901851851851852	0.6164459026991576	0.2208250494451746
5	20	Average Rating	1.0	0.21991962197834755	0.09912962962962964	0.4084041761553293	0.14549552468925542
4	10	kNN (full)	0.9997037037037036	0.5095332825474027	0.1534814814814815	0.622333339050956	0.2258061550638948
4	500	kNN (full)	1.0	0.21552656456797128	0.07233333333333333	0.3041872593691865	0.10702553458074322
3	20	Average Rating	1.0	0.27973288979360683	0.09142592592592592	0.36328912413386705	0.13282167127217862
4	20	Average Rating	1.0	0.2308971602667992	0.09785185185185184	0.40794309875514945	0.1445114890393209
2	200	iMF (test)	1.0	0.28420175945744264	0.09585185185185185	0.3976146508558902	0.14151727999795116
2	20	kNN (test)	1.0	0.493290593612152	0.14757407407407408	0.5930088728265401	0.21651760380898533
2	200	iMF (full)	1.0	0.28894214593707745	0.09577777777777778	0.39475928009808336	0.1410335994103832
2	5	kNN (test)	0.839574074074074	0.5372604946747866	0.1652037037037037	0.6548818155902625	0.24196957254729679
1	10	kNN (test)	0.9998703703703704	0.5349751520570291	0.16111111111111112	0.6456245854817816	0.236233301472089
1	5	Random	0.8435740740740741	0.3753926849186424	0.15012962962962964	0.6205248474678577	0.22231790679973945
5	20	iMF (test)	1.0	0.512735712012825	0.15546296296296297	0.6173036526362933	0.22686997733426484
4	20	iMF (test)	1.0	0.44971884275149066	0.14655555555555555	0.5963761027955279	0.21574059551954355
3	20	iMF (test)	1.0	0.4915549716535007	0.15301851851851853	0.611407491818644	0.2241964599208102
5	10	Normalized kNN (test)	0.9995185185185185	0.36684303203072843	0.1486111111111111	0.6100182477547323	0.21931900244570476
4	200	kNN (test)	1.0	0.26688316918817967	0.09025925925925926	0.382921135569749	0.1340595701001705
4	1000	kNN (full)	1.0	0.15553849461533611	0.05407407407407407	0.22683644514889192	0.07994972758374846
4	500	Normalized kNN (test)	1.0	0.00789494098863181	0.003314814814814815	0.013625675033728758	0.004833889668311303
1	5	Popularity	0.8435740740740741	0.49598771195818037	0.16022222222222224	0.6474910831251671	0.23584281903654314
4	20	Random	1.0	0.1583733890299784	0.06835185185185186	0.27357422981759016	0.09964096127391069
1	5	iMF (full)	0.8435740740740741	0.5570427736893216	0.1665925925925926	0.6618104283660842	0.24360030685240286
1	1000	Normalized kNN (test)	1.0	0.0018281474790254797	7.962962962962962E-4	0.004023532267891101	0.0011800071843230012
1	5	kNN (test)	0.8435740740740741	0.5557086720103889	0.16661111111111113	0.6621470069903144	0.24375585372685826
4	20	iMF (full)	1.0	0.43741151496326935	0.14275925925925925	0.5848554879763896	0.21066496348864835
4	20	Popularity	1.0	0.3021852110397336	0.10518518518518519	0.43800728851016724	0.15550330342414975
5	20	Normalized kNN (full)	1.0	0.34331425175428887	0.10346296296296296	0.4072954162711703	0.14976828847749804
5	20	Random	1.0	0.16014995301011417	0.06987037037037037	0.2800172442331394	0.10158043899309457
3	20	Normalized kNN (full)	1.0	0.332431678608055	0.10244444444444445	0.4066193328889352	0.14902505156257678
3	20	Random	1.0	0.16099254980592492	0.06966666666666667	0.28003850990305623	0.10157612001963476
4	20	kNN (test)	1.0	0.39406249593917697	0.1363888888888889	0.5632860930351379	0.20175544235823303
4	20	kNN (full)	1.0	0.40321057785565195	0.1348888888888889	0.5544733255785993	0.19917074160556358
4	20	Normalized kNN (full)	1.0	0.3202096176981143	0.10294444444444444	0.41751477836401113	0.1508763723530584
2	200	Popularity	1.0	0.19584869975535935	0.07083333333333333	0.2939636776080924	0.10470526601695676
5	20	iMF (full)	1.0	0.5091724894188324	0.15474074074074073	0.6129217383715685	0.22553051175692346
5	20	Popularity	1.0	0.4357139584497979	0.1360740740740741	0.5538283860263271	0.2000808348182864
3	20	iMF (full)	1.0	0.48038788508604174	0.1497962962962963	0.6009723468013297	0.21969774468905143
3	20	Popularity	1.0	0.36430497010786816	0.12014814814814816	0.5008787941143583	0.17803004408747297
2	200	kNN (full)	1.0	0.2791809225347567	0.09177777777777778	0.3766698501860013	0.13501251219197902
4	200	Normalized kNN (test)	1.0	0.027470480833296708	0.01251851851851852	0.054139914295205295	0.018504885902470916
4	200	Normalized kNN (full)	1.0	0.20476135281922223	0.06461111111111112	0.2623448082267142	0.09481449230977083
2	200	kNN (test)	1.0	0.2691440316115413	0.0890925925925926	0.37011040501617226	0.1316741584140251
5	20	kNN (test)	1.0	0.5114144977808966	0.15388888888888888	0.6137116606770854	0.22471910821443764
3	20	kNN (test)	1.0	0.4625457666350489	0.1472037037037037	0.5955305914854601	0.21648152625209635
1	10	Normalized kNN (test)	0.9998703703703704	0.4008844381158083	0.15194444444444444	0.6241960284845796	0.22456837162833834
2	5	Normalized kNN (test)	0.839574074074074	0.4679154433442906	0.16233333333333333	0.6502779152927476	0.23870792399192406
2	5	Normalized kNN (full)	0.839574074074074	0.473767441421288	0.1555925925925926	0.6300370313086994	0.2291632420912174
2	200	Normalized kNN (full)	1.0	0.20635866557662266	0.06514814814814815	0.26471814460878923	0.09551462725827574
1	5	Normalized kNN (test)	0.8435740740740741	0.533077126698579	0.16483333333333333	0.6583155636798983	0.2415130772255827
1	5	kNN (full)	0.8435740740740741	0.5475727829285028	0.165	0.6573618712006779	0.241503649647082
1	5	Normalized kNN (full)	0.8435740740740741	0.48218752723858355	0.1558888888888889	0.635175829885605	0.22967813831524672
2	20	Normalized kNN (test)	1.0	0.28292440806437075	0.11811111111111113	0.495589774733689	0.17538881806790466
1	20	kNN (test)	1.0	0.5037042434787546	0.15137037037037038	0.6123140191951312	0.22237397786474797
5	500	Average Rating	1.0	0.007864768900001196	0.004	0.014691804764189263	0.005469680964143577
2	200	Normalized kNN (test)	1.0	0.02458664348545057	0.011685185185185186	0.04912058356129316	0.017181342919528764
5	500	iMF (test)	1.0	0.20557518178325226	0.07098148148148148	0.2994352920599021	0.10519103687911634
5	20	Normalized kNN (test)	1.0	0.28959563575160613	0.1220925925925926	0.5110741765503447	0.18061206062579377
3	20	Normalized kNN (test)	1.0	0.30376357380407704	0.11955555555555555	0.499853172606768	0.1773735457715631
5	20	kNN (full)	1.0	0.4948838850788742	0.14937037037037038	0.5950668260514979	0.21794843734119854
3	20	kNN (full)	1.0	0.4622943845079562	0.14446296296296296	0.5806859867835688	0.21186855595804394
5	500	Normalized kNN (full)	1.0	0.15808211255690285	0.05720370370370371	0.23504146951075086	0.0843647530471634
5	500	Random	1.0	0.007633514900484151	0.003462962962962963	0.01218590868868787	0.004711601754131817
3	2	Average Rating	0.6058333333333333	0.5001445605073895	0.16568518518518519	0.6563008113807828	0.24258698611881452
5	500	iMF (full)	1.0	0.21607227630626774	0.07275925925925926	0.30172313845907694	0.10706873712844926
5	500	Popularity	1.0	0.125377144306141	0.047370370370370375	0.19772930636347133	0.06982358708888856
3	2	iMF (test)	0.6058333333333333	0.5707761247390428	0.16955555555555557	0.6632574733808401	0.24697061514032906
1	20	Normalized kNN (test)	1.0	0.3158935055462113	0.12668518518518518	0.5341295718215838	0.188053435367322
5	500	kNN (test)	1.0	0.20175009000474178	0.06753703703703703	0.283711424032398	0.09963186052583943
3	2	Normalized kNN (full)	0.6058333333333333	0.5114541381751547	0.16485185185185186	0.6535558813717138	0.24126665349192059
3	2	Random	0.6058333333333333	0.44666814676347444	0.1622037037037037	0.6469679986120188	0.23810633023023933
3	2	iMF (full)	0.6058333333333333	0.5625434323059075	0.16855555555555557	0.6618662841780233	0.24582144195381203
3	2	Popularity	0.6058333333333333	0.5252866702297628	0.16475925925925927	0.6548969761774719	0.24158254729729303
3	2	kNN (test)	0.6058333333333333	0.5608012673329974	0.16812962962962963	0.6615597606869386	0.24545092702963592
3	500	Average Rating	1.0	0.011434004799672388	0.005740740740740741	0.022119175313758975	0.007983543915710134
3	500	iMF (test)	1.0	0.20215329975011834	0.07011111111111111	0.2903610006493223	0.10337241592053868
5	500	Normalized kNN (test)	1.0	0.005805827676907075	0.0026666666666666666	0.010444170895839799	0.003757077789917936
5	200	Average Rating	1.0	0.014386534841844907	0.008074074074074074	0.028953264252535547	0.010999550433077598
5	500	kNN (full)	1.0	0.21160863518745857	0.07192592592592593	0.29826227609889194	0.10568320689944025
3	500	Normalized kNN (full)	1.0	0.15392573105594465	0.056370370370370376	0.23163790494406902	0.08349277212176627
3	500	Random	1.0	0.009920835027582264	0.0044444444444444444	0.015844240940823776	0.006158524423500253
5	200	iMF (test)	1.0	0.28316900038773707	0.09672222222222224	0.399905708117249	0.14218576668729002
3	500	iMF (full)	1.0	0.21929986754616335	0.0737037037037037	0.30218617682409493	0.10828652921038308
3	500	Popularity	1.0	0.1196008129311934	0.04375925925925926	0.1797394675452247	0.06444705054791162
5	1000	Average Rating	1.0	0.0016536457453755096	7.037037037037038E-4	0.002894179894179894	0.0010021176777712726
5	1000	iMF (test)	1.0	0.15265263809852497	0.05312962962962964	0.2247387017649755	0.07861563328532038
3	2	Normalized kNN (test)	0.6058333333333333	0.5376128191256467	0.16735185185185186	0.6597939547296113	0.24455006217675043
3	200	Average Rating	1.0	0.01737118268440797	0.008648148148148148	0.031571136510558505	0.011859377977237826
5	200	Normalized kNN (full)	1.0	0.2012161204806969	0.06583333333333333	0.2640249634493288	0.09599421363179923
5	200	Random	1.0	0.020573225541407857	0.00962962962962963	0.03405514281897142	0.013089107436889267
3	500	kNN (test)	1.0	0.20038629193294089	0.06737037037037037	0.2775998729684345	0.09939797658828563
3	2	kNN (full)	0.6058333333333333	0.5583841133630797	0.16816666666666666	0.6612351171225791	0.24541321584769352
3	200	iMF (test)	1.0	0.28864496627756797	0.09868518518518518	0.40518088479281467	0.14540793992437032
5	200	iMF (full)	1.0	0.2876528073608654	0.09651851851851853	0.39315524381659595	0.14127393923898124
5	200	Popularity	1.0	0.1907402651006382	0.07477777777777778	0.31266288059222297	0.11025389908353624
5	1000	Normalized kNN (full)	1.0	0.1134982301116909	0.044222222222222225	0.18592360144002013	0.06580731759916038
5	1000	Random	1.0	0.004050545002870324	0.0019074074074074076	0.006713688836422896	0.0025572899570846523
5	1000	iMF (full)	1.0	0.16642899495013969	0.056962962962962965	0.2347159726990125	0.08364081390911846
5	1000	Popularity	1.0	0.09394612391385448	0.03553703703703704	0.14760245365434574	0.0522151633841417
5	200	kNN (test)	1.0	0.26075261941294026	0.08868518518518519	0.37135613197952816	0.13084535789164492
3	200	Normalized kNN (full)	1.0	0.2037583797296607	0.06596296296296296	0.26365768739113016	0.09641005783967983
3	200	Random	1.0	0.02184684602152024	0.009870370370370371	0.036243581966052374	0.013727527044556662
3	200	iMF (full)	1.0	0.29457266836793444	0.09937037037037037	0.4027443591687565	0.14566320300462646
3	200	Popularity	1.0	0.19163573603397704	0.07403703703703704	0.3075177462008201	0.10959367544871725
5	1000	kNN (test)	1.0	0.15476263858896624	0.05218518518518519	0.21979684787195714	0.07705208606241032
3	200	kNN (test)	1.0	0.26790514908590957	0.09162962962962963	0.3804366925872574	0.1353890461047447
3	500	Normalized kNN (test)	1.0	0.006974645376818726	0.003425925925925926	0.012998107525879371	0.0047175967217192956
3	500	kNN (full)	1.0	0.2119144431687712	0.07181481481481482	0.29543410188069835	0.10566712299820294
3	1000	Average Rating	1.0	0.002165550834836766	0.0010555555555555557	0.004102480238359151	0.0015374772106224923
5	200	Normalized kNN (test)	1.0	0.02141625086023048	0.010851851851851852	0.04392518001515367	0.015720881685469333
3	1000	iMF (test)	1.0	0.15428691935109826	0.053981481481481484	0.2272747433131825	0.07997937346947298
5	200	kNN (full)	1.0	0.27397081898180214	0.09255555555555556	0.38313793026474496	0.13601744635667304
5	1000	Normalized kNN (test)	1.0	0.0017445084491611049	8.333333333333334E-4	0.003488127861252702	0.0011464848917979293
3	10	Average Rating	0.9995185185185185	0.41817812960640655	0.1458148148148148	0.5988803037833179	0.21562252612400926
3	10	iMF (test)	0.9995185185185185	0.53355053688118	0.16162962962962965	0.6426350214980612	0.23661940181170718
3	1000	Normalized kNN (full)	1.0	0.1105730261365972	0.04357407407407408	0.1820963643260348	0.06497478011349234
3	1000	Random	1.0	0.005012248561193967	0.0023703703703703703	0.00883441017505345	0.0032772449439714382
3	200	Normalized kNN (test)	1.0	0.0239868387580837	0.011611111111111112	0.046350138420170404	0.016611524391915555
3	1000	iMF (full)	1.0	0.17004389738005968	0.058055555555555555	0.238033213715694	0.08526576276682372
3	1000	Popularity	1.0	0.09515328782078136	0.03564814814814815	0.14675062515265894	0.05246785349527822
3	200	kNN (full)	1.0	0.27934158718111257	0.0942037037037037	0.38384888097941583	0.13841410752975783
3	10	Normalized kNN (full)	0.9995185185185185	0.411945073439972	0.12916666666666668	0.5270865968866268	0.18980074992050913
3	10	Random	0.9995185185185185	0.25588706868910555	0.10914814814814815	0.45403973644707507	0.16119345265862936
3	1000	kNN (test)	1.0	0.1560135619985694	0.05251851851851852	0.21849454404572827	0.07757093111108525
3	10	iMF (full)	0.9995185185185185	0.525377867206167	0.15937037037037038	0.635176702189705	0.2334981826407404
3	10	Popularity	0.9995185185185185	0.4394389314063715	0.13862962962962963	0.5722782972628172	0.20528916166620445
3	1000	kNN (full)	1.0	0.16297891301753378	0.05524074074074074	0.22852003706351082	0.08135221278737308
3	10	kNN (test)	0.9995185185185185	0.5252512906709369	0.15805555555555556	0.634168417326267	0.2319734135257816
4	20	Normalized kNN (test)	1.0	0.28405220743736515	0.11107407407407409	0.4678260137754882	0.1649074370536237
5	1000	kNN (full)	1.0	0.16143217358298798	0.05507407407407408	0.22920276684116503	0.08096169688316182
3	1000	Normalized kNN (test)	1.0	0.0026748587551766495	0.0012962962962962963	0.0053645290017082835	0.0018123804231096657
3	10	Normalized kNN (test)	0.9995185185185185	0.43171275075098653	0.15238888888888888	0.6208096149679294	0.22485253715984496
3	10	kNN (full)	0.9995185185185185	0.5138050038257563	0.1552037037037037	0.6196123254973659	0.22732696140580683
3	1	Average Rating	0.5177777777777778	0.5064338529158848	0.16690740740740742	0.6586245067183669	0.2441023469136787
3	1	iMF (test)	0.5177777777777778	0.5721060337857663	0.16979629629629628	0.6642141184050784	0.24731604912079072
3	1	Normalized kNN (full)	0.5177777777777778	0.5337651773457558	0.16633333333333333	0.6562246052296604	0.24306370336213715
3	1	Random	0.5177777777777778	0.4868653818907622	0.16455555555555557	0.6527965643539821	0.24103977374995494
3	1	iMF (full)	0.5177777777777778	0.5646333167838137	0.16896296296296295	0.6626976253420033	0.24638127344928593
3	1	Popularity	0.5177777777777778	0.5289180227028458	0.16562962962962963	0.656509924443198	0.2426605043610602
3	5	Average Rating	0.8362962962962963	0.4725459452854765	0.16068518518518518	0.644413343152948	0.2361361674103798
3	5	iMF (test)	0.8362962962962963	0.5494738647605836	0.16644444444444445	0.6563582548299804	0.2431874981214666
3	1	kNN (test)	0.5177777777777778	0.5625848177821684	0.16848148148148148	0.6621148820059488	0.24586829024872772
3	5	Normalized kNN (full)	0.8362962962962963	0.4726193915998467	0.1557777777777778	0.6322622260254807	0.22944323635033945
3	5	Random	0.8362962962962963	0.3824831557570052	0.1501111111111111	0.614964069361998	0.2221200740825562
3	5	iMF (full)	0.8362962962962963	0.5423072649728281	0.16585185185185186	0.6553288589992032	0.24239087138440582
3	5	Popularity	0.8362962962962963	0.4736232730810467	0.15538888888888888	0.6331804033659116	0.2296898761993635
3	5	kNN (test)	0.8362962962962963	0.5379005307198408	0.16431481481481483	0.6529380387243527	0.24064274481338913
3	1	Normalized kNN (test)	0.5177777777777778	0.5438207249438638	0.16835185185185186	0.6613219483409382	0.24572456072100862
3	1	kNN (full)	0.5177777777777778	0.5635383833012246	0.16887037037037037	0.6625336709350218	0.24624354220723343
3	5	Normalized kNN (test)	0.8362962962962963	0.48624007249372636	0.16240740740740742	0.6489869395345608	0.23837125407316917
3	5	kNN (full)	0.8362962962962963	0.5339098730943003	0.16398148148148148	0.6516857030868763	0.23996891218143745
3	0	Average Rating	0.42903703703703705	0.5702350667750669	0.16912962962962963	0.6622128135061978	0.2465533517968425
3	0	iMF (test)	0.42903703703703705	0.5833272770528297	0.17044444444444445	0.6651755868814827	0.2480475734221051
3	0	Normalized kNN (full)	0.42903703703703705	0.559114468386839	0.1683703703703704	0.6602774844189776	0.24558948435709857
3	0	Random	0.42903703703703705	0.5311937262649848	0.16625925925925927	0.6548644894954349	0.24290340845117184
3	0	iMF (full)	0.42903703703703705	0.5793372496644025	0.16992592592592592	0.6645826101698245	0.24752166389072436
3	0	Popularity	0.42903703703703705	0.5518743251206983	0.16781481481481483	0.6604016230958265	0.24520960084452617
3	0	kNN (test)	0.42903703703703705	0.5730404241819342	0.1693888888888889	0.6639241172527729	0.246971178136087
3	0	Normalized kNN (test)	0.42903703703703705	0.5774176868905944	0.1697037037037037	0.6634515653473855	0.24724293234462774
3	0	kNN (full)	0.42903703703703705	0.5744267511690422	0.1697037037037037	0.664072411515429	0.24725073838827724
