====================
Dataset: ml1m/female
====================

P@10
Target size	iMF (full)	iMF (test)	kNN (full)	kNN (test)	Normalized kNN (full)	Normalized kNN (test)	Average Rating	Popularity	Random
0	0.6282504388531305	0.6492685781158571	0.6323932124049152	0.6330368636629607	0.6184201287302515	0.643990637799883	0.6397425394967817	0.6069982445874782	0.5467407840842599
1	0.6257577530719719	0.6455002925687537	0.6297834991222937	0.6308367466354594	0.6092919836161499	0.6380807489760094	0.6295494441193681	0.6031831480397893	0.5283674663545934
2	0.6238033937975425	0.6428086600351082	0.6273142188414278	0.6284142773551785	0.6009830310122879	0.6316442363955529	0.6194850789935634	0.5990052662375659	0.5112580456407255
5	0.6177413692217673	0.6326506729081334	0.6198244587478057	0.6214511410181391	0.5756582796957285	0.6142890579286132	0.5877121123464014	0.5869631363370391	0.45729666471620833
10	0.6059098888238736	0.6149912229373904	0.6070567583382094	0.6098537156231714	0.5405032182562902	0.5847162083089525	0.53785839672323	0.5674780573434758	0.37871269748390873
20	0.5926857811585723	0.5863428905792861	0.5911410181392627	0.592919836161498	0.5051492100643651	0.5341720304271504	0.4584435342305442	0.5367115272088941	0.29391456992393217
50	0.5646576945582212	0.5210766530134582	0.5550965476887069	0.5554359274429491	0.46255119953188994	0.42892919836161497	0.32167349327091865	0.475763604447045	0.18132241076653016
100	0.5331538911644237	0.45301345816266825	0.518607372732592	0.5181158572264482	0.42799297834991223	0.3347805734347572	0.2206085430076068	0.4204212990052662	0.11523698069046226
200	0.49184318314803976	0.3679227618490345	0.46706846108835587	0.46708016383850204	0.3838970157987127	0.2393095377413692	0.12472791105909889	0.3559391456992393	0.0701930953774137
500	0.418150965476887	0.24820362785254532	0.38801638385020476	0.3859449970743125	0.3040023405500293	0.13562317144528965	0.056664716208308964	0.2697834991222937	0.033610298420128734
1000	0.3503803393797542	0.17152720889409012	0.3191222937390287	0.31715623171445284	0.227735517846694	0.07344645991808074	0.023897015798712697	0.20811000585137504	0.01648917495611469
2000	0.2794967817437098	0.1093622001170275	0.25217086015213575	0.24858981860737273	0.15284961966062025	0.03025160912814512	0.008765359859566998	0.15405500292568752	0.008917495611468696
3481	0.22752486834406085	0.07617320070216502	0.20232884727911057	0.19908718548858984	0.10533645406670566	0.011913399648917496	0.0050204798127559975	0.11673493270918667	0.005371562317144529

Recall@10
Target size	iMF (full)	iMF (test)	kNN (full)	kNN (test)	Normalized kNN (full)	Normalized kNN (test)	Average Rating	Popularity	Random
0	0.6490963496613537	0.6621337254044001	0.6521727615590172	0.6525163751946168	0.6398918422998104	0.660139703335768	0.658320570754305	0.6392881308169093	0.6085529204229199
1	0.6461052018482809	0.6582460399389386	0.6488701172510893	0.6499038500026911	0.6292824396465722	0.6546997513400166	0.649475602360839	0.6351623081961286	0.590179118700891
2	0.642976376442215	0.6558303156831062	0.6462509928606861	0.6472517467352793	0.6187606805389089	0.6493602750647754	0.6405229847539946	0.6307912563303397	0.5731543714745271
5	0.6326003274458828	0.6447924659235124	0.6357073763243949	0.6380717837604992	0.5817125377855022	0.6315763470819465	0.6091553837006596	0.6160406093896299	0.5084751057227701
10	0.6135508839804746	0.6238665867934454	0.6159230193385391	0.6202525480181362	0.5127087916766933	0.5986444460298534	0.5499354134428897	0.5888845686697628	0.3881693636220894
20	0.592526141059385	0.5886109298365089	0.592132404185876	0.5961865319931173	0.44834258900599117	0.5386250365388119	0.4512470779145817	0.5437603182827161	0.26928503896374256
50	0.552959978848458	0.5081047675061685	0.5429760135273711	0.5440991516935132	0.3881109862700929	0.40614426360869704	0.2842547431383691	0.45747835784241014	0.13993926575987756
100	0.511854999372122	0.427340687213235	0.49636566032567514	0.49546566353789334	0.35611597149533347	0.29844953097617494	0.1804825489915492	0.38569213844817385	0.0800668399280412
200	0.45855806586522263	0.3319288911595252	0.4350984348425927	0.4359223178186289	0.3243122797126241	0.1961140301487741	0.09271378542494745	0.3096130185967728	0.04445138762080522
500	0.37888882698659715	0.21459896824632746	0.3482885582169643	0.34682542542026507	0.2716927411902697	0.09908244826502807	0.03916087267658974	0.2187995413297581	0.020132047972468946
1000	0.30930058126961174	0.14246522180498208	0.2781836888005033	0.2759256666591635	0.21600439555921516	0.04866693880004534	0.01453445255540732	0.16030520570022141	0.00909887439851134
2000	0.24038969572115051	0.08915593872543659	0.2123512887359568	0.20902711151994846	0.15242646758246176	0.018630277953736663	0.005126602439922291	0.1120536178260895	0.004566273979421598
3481	0.19110054404123303	0.06024568589088323	0.16736865342863333	0.1623915609230647	0.10770720491808261	0.007789748408342086	0.0028066134255801396	0.07969430717870656	0.0029605586993611916

nDCG@10
Target size	iMF (full)	iMF (test)	kNN (full)	kNN (test)	Normalized kNN (full)	Normalized kNN (test)	Average Rating	Popularity	Random
0	0.8265395308047756	0.8519958311037042	0.8305777531420793	0.8317615241855048	0.8084227609548649	0.8470983512949244	0.8398244723159068	0.7942643144735704	0.7100618253779987
1	0.8226182159348868	0.8458404547194986	0.8265131107341638	0.8282392732415913	0.7920967256382314	0.8354810099265622	0.8178144275066387	0.7872415606755195	0.6723793354153322
2	0.8183465248703543	0.8410401732296486	0.8225678153657763	0.824122349336629	0.7791248875957955	0.8233383559154289	0.7962230017514758	0.7805946720344343	0.6420096012126458
5	0.8088560893264223	0.8247305524165964	0.8119313542574499	0.814266703803602	0.7441875172153148	0.7924757259356452	0.7392410396456081	0.7626130383487688	0.5603294732316195
10	0.7930559661124794	0.7969116610208073	0.7943780523555828	0.7980683090255603	0.6965215812452239	0.7432094629594873	0.6591242747432513	0.7333427265084833	0.4504144032900316
20	0.774638475031215	0.7543230366544884	0.771634200398686	0.774431045422801	0.6490446819369367	0.6671061382903872	0.5427540135657265	0.68962573825685	0.33911547035239253
50	0.7358891126931103	0.6589789934083312	0.7228062181626591	0.7236167194695371	0.5945228969777105	0.5163243025138443	0.36083008466470856	0.6059714941154308	0.20260468793985678
100	0.693095567214211	0.5651586786396534	0.6734440327894194	0.6731059915502488	0.5487364338222865	0.3883055632413207	0.2363134403556284	0.5299811770013035	0.12444732105341887
200	0.6350221310252132	0.44925037874574353	0.6061018780921738	0.6055952816602722	0.4884345345917865	0.2664010412235129	0.13029804153342467	0.44504808986341304	0.07520235691242921
500	0.5376868518824423	0.29823891825356935	0.5014057761872953	0.49846280027487594	0.3817974202404128	0.13762210314987083	0.05524289638482956	0.33383682739487175	0.03616488850670681
1000	0.44915581959406337	0.20219802443433782	0.41271524720072517	0.40980234413890193	0.2819262796272912	0.0686283118524266	0.022766529841867077	0.25539945149330945	0.017495515577477094
2000	0.356877041760451	0.12822467997074474	0.32438781512118414	0.321239450303462	0.1871924827448141	0.026613955360063307	0.00875615726324382	0.18697360604405716	0.00936338630798022
3481	0.28677395154458535	0.08798711984987632	0.26036829897283364	0.2574785741522619	0.12699763208043136	0.010392917143844063	0.004677551947131508	0.14177000673127188	0.005701754099993893

FScore@10
Target size	iMF (full)	iMF (test)	kNN (full)	kNN (test)	Normalized kNN (full)	Normalized kNN (test)	Average Rating	Popularity	Random
0	0.5322953864157723	0.5466265502863011	0.5352551839295439	0.5357306669525655	0.5230618917391243	0.5438895661173823	0.541500382933416	0.5196332472762109	0.48343550023133286
1	0.5296993333717858	0.5429970133001358	0.5324906243810197	0.5334686101141914	0.5136568975506357	0.5386402090692914	0.5327288226421947	0.5158728997748538	0.46593845124249517
2	0.5272457051140613	0.5406794624161814	0.5300803035346885	0.531114187898116	0.5048598930733554	0.5332013595986345	0.5239642930439465	0.511880689470253	0.4504832355312086
5	0.5199038239510412	0.531005040753642	0.5218279274574656	0.5236217404179919	0.4765831584288075	0.517199632937259	0.4952675128596997	0.4994503165805562	0.3966869406796893
10	0.50699472123005	0.5139258058026399	0.5078418272927561	0.510975710651338	0.43398886983852003	0.48921015970450377	0.4475111268590456	0.47869627977925006	0.31380345841582225
20	0.49226786193306926	0.4860297462983034	0.49079584038649404	0.4930607502199217	0.3937664023708592	0.4411700709754817	0.3722139354820958	0.4460369515489093	0.22919118650943998
50	0.4632996784149734	0.4235302762737653	0.45375352344493985	0.45428919746167	0.35164325948737485	0.3407564761001354	0.24567956304754984	0.38332475244004466	0.12859267741293726
100	0.4320671542877161	0.36060063452303626	0.4180386330905619	0.4174812231858519	0.32388871554640286	0.2566225835338747	0.1613234700507595	0.3291520370550224	0.07662027731215393
200	0.39191856803272146	0.2855125012271137	0.3701828353106628	0.3701290836615813	0.2921693786977702	0.17478128382588004	0.08643260969293	0.2695250091229255	0.04417526973913157
500	0.32674927403309983	0.18693044966621156	0.29992085489194564	0.298261910292618	0.23670971481484568	0.0932096259317114	0.03743300996688007	0.19497765968772882	0.02029496633177072
1000	0.26876392395367776	0.12579957613133214	0.24188592373503592	0.23983269555635225	0.18145652310455448	0.04776857626742327	0.014762119269569263	0.14504851813241873	0.009355583932476414
2000	0.21058551091636085	0.07873938686965089	0.18664626430176406	0.18350169944791087	0.12427215502604758	0.018855063647265535	0.005342833883367074	0.10307312675963687	0.004910281377646026
3481	0.16894830575233516	0.053903821478503824	0.14754344553931012	0.14405090710412488	0.08632306031126277	0.007562613874497448	0.0030084755942862786	0.07503653983049233	0.0030182028449458223

