====================
Dataset: ml1m-unpopular
====================

P@10
Target size	iMF (full)	iMF (test)	kNN (full)	kNN (test)	Normalized kNN (full)	Normalized kNN (test)	Average Rating	Popularity	Random
0	0.6599569536423842	0.683794701986755	0.6577317880794702	0.6592748344370862	0.6422913907284769	0.6731456953642384	0.6652350993377484	0.6238079470198675	0.5492450331125827
1	0.6566291390728477	0.6797019867549668	0.6537847682119204	0.6553874172185431	0.6338013245033112	0.6630794701986755	0.6536059602649007	0.6164933774834437	0.5323211920529801
2	0.6549569536423842	0.6766556291390728	0.6518046357615894	0.6536490066225166	0.6267152317880795	0.6521887417218544	0.6368841059602649	0.6140993377483444	0.5153079470198676
5	0.6511423841059603	0.6732119205298013	0.6478973509933775	0.6510298013245033	0.6049834437086092	0.6417086092715232	0.6209238410596027	0.6101456953642385	0.4618112582781457
10	0.646205298013245	0.6660728476821192	0.6422185430463576	0.6462913907284769	0.5768973509933775	0.6318145695364238	0.601158940397351	0.6002847682119204	0.38892052980132447
20	0.6294370860927152	0.6321225165562915	0.6102516556291391	0.6113112582781457	0.5380033112582782	0.5828278145695365	0.5483245033112583	0.5441059602649008	0.30864900662251654
50	0.6251953642384106	0.6237019867549669	0.6062748344370862	0.6082417218543046	0.5167417218543047	0.5601788079470198	0.45354966887417214	0.5358543046357616	0.1935264900662252
100	0.5769900662251655	0.4885231788079471	0.535864238410596	0.5320496688741722	0.4585066225165563	0.2822748344370861	0.16411920529801324	0.43634105960264896	0.12733112582781458
200	0.544387417218543	0.43364238410596034	0.5077781456953643	0.5057417218543045	0.4257152317880794	0.2597748344370861	0.1426158940397351	0.38750993377483445	0.0777019867549669
500	0.49945033112582776	0.3554205298013245	0.4655827814569536	0.464794701986755	0.3725728476821192	0.2003278145695364	0.10861920529801325	0.3379503311258278	0.03840397350993378
1000	0.4441059602649006	0.2689735099337748	0.41249006622516565	0.41218874172185427	0.3067185430463576	0.14161589403973512	0.07981788079470199	0.28338741721854305	0.02091721854304636
2000	0.37920529801324504	0.19519205298013245	0.34225165562913906	0.3390860927152318	0.232976821192053	0.10078145695364238	0.054473509933774845	0.21480132450331127	0.010960264900662252
3706	0.29290728476821193	0.12580463576158943	0.25535099337748346	0.2527980132450331	0.14576490066225165	0.04652317880794702	0.017751655629139072	0.14585761589403973	0.0055728476821192054

Recall@10
Target size	iMF (full)	iMF (test)	kNN (full)	kNN (test)	Normalized kNN (full)	Normalized kNN (test)	Average Rating	Popularity	Random
0	0.619041559443754	0.6345454089029039	0.6178289083658506	0.6197155688938484	0.604965104572997	0.63029232959461	0.6262051375580586	0.6026498714450298	0.5658260512133413
1	0.6155854183633975	0.6305899097053755	0.6137406306590465	0.6157042281031907	0.5956314457453306	0.6206005503747392	0.6151265210285161	0.5962432576391261	0.5500177019685611
2	0.6134543360444086	0.6276490815531466	0.6109751756097147	0.6132799886711737	0.5871272110769032	0.6096426553176417	0.5985680587342751	0.5927922740390141	0.5331477781310994
5	0.6069062458595906	0.6234175554755963	0.6041841903049836	0.608989541136628	0.5545497687856329	0.5974867665204396	0.5785136845193557	0.5862113412702701	0.47115898034745235
10	0.5955208744301537	0.6143431783273019	0.5924505005017606	0.6001086402407259	0.4976328734672556	0.5817325123366592	0.5476251782330569	0.5703383626923081	0.36533285133323756
20	0.5751517322492837	0.5778346320496366	0.5593394299177825	0.5656839470665895	0.439171735805348	0.5215674777994161	0.4753572583015897	0.5114573446404161	0.2573902543290115
50	0.5666208995506545	0.5650185010379424	0.5513397371336294	0.5588136898312424	0.398389386240685	0.49009480932862043	0.380897678507487	0.49394210382584286	0.13557769050840918
100	0.5091380256564998	0.42272931391756485	0.47066146557382565	0.4680954613500082	0.3586905363119738	0.20751924678535966	0.1101750287601817	0.3567618557192672	0.08062882188121152
200	0.4662965806100378	0.35695914971625237	0.4325879527007018	0.4322120848590866	0.33441654073041177	0.1844921827306512	0.0947483757500559	0.29835807550101967	0.04474067456322302
500	0.41565143257124504	0.28260978544656856	0.38613651386185366	0.3865411150623388	0.30071303404366384	0.13351107370838436	0.0715964981172201	0.2475880463620145	0.02078953300017492
1000	0.3588770541904235	0.20687140728091175	0.33283388740268205	0.33098351563231054	0.2596716877246069	0.08747019320648	0.05068052347528117	0.20160846252860623	0.010607927255876134
2000	0.29532736817714655	0.14239641455600366	0.2671655901321107	0.26226459428745563	0.20412300587937673	0.05538396109404318	0.03257914245631184	0.14329021448318421	0.005397330165457671
3706	0.2183704216145478	0.08810394334714482	0.1930634433874316	0.18833532014870868	0.1320008105666861	0.0226878163320884	0.010133608035020279	0.08578244950624694	0.0025842998384977404

nDCG@10
Target size	iMF (full)	iMF (test)	kNN (full)	kNN (test)	Normalized kNN (full)	Normalized kNN (test)	Average Rating	Popularity	Random
0	0.8397658796681853	0.8685543583816383	0.8377672614756513	0.84028005010457	0.8143487019476104	0.8578218378568458	0.8470344114606438	0.7938347100298613	0.6920190148211656
1	0.8344922374695898	0.8606457295680399	0.8318074200907759	0.8345259545171583	0.800354946781258	0.8399260122669767	0.8274519176447424	0.7794574224275392	0.6607913344935794
2	0.8320284866050989	0.856297703394629	0.8291031933439685	0.8321986851028953	0.7897515833646322	0.8226253408136625	0.8046359688606877	0.7762362109885828	0.6303753207660692
5	0.8274792639381694	0.8522133239290085	0.8240438582821064	0.8288666311789271	0.7598170717282711	0.806833768598304	0.7856282102201839	0.7712711917887991	0.5501143267972017
10	0.8203701499323136	0.8406188278735758	0.8160888174472472	0.8224925084669437	0.7231277333734535	0.7939593115934157	0.7600042617320122	0.7576776229734532	0.4524454366592239
20	0.791086994143091	0.7725117783414859	0.7635157643620019	0.7625960311656145	0.6686128305203696	0.7000419228487684	0.6512277192862687	0.6396968306472686	0.3502245519260956
50	0.7860198594963653	0.761771911446937	0.7587949189665396	0.7588672352336223	0.6427526468327553	0.6703252286071771	0.5052574756588819	0.6301565930765266	0.21003724427911008
100	0.7209803636176694	0.5882101788768858	0.6716463289630792	0.6654619479200704	0.5669049646889113	0.34124058013387726	0.18429044966861063	0.511993079017001	0.13686669216243044
200	0.6802709945165655	0.5211469256371826	0.6395580988064845	0.6359014240483631	0.5278801861323345	0.3109044945519391	0.15783555276260314	0.46463658069169533	0.08331750857809621
500	0.6241427368557202	0.42254265189217743	0.5868613179344766	0.5844050524362229	0.4624277415949088	0.2288827989708347	0.10792303274950235	0.4100843888147379	0.04044075778675789
1000	0.552934526803813	0.3147277453566763	0.5191650044612782	0.517528449333301	0.3761056475303887	0.1540581406329884	0.07365586380746811	0.3490254322639213	0.022186155320870992
2000	0.4692383504367661	0.22608522486756014	0.4286566731981548	0.42500968466281536	0.28051421031063317	0.1040216010428576	0.04956556412334533	0.2574022171832535	0.011635580995473318
3706	0.36139041967149393	0.14576291833449057	0.3215042376916797	0.31880437067422224	0.17083739063257214	0.04185951289072105	0.014045427521226778	0.1712755158808908	0.0057760625192360224

FScore@10
Target size	iMF (full)	iMF (test)	kNN (full)	kNN (test)	Normalized kNN (full)	Normalized kNN (test)	Average Rating	Popularity	Random
0	0.5284806725128071	0.5453972050186533	0.5269877014210174	0.5286700826912203	0.5141991877090131	0.5397917984920564	0.5347932930361383	0.507573982868591	0.4637311546020479
1	0.525341916880262	0.5415973409778776	0.5231715780653969	0.5249475551923601	0.5057289979961382	0.5303635647639201	0.5239677099653942	0.5013423910389896	0.4485170078220725
2	0.5235812029635396	0.5388677503992799	0.5209455853381371	0.5229967681399278	0.4983835993442611	0.5199983703269428	0.5081435602915503	0.49859239254139487	0.43283709620824806
5	0.5190698619037243	0.5354505140612666	0.516204175789144	0.5198703706189007	0.47369696078349655	0.5093760310266167	0.49134372459380293	0.49383030705461517	0.3808659844202892
10	0.5126970777944254	0.5283125443049599	0.5091306854007385	0.5141132492012765	0.43893960149442923	0.49803749814778725	0.46962640961196056	0.48253222593769196	0.3061767601998577
20	0.4962624651364892	0.49679090684006466	0.48062047540390324	0.48337695512730905	0.3991845894959386	0.4503015752513336	0.41700434933258634	0.4321977923838546	0.2282301947672291
50	0.49112673919066446	0.48804343177111437	0.475672775760824	0.4794020470157615	0.37380224727279215	0.4281456054450583	0.3386106721507212	0.42170373408628353	0.13001147507156982
100	0.44469667397055457	0.3702312870182206	0.4103714747563097	0.40764425075905814	0.33436516401604033	0.1945329287179383	0.10680434781942975	0.31974313509774366	0.08066222394057679
200	0.4127233656335285	0.3195030950197685	0.38224324506870827	0.3810784331678832	0.31041504381522855	0.1759502521907548	0.09222785243341666	0.274737499249709	0.04607341171711432
500	0.37177574256978047	0.256610930446767	0.3447631898737982	0.3444217715521419	0.2743884825636815	0.13104919937024526	0.0698725901455935	0.23282522382133997	0.02167651825874995
1000	0.32438572056614434	0.1899845473679948	0.30006320649976836	0.2991320490172482	0.2304333793565671	0.08899018183540032	0.05027084210942956	0.19109898693967156	0.011411528462631363
2000	0.2706359343833264	0.13369909638987496	0.2434927387781428	0.24008454818666478	0.17682736679784808	0.05957937665850297	0.03327702359898568	0.13926619689723146	0.005902406232958882
3706	0.20296305214888094	0.0837086965901789	0.17730604441116202	0.17420894005903018	0.1113854852692993	0.025918820102733442	0.010573610404805351	0.08764393580732584	0.0029228533813140728

