====================
Dataset: ml1m-nofill
====================

Coverage@10
Target size	Average Rating	Normalized kNN (full)	Normalized kNN (test)	Popularity	Random	iMF (full)	iMF (test)	kNN (full/test)
0	0.8866225165562913	0.6777913907284768	0.885887417218543	0.8866225165562913	0.8867218543046358	0.8867218543046358	0.8867218543046358	0.8769437086092715	
1	0.9138344370860928	0.6783907284768212	0.9074900662251656	0.9138344370860928	0.9141655629139072	0.9141655629139072	0.9141655629139072	0.8887847682119204	
2	0.9376423841059601	0.6788940397350994	0.9266887417218543	0.9376423841059601	0.9380165562913907	0.9380165562913907	0.9380165562913907	0.899748344370861	
5	0.9850993377483442	0.6807152317880794	0.9703344370860927	0.9850993377483442	0.9856225165562915	0.9856225165562915	0.9856225165562915	0.9292781456953643	
10	0.9999867549668874	0.6837119205298013	0.9969668874172186	0.9999867549668874	0.9999867549668874	0.9999867549668874	0.9999867549668874	0.962658940397351	
20	1.0	0.6887483443708609	1.0	1.0	1.0	1.0	1.0	0.9912549668874172	
50	1.0	0.7042682119205298	1.0	1.0	1.0	1.0	1.0	0.9998973509933775	
100	1.0	0.7280496688741721	1.0	1.0	1.0	1.0	1.0	1.0	
200	1.0	0.7675596026490067	1.0	1.0	1.0	1.0	1.0	1.0	
500	1.0	0.8477748344370861	1.0	1.0	1.0	1.0	1.0	1.0	
1000	1.0	0.9179635761589404	1.0	1.0	1.0	1.0	1.0	1.0	
2000	1.0	0.9734933774834438	1.0	1.0	1.0	1.0	1.0	1.0	
3706	1.0	0.995705298013245	1.0	1.0	1.0	1.0	1.0	1.0	

====================
Dataset: yahoo-nofill
====================

Coverage@10
Target size	Average Rating	Normalized kNN (full)	Normalized kNN (test)	Popularity	Random	iMF (full)	iMF (test)	kNN (full/test)
0	0.4307888888888889	0.1352962962962963	0.41478518518518515	0.4307888888888889	0.4307888888888889	0.4307888888888889	0.4307888888888889	0.4141	
1	0.5205481481481482	0.1370074074074074	0.47235555555555553	0.5205481481481482	0.5205481481481482	0.5205481481481482	0.5205481481481482	0.4743185185185185	
2	0.6075666666666667	0.13858148148148147	0.5280111111111111	0.6075666666666667	0.6075666666666667	0.6075666666666667	0.6075666666666667	0.533162962962963	
5	0.8401740740740742	0.14354814814814815	0.6855	0.8401740740740742	0.8401740740740742	0.8401740740740742	0.8401740740740742	0.6971444444444446	
10	0.9994814814814814	0.15154074074074075	0.886137037037037	0.9994814814814814	0.9994814814814814	0.9994814814814814	0.9994814814814814	0.9039296296296296	
20	1.0	0.16769629629629632	0.9960740740740741	1.0	1.0	1.0	1.0	0.9981962962962962	
50	1.0	0.21576296296296293	1.0	1.0	1.0	1.0	1.0	1.0	
100	1.0	0.29561481481481483	1.0	1.0	1.0	1.0	1.0	1.0	
200	1.0	0.4473814814814815	1.0	1.0	1.0	1.0	1.0	1.0	
500	1.0	0.7922814814814816	1.0	1.0	1.0	1.0	1.0	1.0	
1000	1.0	0.9809222222222223	1.0	1.0	1.0	1.0	1.0	1.0	

