====================
Dataset: yahoo
====================

P@10
Target size	iMF (full)	iMF (test)	kNN (full)	kNN (test)	Normalized kNN (full)	Normalized kNN (test)	Average Rating	Popularity	Random
0	0.17042592592592593	0.1708111111111111	0.16984074074074074	0.17004444444444444	0.16829629629629633	0.17004444444444444	0.16950740740740738	0.16805185185185187	0.16670370370370372
1	0.16986296296296297	0.17017777777777782	0.16897777777777778	0.16936666666666667	0.1666111111111111	0.16893703703703705	0.16817037037037036	0.16695185185185185	0.16463703703703705
2	0.16923703703703705	0.16971111111111112	0.16803333333333334	0.16866296296296296	0.16475555555555554	0.1675851851851852	0.16643333333333335	0.1655962962962963	0.16196666666666668
5	0.16646296296296298	0.1675111111111111	0.1645111111111111	0.16596666666666665	0.15567777777777775	0.1628148148148148	0.1595925925925926	0.16058518518518522	0.14960370370370374
10	0.16053703703703706	0.1622074074074074	0.1563888888888889	0.160062962962963	0.12966666666666668	0.14974074074074076	0.13941481481481482	0.14831481481481482	0.11229259259259258
20	0.15151851851851852	0.15312592592592594	0.14422592592592592	0.14965555555555557	0.10220370370370371	0.12196296296296298	0.10272592592592593	0.13092962962962965	0.06941481481481482
50	0.13374074074074074	0.13509629629629633	0.1257888888888889	0.13131851851851853	0.08053333333333332	0.06843333333333333	0.04955925925925926	0.10606666666666667	0.03296296296296296
100	0.11677037037037037	0.11717037037037037	0.11035185185185185	0.11285555555555557	0.07124074074074074	0.03127037037037037	0.021814814814814815	0.08737777777777778	0.017444444444444446
200	0.09840000000000002	0.09790740740740742	0.09404814814814814	0.09352592592592593	0.06537037037037037	0.010922222222222224	0.008262962962962963	0.07085925925925926	0.009403703703703704
500	0.07403333333333334	0.07121481481481481	0.07153703703703704	0.06791111111111112	0.05687777777777777	0.002437037037037037	0.0033962962962962966	0.0488	0.003977777777777777
1000	0.05668148148148148	0.05295185185185185	0.05482222222222222	0.05161481481481482	0.04345925925925927	9.592592592592593E-4	8.481481481481482E-4	0.03508148148148148	0.0019444444444444448

Recall@10
Target size	iMF (full)	iMF (test)	kNN (full)	kNN (test)	Normalized kNN (full)	Normalized kNN (test)	Average Rating	Popularity	Random
0	0.6666923833088362	0.6672882154746635	0.6657593485599722	0.6664108790191603	0.6617233795664508	0.6662249770585257	0.6651907170710192	0.6620386510592281	0.6589625349798016
1	0.665595520484539	0.665915197972309	0.6643639985450316	0.6651392905442824	0.6583042301073612	0.6644811334366516	0.663021471837826	0.660110437437266	0.6545646003850717
2	0.6646192438592979	0.6653061718595012	0.6623430635946873	0.6638651344518489	0.6550249636646781	0.6623283616349342	0.6597542616114338	0.657376604303616	0.6486890013691775
5	0.6581225951413152	0.6605329053575973	0.6544059310730121	0.6581002950156524	0.6323526274621282	0.6527499942206423	0.6447835385298301	0.6458650935520313	0.6165616093828268
10	0.6380096914857566	0.644115733726278	0.6267088758436945	0.6398600793024879	0.5308390558909718	0.6154838134967262	0.5785826343825716	0.6042359148542737	0.469318421151174
20	0.6067170382258052	0.6133234319810572	0.5807104835879865	0.6041604714611853	0.41089635462867874	0.5144873300609152	0.42646259581796475	0.5369595450528724	0.27674885430983726
50	0.541362161667855	0.5486411844616377	0.5106125592852694	0.5360321955706271	0.3195329559177984	0.2952787911948721	0.1990871826590705	0.43893075552888233	0.12643308870389047
100	0.47647932206710913	0.4819064663706703	0.45148986024042365	0.46688400826309084	0.2836672894108654	0.13301330684097812	0.08377919954866991	0.3639099617381212	0.06488896616525804
200	0.40547012479756167	0.40779162927566254	0.3880044226089365	0.3894568688104397	0.26469080043306986	0.04529280378447018	0.029951813557673634	0.29657446924203706	0.03401061719897818
500	0.30777668794938706	0.30072851973672754	0.29863543420671185	0.28474923999314283	0.23727582358775362	0.009680386091775909	0.012947068232193396	0.20276100727156393	0.014243901543560575
1000	0.23587360972873964	0.22537989934328695	0.22909079740171007	0.21718778843053183	0.1850419549334063	0.004105776229309294	0.003282202893273327	0.14671235895634877	0.007113035205853743

nDCG@10
Target size	iMF (full)	iMF (test)	kNN (full)	kNN (test)	Normalized kNN (full)	Normalized kNN (test)	Average Rating	Popularity	Random
0	0.5778394250594816	0.5831717164199272	0.5734426311350366	0.5736512741074499	0.559886420814521	0.5810424261465379	0.5738029278808916	0.5513397001346663	0.5323265480477442
1	0.5702034564235301	0.575938804979604	0.5641805249883718	0.5657266754466423	0.5328953988553126	0.5527349908444853	0.5361891079217787	0.5374269031595998	0.4856778699578335
2	0.5645361868838951	0.5702106328945348	0.5562969363069221	0.5594340379714806	0.514624302331584	0.5301994321983153	0.5049800340265452	0.5259351150037268	0.4496118513534135
5	0.5476050708844622	0.5544079802727145	0.5371735329110798	0.5423457810433006	0.4721922010291216	0.4702041184165065	0.4358774965502884	0.49784923941952275	0.37456609734897073
10	0.5238115581383076	0.5307654843971841	0.508662518794152	0.5174215901596988	0.404774541271893	0.39794827785083353	0.34977820797254366	0.4572572715012672	0.2681057536213481
20	0.48911155448002275	0.4955367779387446	0.46877122043003794	0.47975260567787215	0.33851611793665676	0.2976175386287439	0.23771565276198783	0.4027307444036331	0.1611342514949203
50	0.4259926952813968	0.42900940652834957	0.40646584095123073	0.41393960010603525	0.28136535336196833	0.15002329830964148	0.10414761283227707	0.3245343871078734	0.07454516792242982
100	0.36753568210028664	0.36584381910102487	0.3515398854293368	0.35243066573076154	0.24666577082693766	0.06468039352731868	0.04456649047127512	0.2629000990028184	0.038878724083215035
200	0.3052676121374525	0.29945584725295715	0.2928190498181915	0.28824347512122556	0.21204207079737136	0.022386697928738833	0.016952543000252056	0.20640973587426897	0.020695729552918794
500	0.22366939851301063	0.2106466884252823	0.21529206937261428	0.2059294864759924	0.16047274828864172	0.0051134425949981984	0.006297134792825005	0.1349535125085454	0.00877626785938293
1000	0.1679994619398977	0.15168568601064675	0.16085276161182704	0.1531219889987778	0.11208555954294568	0.002236544150599607	0.0017553256116998848	0.09325514664404641	0.004195868702429304

FScore@10
Target size	iMF (full)	iMF (test)	kNN (full)	kNN (test)	Normalized kNN (full)	Normalized kNN (test)	Average Rating	Popularity	Random
0	0.24811777972176338	0.24854721545986358	0.24746218774683193	0.24776178739238713	0.24542970110113646	0.24774327165989024	0.24714708100978813	0.24539884443372553	0.24365888405021607
1	0.24743283134624455	0.24775160562684	0.24646244151581712	0.24696262983681608	0.24342094611818013	0.24652115279318382	0.24564523903813726	0.2441262342060663	0.2410944736454211
2	0.2467261432041566	0.2472460793181833	0.2452868295318668	0.2461301013209541	0.24116553369705587	0.2449908908555014	0.24359944460921104	0.24247264696181353	0.23782837272202953
5	0.2431692339928823	0.24448391953015375	0.24079217580159643	0.24278231137040426	0.2292191248145316	0.23916773423673177	0.23500730561095176	0.2360733716947438	0.22148283231457397
10	0.2347681772555052	0.2372006218135309	0.229204983412433	0.23457155062081347	0.19061417721348178	0.22144750270329044	0.20647849597606668	0.21857781702218698	0.16606824434322762
20	0.2219582209290975	0.22442174161834433	0.2114988292298353	0.2197721405303592	0.14906556293730705	0.18144564336086244	0.15169464402096317	0.19312650189622577	0.10089416730442047
50	0.1963147918124005	0.198598559107401	0.18464841983725322	0.19327460217347667	0.1167727568570224	0.10215233467469849	0.07205422326906809	0.15665640907770748	0.04698453471839033
100	0.1716906645919963	0.172712979126767	0.16222307880697667	0.1666018406550554	0.10351089456825675	0.04627624195018667	0.03109799837775663	0.1291992687713977	0.02449073197059486
200	0.1448862089886179	0.14473559964035598	0.13852413823072107	0.13821201614366163	0.09567034154745069	0.01594000921606158	0.011404888892046789	0.10489432657925998	0.012993651087706204
500	0.10915817633915814	0.1056497070631961	0.10558646511525176	0.10035563208532519	0.08431471153306322	0.0034389651818429916	0.0047529732508809625	0.07197787190041668	0.005482397626179518
1000	0.08352731923373904	0.07866280190001144	0.0808661668920406	0.07631176042183677	0.0649479694965311	0.0013594098559874962	0.0011884403629720524	0.051745395502839096	0.0026547670529152912

