====================
Dataset: ml1m
====================

nDCG@10
Target size	Expected intersection ratio in top n	Ratio of ties	Ratio of ties at zero
0	0.5746442312678919	0.18744441816461685	0.009651135288552506	
1	0.5584365536393523	0.13894631031220434	0.009660596026490066	
2	0.5411039393454737	0.11848628192999054	0.009705534531693472	
5	0.4808232940301874	0.09133514664143802	0.009758751182592241	
10	0.372952210556433	0.07190515610217596	0.010044938505203407	
20	0.25625660711988846	0.05798841059602649	0.011718306527909172	
50	0.13887879281891563	0.04715231788079471	0.017893803216650902	
100	0.0810228771885271	0.04800733207190162	0.02761116367076632	
200	0.04490940455476878	0.057382923368022705	0.042883159886471144	
500	0.019445894383035667	0.08708136234626303	0.0770175023651845	
1000	0.010034990957640853	0.12537015137180701	0.11705416272469252	
2000	0.005105580607683665	0.1881255912961211	0.18049077578051084	
3706	0.0028043884518833494	0.2690515610217597	0.2624881740775781	

P@10
Target size	Expected intersection ratio in top n	Ratio of ties	Ratio of ties at zero
0	0.5746442312678919	0.5561932355723747	0.009651135288552506	
1	0.5584365536393523	0.5295175023651845	0.009660596026490066	
2	0.5411039393454737	0.5042939924314097	0.009705534531693472	
5	0.4808232940301874	0.43250591296121094	0.009758751182592241	
10	0.372952210556433	0.3449716177861873	0.010044938505203407	
20	0.25625660711988846	0.2830948438978241	0.011718306527909172	
50	0.13887879281891563	0.2264640491958372	0.017893803216650902	
100	0.0810228771885271	0.203561967833491	0.02761116367076632	
200	0.04490940455476878	0.19374645222327344	0.042883159886471144	
500	0.019445894383035667	0.20463103122043516	0.0770175023651845	
1000	0.010034990957640853	0.23412606433301794	0.11705416272469252	
2000	0.005105580607683665	0.2823557237464522	0.18049077578051084	
3706	0.0028043884518833494	0.34471144749290444	0.2624881740775781	

Recall@10
Target size	Expected intersection ratio in top n	Ratio of ties	Ratio of ties at zero
0	0.5746442312678919	0.5561932355723747	0.009651135288552506	
1	0.5584365536393523	0.5295175023651845	0.009660596026490066	
2	0.5411039393454737	0.5042939924314097	0.009705534531693472	
5	0.4808232940301874	0.43250591296121094	0.009758751182592241	
10	0.372952210556433	0.3449716177861873	0.010044938505203407	
20	0.25625660711988846	0.2830948438978241	0.011718306527909172	
50	0.13887879281891563	0.2264640491958372	0.017893803216650902	
100	0.0810228771885271	0.203561967833491	0.02761116367076632	
200	0.04490940455476878	0.19374645222327344	0.042883159886471144	
500	0.019445894383035667	0.20463103122043516	0.0770175023651845	
1000	0.010034990957640853	0.23412606433301794	0.11705416272469252	
2000	0.005105580607683665	0.2823557237464522	0.18049077578051084	
3706	0.0028043884518833494	0.34471144749290444	0.2624881740775781	

====================
Dataset: yahoo
====================

nDCG@10
Target size	Correlation with unbiased evaluation	Expected intersection ratio in top n	Ratio of ties	Ratio of ties at zero
0	0.5714285714285714	0.9789513803273211	0.6324007936507936	0.323531746031746	
1	0.7142857142857142	0.9739920325943474	0.527414021164021	0.3235555555555555	
2	0.7857142857142857	0.9672434841729654	0.4853227513227513	0.32365079365079374	
5	0.8571428571428571	0.9290675296091223	0.43501190476190477	0.3241494708994709	
10	0.8571428571428571	0.725372984862568	0.40794312169312164	0.3270767195767196	
20	0.8571428571428571	0.4191822382356256	0.401510582010582	0.3411772486772487	
50	0.9285714285714285	0.18667510900368572	0.42742195767195756	0.384181216931217	
100	0.9285714285714285	0.09733638583974667	0.4704642857142857	0.4375912698412699	
200	0.8571428571428571	0.04977643303545078	0.5242923280423281	0.5000965608465608	
500	0.7857142857142857	0.020199364534405406	0.5988809523809524	0.5836309523809524	
1000	0.7142857142857142	0.010199517153762503	0.665058201058201	0.6548544973544974	

P@10
Target size	Correlation with unbiased evaluation	Expected intersection ratio in top n	Ratio of ties	Ratio of ties at zero
0	0.7142857142857142	0.9789513803273211	0.9733835978835982	0.323531746031746	
1	0.6428571428571428	0.9739920325943474	0.9654629629629629	0.3235555555555555	
2	0.6428571428571428	0.9672434841729654	0.9560224867724868	0.32365079365079374	
5	0.7142857142857142	0.9290675296091223	0.9117526455026456	0.3241494708994709	
10	0.7142857142857142	0.725372984862568	0.7776679894179895	0.3270767195767196	
20	0.7142857142857142	0.4191822382356256	0.6686018518518521	0.3411772486772487	
50	0.8571428571428571	0.18667510900368572	0.6041732804232803	0.384181216931217	
100	0.9285714285714285	0.09733638583974667	0.6017275132275132	0.4375912698412699	
200	0.7857142857142857	0.04977643303545078	0.626404761904762	0.5000965608465608	
500	0.7857142857142857	0.020199364534405406	0.6776375661375661	0.5836309523809524	
1000	0.7142857142857142	0.010199517153762503	0.7244484126984124	0.6548544973544974	

Recall@10
Target size	Correlation with unbiased evaluation	Expected intersection ratio in top n	Ratio of ties	Ratio of ties at zero
0	0.5714285714285714	0.9789513803273211	0.9733835978835982	0.323531746031746	
1	0.6428571428571428	0.9739920325943474	0.9654629629629629	0.3235555555555555	
2	0.6428571428571428	0.9672434841729654	0.9560224867724868	0.32365079365079374	
5	0.7142857142857142	0.9290675296091223	0.9117526455026456	0.3241494708994709	
10	0.7142857142857142	0.725372984862568	0.7776679894179895	0.3270767195767196	
20	0.7142857142857142	0.4191822382356256	0.6686018518518521	0.3411772486772487	
50	0.8571428571428571	0.18667510900368572	0.6041732804232803	0.384181216931217	
100	0.9285714285714285	0.09733638583974667	0.6017275132275132	0.4375912698412699	
200	0.8571428571428571	0.04977643303545078	0.626404761904762	0.5000965608465608	
500	0.8571428571428571	0.020199364534405406	0.6776375661375661	0.5836309523809524	
1000	0.7142857142857142	0.010199517153762503	0.7244484126984124	0.6548544973544974	

