====================
Dataset: ml1m-popular
====================

P@10
Target size	iMF (full)	iMF (test)	kNN (full)	kNN (test)	Normalized kNN (full)	Normalized kNN (test)	Average Rating	Popularity	Random
0	0.6594205298013245	0.6843907284768211	0.6577649006622517	0.6592649006622517	0.6422549668874172	0.6731523178807948	0.6652317880794703	0.6238079470198675	0.5488841059602649
1	0.6586523178807947	0.6834403973509934	0.6569370860927153	0.6588973509933774	0.6349337748344371	0.671592715231788	0.6631026490066224	0.6236788079470199	0.531476821192053
2	0.657612582781457	0.683205298013245	0.6559536423841059	0.6583807947019867	0.6285033112582782	0.6704172185430463	0.6625264900662252	0.6226556291390728	0.5126523178807947
5	0.6451390728476821	0.6607152317880794	0.6328907284768213	0.6331523178807947	0.5977251655629139	0.6187516556291391	0.6031026490066225	0.587728476821192	0.46715894039735095
10	0.6317682119205299	0.6347185430463577	0.6097251655629139	0.6078178807947021	0.5606390728476821	0.5479072847682118	0.5244834437086092	0.5487913907284768	0.39717218543046356
20	0.6191887417218543	0.6026192052980133	0.5863145695364238	0.5806887417218544	0.524519867549669	0.4671754966887417	0.4314834437086093	0.49971523178807953	0.30835430463576163
50	0.6025430463576159	0.5636192052980132	0.5720430463576159	0.5687185430463576	0.4918278145695364	0.4137582781456953	0.39115231788079474	0.47865562913907284	0.19494370860927152
100	0.579728476821192	0.5119403973509933	0.5499867549668874	0.5464271523178809	0.46508940397350995	0.3446556291390729	0.28637086092715236	0.42873509933774834	0.1292980132450331
200	0.5459072847682119	0.4478543046357616	0.5039834437086094	0.49785430463576164	0.425841059602649	0.28449668874172185	0.2071688741721854	0.35665231788079466	0.07901655629139073
500	0.47801324503311254	0.32953311258278145	0.4330794701986755	0.42698013245033106	0.35288741721854305	0.1783344370860927	0.10940728476821193	0.29092052980132455	0.037834437086092715
1000	0.4189370860927152	0.2500298013245033	0.3675066225165563	0.3608509933774834	0.2810728476821192	0.12659602649006624	0.08339735099337749	0.23798675496688743	0.02016225165562914
2000	0.35927152317880795	0.18720529801324504	0.3195794701986755	0.3171887417218543	0.2145662251655629	0.08903973509933776	0.06168874172185431	0.19432781456953643	0.011009933774834437
3706	0.29185099337748344	0.12357284768211921	0.25535099337748346	0.2527980132450331	0.14576490066225165	0.04652317880794701	0.017751655629139072	0.14585761589403975	0.00569205298013245

Recall@10
Target size	iMF (full)	iMF (test)	kNN (full)	kNN (test)	Normalized kNN (full)	Normalized kNN (test)	Average Rating	Popularity	Random
0	0.6185676226843944	0.6349162290600439	0.6178575247090364	0.6197460666337833	0.6052091320820988	0.6303168880935063	0.6261885812666679	0.6026498714450298	0.5653273279964243
1	0.6174484389297401	0.6339488031405168	0.616681819803199	0.6191702095438533	0.5962479695082266	0.6288213561746614	0.6233937997809926	0.6024117762069345	0.5497275684240372
2	0.6160641005312165	0.6332617671976652	0.6151862109234842	0.6183720075618764	0.5876951725346492	0.6271925553397348	0.6225038131120325	0.6009164485029975	0.5313408907517331
5	0.6023752199621667	0.6127183082125534	0.5931944723711593	0.5956437003405313	0.5513760413341241	0.5857563884326229	0.5706771667694883	0.5680279526222167	0.47705707569335704
10	0.5823793244446238	0.5848613070141312	0.565003128280769	0.5663386040745291	0.49091730129075356	0.5103757639036184	0.4729275608224275	0.5204311396598859	0.3720423077947278
20	0.5646422381502745	0.5498825089556253	0.5372392592195805	0.5357878970089858	0.4317223592497926	0.4154862666620618	0.3481680516300852	0.46795389949435534	0.2573123359086896
50	0.5397676547501533	0.5043255591332414	0.5123030820340565	0.5121515913051243	0.3857876689145966	0.3247345411675818	0.29146939196241495	0.4173407524776331	0.1368482756673021
100	0.5104504110985036	0.4471034711280428	0.4839934532716347	0.4833407721759985	0.36088907833046974	0.2542080581868641	0.20519836282111775	0.35216629532601607	0.08236057025095556
200	0.4708907250008655	0.37392819807824906	0.4336953293215459	0.42898872421150075	0.33284864248193463	0.20225002278816	0.14944012102244741	0.2693172675521942	0.045444781408752945
500	0.394677848830841	0.2606999208465036	0.35678853478449973	0.3510036678072319	0.2868979963383579	0.11998569952962926	0.07302819650601165	0.20462408811643934	0.020244488799115466
1000	0.3345255098073829	0.18837969312383002	0.295820323320767	0.28788399412000504	0.23870394806984718	0.0787037420042204	0.05342918289943936	0.15724603757166483	0.01023391756842491
2000	0.2781899551185931	0.1378886748112259	0.24769271958141834	0.2441940068250493	0.1873393594031552	0.04985179401002364	0.039830384574155574	0.12069935776524399	0.005406650220891655
3706	0.21773609587249182	0.0878151285306134	0.1930634433874316	0.1883353201487087	0.13200081056668606	0.0226878163320884	0.010133608035020277	0.08578244950624694	0.0028295514722845834

nDCG@10
Target size	iMF (full)	iMF (test)	kNN (full)	kNN (test)	Normalized kNN (full)	Normalized kNN (test)	Average Rating	Popularity	Random
0	0.8393721282452956	0.8694219062698909	0.8377582008075606	0.8402549758128544	0.8142075895188713	0.857827324043345	0.8470285426100883	0.7938347100298613	0.6927646818031158
1	0.8379424859510962	0.8680487388241875	0.8363061651782656	0.8395626097439752	0.8020668311581396	0.8553537485508675	0.8438231633471623	0.7936243688932303	0.6592168778070286
2	0.8364492364843304	0.8673823357848061	0.8347977062739667	0.8387381535265972	0.7914056705784306	0.8533525614100771	0.8431138921103658	0.7921232348519924	0.6265312806422388
5	0.8159157015361865	0.824937487676632	0.7991310646367404	0.7982749351583635	0.747522995927802	0.7587928199059538	0.7326941322819593	0.7152569462484821	0.5557796844558341
10	0.7959747225374496	0.7849590047000321	0.7672466104779544	0.7627891442355941	0.6986144929282221	0.6678687374242301	0.636785772257206	0.6496052079587411	0.46102758547796274
20	0.7768686102372018	0.7389951879737751	0.7368567166360098	0.7285386676702181	0.651504146276851	0.5696268195242722	0.5255498490427345	0.586811627462194	0.34663057758427857
50	0.758638702568158	0.6920091498240842	0.7214414487564108	0.7153789137616269	0.6144485725582829	0.5013164483783912	0.4883058654676068	0.5624010875481106	0.21294477354796681
100	0.7279045896256148	0.6260719674130266	0.694604314819566	0.6893051163714101	0.5813399381996557	0.41505319889157366	0.36489737505827097	0.5147363137224892	0.1395208961181714
200	0.6858645074095853	0.5454474416431008	0.6414482594552875	0.6343708014738378	0.5319680049476878	0.32921285342342604	0.2422277160323135	0.44255260764634696	0.0841915191756257
500	0.5950918500245596	0.39289143243034086	0.5464331602423472	0.538410277849149	0.43487774202028906	0.19372251315759487	0.12202684922909632	0.3441547536400829	0.0403984158215083
1000	0.5200422924859094	0.2953432355894095	0.4679821689621887	0.4604700561123824	0.3440921731093209	0.13286261599078675	0.08633557666574039	0.27333233810696367	0.02136566917441115
2000	0.4466810881402301	0.21923597419799865	0.4044354048692306	0.40119729953865557	0.25899350606612537	0.08531856450519992	0.057696667664452694	0.22078533942232953	0.011609340658529088
3706	0.3603636338381211	0.14284065300127383	0.3215042376916797	0.31880437067422224	0.17083739063257214	0.04185951289072105	0.014045427521226778	0.1712755158808908	0.005896219080901958

FScore@10
Target size	iMF (full)	iMF (test)	kNN (full)	kNN (test)	Normalized kNN (full)	Normalized kNN (test)	Average Rating	Popularity	Random
0	0.5279992325567989	0.5458492923360301	0.5270262562559108	0.5286636922071244	0.5142495541424943	0.5398021921638738	0.5347877742723416	0.507573982868591	0.4632771098647167
1	0.5271648180127922	0.5449716110693469	0.5260605554713529	0.5282325249309163	0.5064575088426795	0.5383777369758324	0.5324458872392122	0.5074155406193146	0.44804352618329385
2	0.5260347372623787	0.5445073931765636	0.5249116690502154	0.5276247162935805	0.4993527572042349	0.5370627891231641	0.5317605129942915	0.5062344959828751	0.43089271465670487
5	0.5141408281096377	0.5247345327893294	0.5045452479294773	0.5058368007384061	0.4695040678722323	0.49491385448682185	0.4811597589452363	0.47485715954801255	0.38576889642254586
10	0.4999478674584342	0.5006913892734479	0.4820589540729647	0.48158342992255837	0.4293870677843983	0.4286792799529824	0.4038536979520013	0.4361249651446859	0.3123555536003177
20	0.48686085635350773	0.471971083490629	0.460139024760314	0.4566394734236948	0.39096706521465485	0.35490043539276883	0.3128517491582425	0.3925576128557452	0.2279887232229539
50	0.46942193582406	0.4365685943163381	0.4438347727234235	0.4422113695222213	0.3586902463068924	0.29626076068008933	0.2727377796208981	0.36496110552296346	0.13067503944401354
100	0.4470092980157567	0.3904847304859822	0.4224770871736062	0.4204751395534682	0.33760978146067117	0.2385493989940632	0.19457677340031326	0.31507088632622804	0.08162120454884893
200	0.41522157805809334	0.33328909220178904	0.38119678569065824	0.37652028785540403	0.30940673033538707	0.19265300727359408	0.14102140234425958	0.24988204988439028	0.04673166625061095
500	0.3537448018795078	0.23720930232776133	0.3185892286451682	0.3136433767586727	0.25991986451691557	0.11780159378318747	0.07104800995333074	0.19528420701580762	0.021340817690086267
1000	0.3033137169454324	0.17456265270030244	0.26574073916782764	0.25989145317532086	0.2100663071732428	0.08026075339800269	0.05292584770054602	0.1537136377858667	0.010940510428948854
2000	0.2551135830373894	0.1284859557036576	0.225852543010791	0.22354220691597929	0.16170264543250945	0.05354624315082997	0.03929105437856021	0.12082400138393765	0.005898294769916489
3706	0.2023364927587529	0.08275861640153404	0.17730604441116204	0.17420894005903018	0.1113854852692993	0.025918820102733442	0.010573610404805351	0.08764393580732584	0.003086361569167402

