====================
Dataset: ml1m/young
====================

P@10
Target size	iMF (full)	iMF (test)	kNN (full/test)	Normalized kNN (full)	Normalized kNN (test)	Average Rating	Popularity	Random
0	0.6058558558558559	0.612072072072072	0.6076576576576577	0.5938738738738738	0.6145945945945946	0.6047747747747747	0.5743243243243243	0.523873873873874
1	0.600900900900901	0.6101801801801802	0.6044144144144143	0.5867567567567568	0.6072072072072071	0.5894594594594594	0.5701801801801801	0.5075675675675676
2	0.5972072072072072	0.6000900900900901	0.5984684684684686	0.5758558558558559	0.5971171171171171	0.5712612612612612	0.5617117117117117	0.4857657657657658
5	0.588918918918919	0.5852252252252252	0.5893693693693693	0.5502702702702702	0.5776576576576578	0.5288288288288289	0.5472972972972973	0.4308108108108108
10	0.576036036036036	0.5566666666666668	0.5732432432432433	0.5203603603603604	0.54009009009009	0.4617117117117117	0.5238738738738739	0.35864864864864865
20	0.560900900900901	0.5172072072072071	0.5525225225225225	0.4884684684684685	0.48567567567567566	0.3458558558558559	0.4936936936936937	0.26612612612612613
50	0.5217117117117117	0.43450450450450456	0.5059459459459459	0.45270270270270274	0.3654054054054054	0.21810810810810813	0.4313513513513514	0.17315315315315316
100	0.4799099099099099	0.3536936936936937	0.45981981981981984	0.41495495495495494	0.2589189189189189	0.1328828828828829	0.3701801801801802	0.10135135135135136
200	0.43072072072072076	0.25036036036036036	0.40657657657657664	0.362972972972973	0.16405405405405404	0.07927927927927927	0.3106306306306306	0.0627027027027027
500	0.3561261261261262	0.1390990990990991	0.32216216216216215	0.2648648648648649	0.07009009009009011	0.04027027027027027	0.22900900900900903	0.02693693693693694
1000	0.29063063063063066	0.07792792792792794	0.25954954954954956	0.18774774774774777	0.03153153153153153	0.022072072072072076	0.17324324324324322	0.0163963963963964
2000	0.22666666666666666	0.03936936936936937	0.19855855855855856	0.11612612612612612	0.014594594594594595	0.016216216216216217	0.12765765765765763	0.008648648648648649
2650	0.20306306306306307	0.0318018018018018	0.18072072072072073	0.09297297297297298	0.011711711711711712	0.014594594594594595	0.11342342342342342	0.005765765765765766

Recall@10
Target size	iMF (full)	iMF (test)	kNN (full/test)	Normalized kNN (full)	Normalized kNN (test)	Average Rating	Popularity	Random
0	0.6712536269489975	0.6782388167497881	0.672404317348262	0.6609229520513192	0.6819679126434426	0.6760575162348555	0.6559600968716841	0.6240968269693671
1	0.6668238722078003	0.6748596330795997	0.6678786830799808	0.6519792499806822	0.6741154430587082	0.6615357051782794	0.650937944864238	0.6072662834120699
2	0.6608911372725017	0.6627424767234955	0.6609001334434614	0.6392627361926342	0.6641917057474314	0.6436004055092999	0.6405744044118619	0.5832686798870441
5	0.6485008381012045	0.6438925887526068	0.6480517345925472	0.5994569788932502	0.6423601819229885	0.5997714856192171	0.6226426714234664	0.5116340970671398
10	0.627506673299672	0.6075747999248327	0.6210441128245059	0.5402172418263838	0.5931396249829434	0.5152109031244144	0.5847906233245338	0.4017863718325102
20	0.5978803763792607	0.5564573233911642	0.5907062669956733	0.4874155229186671	0.5318335977239299	0.36389747418518625	0.5375535843647699	0.27487509648529246
50	0.5422329093100436	0.45241219293836243	0.5213950499064497	0.434970988424287	0.3783907890987432	0.2012359304419496	0.45282514226729054	0.15284019852455993
100	0.48696394806728094	0.35771563472005	0.4646425710999587	0.4005999667206576	0.24982105178827557	0.10905715408604999	0.3708314526725601	0.08486282874407605
200	0.4263615748462266	0.24149318248299617	0.3976045491986639	0.35288942578631377	0.15009012169705657	0.05349893211675234	0.29927980553640443	0.04821949411242317
500	0.3404172281867779	0.12526394584585876	0.30365646117169265	0.2644514603774476	0.05524256565199581	0.021527305811858116	0.2083477257055089	0.017889248155416836
1000	0.26833813164268155	0.06775827285464982	0.2379298984454617	0.18263175638450707	0.022630911050061774	0.01162604078638661	0.14806478399644607	0.010645620664712956
2000	0.1996482885757574	0.03417786421239483	0.1738230934033949	0.11278265140721062	0.008455043940947416	0.009149374780364362	0.10326598201499607	0.005102766629447467
2650	0.17384146900986308	0.027273256531681823	0.15799947425170763	0.08931666092452803	0.006547621209127585	0.008622210593551614	0.08942874208108308	0.004051353956770682

nDCG@10
Target size	iMF (full)	iMF (test)	kNN (full/test)	Normalized kNN (full)	Normalized kNN (test)	Average Rating	Popularity	Random
0	0.8030996249508895	0.8070572208734534	0.8059482823006606	0.7863960919767217	0.8133211916220355	0.7941242068078515	0.7590496769324595	0.6857833338491991
1	0.7970564610884473	0.7983782562293177	0.800004887895625	0.7762133394612599	0.7985686349663195	0.7633394470528351	0.7506085172236092	0.6557445659424156
2	0.7925987547508996	0.7857631277920645	0.7933511866017333	0.7612273570757758	0.7827356905186058	0.7288704126539258	0.7409537250098882	0.6177776698661994
5	0.7785010322669762	0.7606355484318209	0.7774955219308155	0.7265892840078109	0.7448994928411282	0.6588457064211858	0.7168349035612384	0.5297349020646767
10	0.758607071720775	0.7164116712854718	0.755435568455457	0.6851743374461065	0.6843734972663295	0.5541709437527731	0.6839293871512264	0.43160273179034786
20	0.738515756068366	0.6532510327751614	0.7261775519398812	0.6436584230262402	0.5960912842487344	0.4045602709444231	0.6401010311070173	0.3151940172050606
50	0.6816126974753249	0.5344259916521793	0.6643820357423817	0.5871160249558083	0.4275147375548459	0.24306669295174577	0.5562265808130962	0.19474574752202878
100	0.6275052534923876	0.4192957917736579	0.5988551248438686	0.5304464866028205	0.29143436122972555	0.14674509769004015	0.47711442969670664	0.1118108483794982
200	0.5600835035598581	0.28672516433033757	0.5283773159466915	0.45103785560147164	0.17509722976159117	0.08694536329344363	0.39690322847481485	0.06882380530361851
500	0.4552174590767398	0.15368644464774703	0.4175405755320066	0.31737196492787767	0.07032895847546411	0.04711783931958095	0.2885164900538218	0.029242746510819807
1000	0.3692149991268367	0.08680163489155197	0.3341211071525733	0.2175857663417347	0.031835628557948435	0.02813533705567447	0.21653317267672706	0.018271554577068125
2000	0.28543002536130957	0.0419950135681999	0.2548362226802661	0.13061917625575564	0.013992385870074123	0.020728692732698298	0.15431495341630042	0.0094370787894477
2650	0.25490727544271763	0.03433675586845769	0.22919980284959177	0.1039375365221558	0.010838301890447105	0.018279641202516808	0.13496201521903406	0.005441719773894739

FScore@10
Target size	iMF (full)	iMF (test)	kNN (full/test)	Normalized kNN (full)	Normalized kNN (test)	Average Rating	Popularity	Random
0	0.5449152621225823	0.5511447704097767	0.5460759930244814	0.5339721947300423	0.5541891505605403	0.5479130498181838	0.5251719654267685	0.48946448917771007
1	0.5407011471369773	0.5483918955118294	0.5425545111768525	0.5264862332819191	0.54718074022696	0.5340847102087535	0.5208301828474483	0.4736799291883564
2	0.5363252332399426	0.5383488646905846	0.5365358364056385	0.5152564826244774	0.5379647663088021	0.5168814115590978	0.5123529533795957	0.452490274996537
5	0.5267980849142254	0.5238387099461308	0.5266189206538489	0.4859524491397016	0.5189196915641467	0.4783144356954171	0.4974930390549435	0.3957522089789805
10	0.5125756151045975	0.49557777827183963	0.5083850970829076	0.45004186505935423	0.48141257975868773	0.41110507723914014	0.4707655108773071	0.3190086489663949
20	0.49330715736256286	0.45629126697907296	0.4861100906855003	0.4143839344226453	0.43049836021507704	0.29635090119717894	0.4383854189338014	0.22572693018329493
50	0.4531722592046227	0.37579597217967675	0.43672638612489195	0.3783432782714634	0.31156337606093293	0.17332971758940002	0.3748466604502037	0.13760939798775693
100	0.41129368311292297	0.3003194922889868	0.39192170135326415	0.3471321545432341	0.21127250891581947	0.09823520358051815	0.314722192857477	0.07724184952028028
200	0.3639565574486095	0.2079574898480697	0.3399244084176553	0.303833693644041	0.1281063182909579	0.05265641700213849	0.25755358777912646	0.04420051244952646
500	0.29475631578879335	0.11177312116481497	0.26322309961678475	0.22285445984989027	0.04945245302002771	0.02309112085593292	0.18398854404211418	0.01823168813683008
1000	0.23609080512070157	0.06006347090610005	0.20850428831382023	0.15577996197849148	0.02018466880901064	0.012208977764818635	0.13469096592917287	0.011062353038618718
2000	0.18013218492469305	0.029819332899115175	0.15533477985421293	0.0958438871782326	0.008257822539085118	0.009096522854406972	0.09633300465294711	0.005475016730035441
2650	0.1595577728432581	0.02511170317400866	0.14061389738026342	0.07620613937313936	0.00637719396939779	0.00834997011280205	0.08416617421550243	0.004014357126195729

