====================
Dataset: ml100k
====================

P@10
Target size	iMF (full)	iMF (test)	kNN (full/test)	Normalized kNN (full)	Normalized kNN (test)	Average Rating	Popularity	Random
0	0.5519194061505833	0.5767550371155886	0.564984093319194	0.5556521739130436	0.5718557794273595	0.5686532343584305	0.532576882290562	0.4804665959703075
1	0.5490137857900317	0.5714952279957582	0.5630116648992576	0.5500742311770944	0.565238600212089	0.561102863202545	0.5291622481442205	0.4623753976670201
2	0.5479533404029693	0.5674867444326617	0.5609544008483562	0.5444538706256628	0.5584517497348885	0.5532555673382821	0.5260445387062566	0.45196182396606577
5	0.5422693531283138	0.5599787910922587	0.5555037115588547	0.5246871686108165	0.5372428419936374	0.5285683987274655	0.5152279957582185	0.4034358430540827
10	0.5291198303287381	0.545408271474019	0.5470413573700955	0.5003181336161188	0.5033297985153764	0.487168610816543	0.4988547189819725	0.3285047720042418
20	0.5165641569459172	0.5212089077412514	0.5320042417815483	0.47406150583244966	0.4419512195121952	0.4197879109225875	0.4692682926829269	0.2480593849416755
50	0.48691410392364787	0.46216330858960764	0.49883351007423116	0.4359915164369035	0.33198303287380704	0.2971367974549311	0.41251325556733826	0.1483987274655355
100	0.44931071049840926	0.39658536585365856	0.4620784729586426	0.3986214209968187	0.2525556733828208	0.2152916224814422	0.3585153764581124	0.09323435843054081
200	0.4034782608695652	0.31314952279957586	0.41255567338282084	0.34941675503711556	0.18786850477200423	0.1527253446447508	0.2993213149522799	0.05459172852598091
500	0.32922587486744437	0.20101802757158005	0.33351007423117707	0.264644750795334	0.1119406150583245	0.07749734888653234	0.2184305408271474	0.02335100742311771
1000	0.2702651113467657	0.127507953340403	0.2730646871686108	0.19344644750795334	0.05817603393425239	0.04036055143160127	0.16545068928950157	0.012364793213149523
1682	0.22557794273594908	0.08895015906680806	0.2304559915164369	0.14413573700954402	0.028759278897136798	0.022672322375397666	0.13151643690349948	0.007910922587486746

Recall@10
Target size	iMF (full)	iMF (test)	kNN (full/test)	Normalized kNN (full)	Normalized kNN (test)	Average Rating	Popularity	Random
0	0.6982095923676489	0.7163706442267261	0.7064260439428012	0.6964397240208713	0.7136369252989128	0.7108121053067542	0.6868064640630893	0.6526878905297374
1	0.6941756272090297	0.7117355400818558	0.7040308738313789	0.6889340301908865	0.7072521617514143	0.703417888287232	0.682709162651759	0.6348531892322891
2	0.6918370898500367	0.707819154017059	0.701887565926546	0.6813749850869313	0.6999914146716735	0.6949275001993677	0.6790590120649824	0.6205828001399261
5	0.682585559899441	0.6990154054184592	0.694775260649101	0.6499840872424815	0.6763536990028122	0.6677448602529614	0.6647603785403333	0.5566765720019429
10	0.6634475617577642	0.6827634058540305	0.6836347956035093	0.596059189598062	0.6296166861057364	0.6070189267546546	0.6390494236633812	0.4197618587490951
20	0.6434764276066143	0.6519366333014489	0.6612985410802551	0.5459052845236994	0.5242953899164331	0.4918123356111896	0.5883275785149881	0.2855985563821292
50	0.6022963192180794	0.575763650968267	0.6143305131488322	0.48776166213626837	0.3454541817591529	0.3067967051502195	0.49259733493236935	0.15163756050642724
100	0.550141899962698	0.4919934086071289	0.5611785682248398	0.4513578794622064	0.24073721504064283	0.20343256243279165	0.404687352728888	0.08636364245470303
200	0.49053326935830643	0.3868524887042125	0.49364591091419124	0.40597966121458573	0.1705818004675486	0.13840025232114606	0.3247321926473789	0.04807047610354139
500	0.39522975916453806	0.24097143320423947	0.3859345427344249	0.3219559257350558	0.09815876446336655	0.06296819940944447	0.22853777729015617	0.019804078343915194
1000	0.32101680698455815	0.15288710344774176	0.3089376940610975	0.24187509597797038	0.049747861581316236	0.029616761795258312	0.17022720072880365	0.008972433328955342
1682	0.2641826849498003	0.10426224562088908	0.2533068161998983	0.1801224052277703	0.02217783805920266	0.01590737024614394	0.1363579514517292	0.00670561166068952

nDCG@10
Target size	iMF (full)	iMF (test)	kNN (full/test)	Normalized kNN (full)	Normalized kNN (test)	Average Rating	Popularity	Random
0	0.7886485383625158	0.8172398637716825	0.8059153819998508	0.7911931850790925	0.8191255672804749	0.8154585671298932	0.7521807609782771	0.6786815008547181
1	0.7848709438664028	0.811072900454497	0.8028735224503573	0.7799999058337843	0.8005441220011715	0.7930742129440296	0.7452840017718366	0.6408381573274978
2	0.781922820727004	0.8023033621410844	0.7998954032182548	0.769758856461682	0.7814871766589947	0.771274733729588	0.7382710640617874	0.6118826377742608
5	0.772160524933437	0.7897981803122325	0.7914644258554876	0.74165393715674	0.7337897084828633	0.715913380005833	0.7194685880787896	0.5327169114394773
10	0.7548635454930462	0.7650809913379222	0.7781583822463828	0.7047366464484879	0.6687091100323038	0.6394155537901458	0.6912316939477936	0.41639760134673454
20	0.7361920983120515	0.7246068743045091	0.7556716100424434	0.6682109287873848	0.5692020533372218	0.5309663204086958	0.6450942169720567	0.3035835103137908
50	0.6909346984735689	0.6329110839153907	0.7065961644463636	0.6090594535197674	0.4107672657504233	0.36170979373351336	0.5591900268690599	0.1759348238528961
100	0.6406220338666552	0.5339092865933195	0.6531090616766653	0.5557912926074324	0.3041109162407185	0.2540421577438595	0.4815213473014527	0.10783580258511219
200	0.5758158773601838	0.41438362162884673	0.581918336281557	0.4841094129355995	0.2135935039463389	0.16890119763290698	0.39993326284911507	0.06228291261372709
500	0.4710355744381293	0.25835719738879126	0.470786525090943	0.35909601165092314	0.11346939570292333	0.0789896676125401	0.2898729927882188	0.026024604415527442
1000	0.3839633239298815	0.15933623735813782	0.38381999207118134	0.2574505335376733	0.052886918277357975	0.03660565434510154	0.21690838992886122	0.013426378525886584
1682	0.3180019849021537	0.11073884296129359	0.32271873893219694	0.18870376476896492	0.023787906848630795	0.018989739964690774	0.17076857518159827	0.008771693807749125

FScore@10
Target size	iMF (full)	iMF (test)	kNN (full/test)	Normalized kNN (full)	Normalized kNN (test)	Average Rating	Popularity	Random
0	0.5192051282892824	0.5385758678593179	0.5285849204999147	0.5195242949963185	0.5351582957808606	0.5324686291994606	0.5058193093482015	0.46844681832842083
1	0.5162067346623284	0.5340370844433195	0.5265338153771542	0.5134314434293691	0.5290257368726589	0.525492916577726	0.5022919359939346	0.4515927476403167
2	0.5143005602427063	0.5304691976704222	0.5245216479497531	0.5072609738338792	0.5224350798075024	0.5178157609368282	0.4991042225484759	0.4400355639681372
5	0.5079118046809451	0.5230561329993553	0.5187139662906097	0.484615291280685	0.5020588054083325	0.4941633446636029	0.4875212156311853	0.389481466142149
10	0.49428184117808416	0.5089811159722638	0.5099025610999127	0.45423159055135376	0.4668658244533034	0.4506968792199991	0.4691380297115648	0.3052754021441877
20	0.4800799120471623	0.4853804569922933	0.4934995919417249	0.42381516832963817	0.3995161522345191	0.37750282637811516	0.4354366383958534	0.21963041453170287
50	0.4493538639593913	0.42720926975155055	0.4585160711198946	0.385097112295833	0.2827791309040972	0.25202729537031765	0.37279651013484527	0.12303845158431966
100	0.4110747818145762	0.3637587354834929	0.4205059785384523	0.3526028765706369	0.20681072745880935	0.1751706395548795	0.31554703606192913	0.07381521803746235
200	0.3663695097790393	0.28437087722848226	0.37086262084618554	0.3112180252752168	0.15025025821219956	0.12188317569827109	0.25751791607706676	0.041860556608399636
500	0.2955394168571924	0.17966779777430125	0.29319002170631003	0.23819855612773017	0.08796583139108112	0.059036131250537714	0.18311076929272135	0.01739455141484115
1000	0.24100369659043225	0.11355993288572783	0.2356730777608355	0.17505407061243067	0.04495479103898029	0.02919813659258798	0.1372026079915587	0.008826440382761733
1682	0.1991924937157064	0.07810113164166037	0.1955815864744878	0.13002286001023186	0.02123806016523967	0.016271862222931886	0.10886533270483274	0.005802414979266488

====================
Dataset: ml100k/male
====================

P@10
Target size	iMF (full)	iMF (test)	kNN (full/test)	Normalized kNN (full)	Normalized kNN (test)	Average Rating	Popularity	Random
0	0.5597910447761194	0.584955223880597	0.5800000000000001	0.5727164179104478	0.5890149253731344	0.5862686567164179	0.5486567164179105	0.48734328358208945
1	0.5562985074626865	0.5811343283582089	0.5777014925373135	0.5663283582089552	0.5822985074626865	0.5776119402985075	0.5445970149253732	0.4731343283582089
2	0.5524477611940298	0.5791343283582091	0.576	0.5608059701492538	0.5758805970149254	0.5688955223880596	0.5414925373134329	0.45770149253731346
5	0.5460597014925372	0.5695223880597016	0.5702089552238805	0.545044776119403	0.5530746268656717	0.5418805970149254	0.5298507462686567	0.41104477611940304
10	0.5321492537313434	0.5522388059701493	0.5601492537313433	0.5194626865671641	0.5179402985074628	0.496865671641791	0.5129850746268657	0.3364776119402985
20	0.5157014925373135	0.5258805970149253	0.5441791044776119	0.4961492537313433	0.4558507462686567	0.42110447761194036	0.48382089552238805	0.2559104477611941
50	0.4846567164179104	0.46265671641791045	0.5081194029850746	0.4592238805970149	0.3427164179104477	0.29480597014925375	0.42653731343283574	0.1562089552238806
100	0.4472537313432836	0.3912835820895522	0.468865671641791	0.42065671641791036	0.2559402985074627	0.21056716417910448	0.37035820895522387	0.09605970149253733
200	0.4014029850746269	0.30674626865671645	0.4196119402985074	0.3661791044776119	0.1846268656716418	0.14200000000000002	0.3134029850746268	0.055701492537313435
500	0.32352238805970146	0.1903582089552239	0.3413432835820896	0.2731044776119403	0.09713432835820895	0.076	0.23232835820895525	0.02519402985074627
1000	0.2617313432835821	0.11713432835820896	0.28107462686567164	0.1993134328358209	0.04788059701492538	0.02871641791044776	0.17874626865671644	0.012985074626865673
1605	0.21967164179104479	0.08071641791044776	0.24197014925373134	0.15188059701492537	0.02480597014925373	0.009791044776119402	0.1438805970149254	0.008388059701492537

Recall@10
Target size	iMF (full)	iMF (test)	kNN (full/test)	Normalized kNN (full)	Normalized kNN (test)	Average Rating	Popularity	Random
0	0.6792260329273366	0.6972420793711473	0.6935722810423293	0.6843003193358251	0.7014562637506137	0.6995976364597093	0.6744371137214741	0.6326641054902231
1	0.6754969732935531	0.6940617383053482	0.6908604616255991	0.6761402335886092	0.6946283762339567	0.6913123164579292	0.6696005404453949	0.6177694063125447
2	0.671378442913118	0.6913620505464083	0.6891063376746104	0.6682905344510572	0.6883243700632725	0.6826775120344879	0.6656407943202328	0.6000060434650335
5	0.6607163355676648	0.6807617711630645	0.6819249163928995	0.6414054891801491	0.6619438777329223	0.6517912704260624	0.6500955753766997	0.5378126785976225
10	0.6371178923427302	0.6590985099414304	0.6669460133679024	0.588916755009418	0.6143067748476791	0.587788750040598	0.6226222756459772	0.40822189388668273
20	0.6153109829029644	0.6283048059276745	0.6431770160912945	0.542354355238685	0.5145480839852816	0.468565384957586	0.5759282078058146	0.27893701935686266
50	0.5711986717394607	0.5476511618673692	0.5903384866294173	0.49549276718574464	0.3421764059571775	0.2892265125928837	0.48072868697241944	0.149327132971326
100	0.5222024627769998	0.4588910219802481	0.5339653968975979	0.45437366694266146	0.2340414996702135	0.18774027931841641	0.3911424434692918	0.08559133371209061
200	0.46277588126550473	0.35101794208658116	0.46971915298595046	0.4056304378988475	0.16350495576137355	0.1207288643733018	0.3173490944127425	0.0464470974295153
500	0.3684940487565147	0.22031843356427877	0.3691071071628317	0.3147554860716778	0.08299231687395292	0.058129571520125566	0.22294416459933072	0.020597758673258953
1000	0.29558922961309486	0.13205367276764024	0.29125383787367254	0.2281471125141395	0.04056473376119595	0.02076892505900867	0.1685478019399132	0.010335506959641576
1605	0.2463339351872575	0.08933929598311226	0.24817165449214657	0.1708914034185379	0.02225517777057063	0.006491050747595521	0.13522082030504817	0.005907839664684911

nDCG@10
Target size	iMF (full)	iMF (test)	kNN (full/test)	Normalized kNN (full)	Normalized kNN (test)	Average Rating	Popularity	Random
0	0.781129802798605	0.8102109765719525	0.806061514051908	0.7935372888477794	0.8196742922994957	0.815840325301104	0.7549559526332528	0.6722239217442246
1	0.7772205637797084	0.8057357229929341	0.8027450767029392	0.7828875364925623	0.800734664772898	0.7912168973745953	0.7466843636174941	0.6391115619628556
2	0.7706627992533395	0.8019219950461173	0.7988649548803262	0.7734695125193578	0.7832974092976637	0.7698499314430162	0.7404252816330805	0.6029470559326439
5	0.7621366318077468	0.7835888912567883	0.79060592600051	0.7490939718509455	0.7358379841297414	0.7131271967965447	0.7208988103002023	0.5285369625900003
10	0.7419287910411907	0.7530965212083316	0.7757582640923076	0.7131836144215833	0.6734514353945271	0.6340415892989265	0.6933500720102206	0.41914313780704654
20	0.7196390685404145	0.711881349034461	0.7521148092498212	0.6783885118961493	0.5755416900667694	0.5194502996097048	0.6477567147395383	0.3073919833180349
50	0.6727278084642432	0.6170204237192201	0.6999025875351822	0.6256901975987749	0.41390025306868594	0.34826838469286886	0.5631726011031851	0.18134722072302037
100	0.620244832946377	0.5039681426339039	0.6426921096854358	0.5667258187807096	0.29907732430296424	0.2391199838298972	0.4829738007341165	0.1078140540574295
200	0.5583112927289136	0.38712109405883915	0.5733696072204377	0.48934808583637646	0.2035066599499729	0.15001001503813396	0.4068464379486573	0.0627666180335952
500	0.4497996205046671	0.2368115291060549	0.4669082477927816	0.36018562099524576	0.09658033513238906	0.06926902661690754	0.298291833411309	0.02802233762788419
1000	0.36336156490332405	0.14121125555111963	0.3818333957243547	0.25529917702809685	0.042343875437942234	0.024747911827028134	0.22562044498859826	0.015114751379206778
1605	0.30513573173791786	0.09644770126316607	0.3279301170390377	0.19221871874385654	0.02083908100101186	0.008981379738713166	0.1820826751112528	0.008606340545183298

FScore@10
Target size	iMF (full)	iMF (test)	kNN (full/test)	Normalized kNN (full)	Normalized kNN (test)	Average Rating	Popularity	Random
0	0.5185819279498943	0.5378078790523354	0.5337420427361717	0.5261156703007699	0.541690489579323	0.5396280527911025	0.511686803171202	0.4669127735709801
1	0.515235226825787	0.5348083654728158	0.5314002755751465	0.5193421037838271	0.5353588701637764	0.5317580173012287	0.5075545318053587	0.4531639971639107
2	0.5115974654237927	0.532552686960518	0.5297339461444304	0.5131151463744653	0.5294051229174752	0.5236862514982212	0.504232527482836	0.4381645173287585
5	0.5038364928261888	0.5233618621708246	0.5236991434731855	0.4947802465052444	0.5070418320011675	0.4972783395687532	0.4917771757433793	0.38987010737417593
10	0.4879682839682822	0.5062915558431461	0.5126885270888197	0.46336373841896245	0.47100002528086904	0.4509617880381146	0.4726766935010584	0.3067604427038366
20	0.47117851681276923	0.48113462718451744	0.4953453368938723	0.43637056119138473	0.40407939796142534	0.3713894209276996	0.4399211772061119	0.22242704107911254
50	0.43894002352161066	0.41959449026476525	0.4570687808769526	0.40071446863675053	0.28743946411488325	0.24488020637292635	0.37719112072318295	0.12684331848294345
100	0.4017605321658058	0.351824384282566	0.4162120893529025	0.3657826545034472	0.20589508982947216	0.16714212741239748	0.3176435743628302	0.0751377968415233
200	0.3570871266696479	0.27125085519924447	0.3674926894978255	0.3199176917215155	0.1456302781617548	0.11000573291409628	0.2626915567323522	0.04179654240246145
500	0.28523295621222833	0.16842804237559822	0.29216476127192287	0.24101513784026482	0.07546518043670279	0.05648019820281269	0.18901739790817013	0.01881931683707692
1000	0.2290472489967871	0.1019375781421894	0.23536272589107984	0.17488995388883308	0.037071333634154095	0.020717078237107688	0.14389302448768104	0.009446900244405577
1605	0.19183112566502805	0.06951248232748883	0.20057421809740344	0.131613787200317	0.0195619734019824	0.006604915277669257	0.11489285890317599	0.00590831069838413

====================
Dataset: ml100k/female
====================

P@10
Target size	iMF (full)	iMF (test)	kNN (full/test)	Normalized kNN (full)	Normalized kNN (test)	Average Rating	Popularity	Random
0	0.5032967032967033	0.5195604395604396	0.5199999999999999	0.5191208791208791	0.5261538461538461	0.5185347985347986	0.49875457875457874	0.46139194139194145
1	0.5017582417582418	0.515091575091575	0.5172893772893773	0.5123076923076922	0.51992673992674	0.5108424908424908	0.4958974358974359	0.4484981684981685
2	0.49311355311355315	0.5118681318681318	0.5149450549450549	0.5063003663003662	0.5138461538461538	0.5014652014652015	0.4917948717948718	0.4328205128205128
5	0.483003663003663	0.494945054945055	0.5076190476190476	0.4869597069597069	0.4947985347985348	0.4767032967032967	0.48058608058608066	0.3834432234432234
10	0.4668864468864469	0.47516483516483515	0.4938461538461539	0.45567765567765567	0.4628571428571429	0.43706959706959714	0.46197802197802196	0.31274725274725274
20	0.4431501831501832	0.44542124542124545	0.47406593406593406	0.4237362637362637	0.4005860805860806	0.3641758241758242	0.42886446886446883	0.2361904761904762
50	0.40197802197802196	0.3758974358974359	0.43157509157509166	0.3815384615384615	0.2856410256410256	0.24117216117216117	0.371941391941392	0.1331868131868132
100	0.3555311355311355	0.29926739926739926	0.3865934065934066	0.338974358974359	0.20527472527472526	0.16300366300366298	0.310989010989011	0.08556776556776557
200	0.3057142857142857	0.2235897435897436	0.3323809523809524	0.28329670329670326	0.1336996336996337	0.10644688644688645	0.2531135531135531	0.048791208791208796
500	0.22857142857142856	0.12256410256410258	0.2563369963369963	0.20124542124542125	0.06527472527472528	0.052161172161172165	0.17941391941391943	0.022124542124542124
1000	0.17457875457875457	0.07157509157509158	0.20124542124542127	0.13428571428571429	0.03150183150183151	0.03216117216117216	0.13164835164835165	0.010622710622710623
1534	0.14439560439560442	0.045347985347985356	0.16915750915750918	0.10336996336996337	0.020073260073260074	0.02227106227106227	0.10564102564102565	0.008864468864468865

Recall@10
Target size	iMF (full)	iMF (test)	kNN (full/test)	Normalized kNN (full)	Normalized kNN (test)	Average Rating	Popularity	Random
0	0.7085608222103228	0.7160213779249285	0.7169249502549365	0.7133507590002566	0.7211742140877405	0.7164607392782981	0.7041728363252255	0.681090887309169
1	0.7047539345467275	0.712373070977532	0.7135249639978074	0.703398804571545	0.7142051069167539	0.7082083284758038	0.7006529147590854	0.6630300968262864
2	0.695392339531681	0.7090083758866711	0.7114394875893628	0.6944438073035786	0.7085041083586537	0.6994602478344036	0.6955625048871595	0.648405801566345
5	0.6782891984555629	0.6914735948521399	0.7020394630791719	0.6640276941346603	0.685545770841658	0.6695767228199921	0.6799519118736794	0.5786295684233108
10	0.6497831354256485	0.6660855528417151	0.680320537719165	0.5968790280915227	0.6390278911526835	0.6048268478252302	0.6501447448897049	0.43714475720810936
20	0.6157395974928427	0.6172217481721798	0.6481615271517477	0.5256078954866024	0.5273577926402572	0.4772511786830377	0.5874682364335657	0.29878250148522423
50	0.555413553719552	0.5249336521104675	0.5804560542605799	0.4611248357048513	0.3286923180214617	0.2780305467637179	0.48528989072700324	0.14328250710746254
100	0.493699826044011	0.42190208461764717	0.5113814853218799	0.41654159337581387	0.20948925270117513	0.15940463169375715	0.388642663595758	0.0905438190386296
200	0.430527249225349	0.31205123352610864	0.43573083792385187	0.36134298245730445	0.1250387478097538	0.0977360402589397	0.3014178467136679	0.047503803599926994
500	0.32433748322254924	0.178897119246226	0.32921025383241387	0.2761593912612564	0.054757476018811	0.0435635098354467	0.21294046317484963	0.02173541419735522
1000	0.24944910935989925	0.09966775602139925	0.25393767597922706	0.20167505145896714	0.025570154657144246	0.02558885415363512	0.15438893514061688	0.008571655814411477
1534	0.20570272821257576	0.06963024780533984	0.20570386619904615	0.1563525488005423	0.014731218764935574	0.01813213862649882	0.12424395929716651	0.008360711366238189

nDCG@10
Target size	iMF (full)	iMF (test)	kNN (full/test)	Normalized kNN (full)	Normalized kNN (test)	Average Rating	Popularity	Random
0	0.7575295609501147	0.7691600873624493	0.7748578766646472	0.7684532235388798	0.7879301505909673	0.7810742514446926	0.7343515049122641	0.6827522265825897
1	0.7537570410791283	0.7615330320191486	0.7701493840374554	0.7529448013589282	0.7675879226613967	0.7538801469145842	0.726939708514891	0.651728436167073
2	0.7418696450972936	0.7536431272458166	0.7644151899622192	0.7408986558854819	0.7508911258978406	0.7322457697714643	0.7184092875965642	0.6145833325475856
5	0.7238227644129858	0.7340348744647344	0.7526519789600773	0.7108930236380061	0.6993594153969497	0.6718170356101474	0.6956226716539938	0.5307185242887892
10	0.7035929950094795	0.6964014971813709	0.7323037431860984	0.6649844844070573	0.6316519190748786	0.5910170409154027	0.6652727673222525	0.4110456839706217
20	0.6679000730103496	0.6395198118502922	0.6994330771692693	0.6167073148963178	0.525286637637629	0.4702601319233935	0.6084468931451006	0.30137163088211516
50	0.606010306256891	0.5334601486699417	0.6365333521793817	0.5507003212444189	0.34823865228472717	0.29728347554313816	0.5215090842823148	0.15836919598594884
100	0.5379211454449729	0.41308722928098085	0.5685326533705696	0.4839406208782619	0.23891007499564926	0.1945449266012013	0.4329776839588688	0.10360859095768063
200	0.4653361414318553	0.30073340661713893	0.49077002064961217	0.406167527732883	0.15075378976230794	0.12349794085836244	0.3531119943440821	0.059214717639473655
500	0.34854443026860166	0.16915248264557164	0.37797860308599285	0.2863937152965853	0.06752751025962397	0.05902549068682043	0.24544006020487844	0.026801802940984554
1000	0.26748222540952055	0.09428105355999965	0.29653525529031677	0.19135469889641826	0.03215704419106837	0.034153941730492444	0.17714539307161284	0.012214028669317136
1534	0.22105050491165135	0.06235427968035749	0.24718210311800407	0.14688301447640612	0.01997332193023199	0.022582321767908677	0.13944545405469239	0.010762661685179718

FScore@10
Target size	iMF (full)	iMF (test)	kNN (full/test)	Normalized kNN (full)	Normalized kNN (test)	Average Rating	Popularity	Random
0	0.4986147914265445	0.5090135717521359	0.5095138274696464	0.5070460019102397	0.5142769230358913	0.5087810730970868	0.4942614310723883	0.4676965023449573
1	0.4958306477378023	0.505404903011363	0.5066007715154724	0.499606247074538	0.508150778118736	0.501476454064641	0.4912155060311415	0.4530501721762117
2	0.48769187309238016	0.5024918606169221	0.504502113911888	0.4928654973900836	0.5026075903160462	0.49304453705674556	0.48706191827147266	0.43899310085328214
5	0.47554001777392924	0.4864691621141649	0.4967572497851128	0.47056391875523607	0.48329852884024127	0.46788095431580345	0.4746908361637937	0.3866646808575873
10	0.45677089780546504	0.4663553063517788	0.48145079210339137	0.4319933152062815	0.45003062014536904	0.4245535066946543	0.45416488162336943	0.3039557238990059
20	0.4324805137912093	0.4333489646546601	0.4594040923235657	0.39311048749558813	0.3791676377881531	0.3440702573046292	0.41578777337510076	0.21813211951010425
50	0.3893629175621309	0.365324561020166	0.41309163454060577	0.3505391506131783	0.25520109943264635	0.21481639898545604	0.3518074895192776	0.11424766004721407
100	0.34421161788968707	0.2889584361065459	0.3659512512729982	0.31204891698538273	0.17359047708680272	0.13508663800035592	0.28845831394795407	0.07193354368358719
200	0.29612317219444473	0.21479521565793255	0.3112350216604238	0.2643712602397573	0.10873422506572798	0.08524867084370209	0.22920804761532265	0.03943283345064727
500	0.22124695927135232	0.11916243311082644	0.23608270703826775	0.19251199277361927	0.050574000906354596	0.0401225380310221	0.16070743452840505	0.017937551625426713
1000	0.16947779761068235	0.06772368608689366	0.18242076522567638	0.13232807364528998	0.02344872093803072	0.02403734169024512	0.11693512364917395	0.008103800204027876
1534	0.13972259756187322	0.04404833967800943	0.15140436806476296	0.10192073783348762	0.014530857096956793	0.01657373833566191	0.09400022442012748	0.006764645816481824

====================
Dataset: ml1m
====================

P@10
Target size	iMF (full)	iMF (test)	kNN (full/test)	Normalized kNN (full)	Normalized kNN (test)	Average Rating	Popularity	Random
0	0.6595132450331126	0.684139072847682	0.6590430463576159	0.6421854304635761	0.6709999999999999	0.6652317880794701	0.6238079470198675	0.5489966887417219
1	0.6575728476821192	0.6821390728476822	0.6572119205298013	0.634341059602649	0.6646291390728477	0.6562682119205299	0.6202847682119206	0.5314834437086093
2	0.6561258278145695	0.6797615894039736	0.6555529801324503	0.6276655629139073	0.6584503311258277	0.6480132450331126	0.6168675496688741	0.5135794701986756
5	0.6504701986754966	0.6723013245033111	0.6502516556291391	0.6051225165562915	0.6393046357615895	0.6211456953642384	0.6062814569536424	0.4617019867549669
10	0.6432913907284767	0.6602814569536424	0.6420463576158941	0.575658940397351	0.6094536423841059	0.5801423841059602	0.5895066225165563	0.38762251655629143
20	0.6340860927152318	0.6405099337748345	0.6290496688741722	0.5450430463576159	0.5592152317880795	0.515317880794702	0.5623311258278145	0.30318211920529803
50	0.6126324503311258	0.5920529801324503	0.6006258278145695	0.5094304635761591	0.4653509933774834	0.4054768211920529	0.5081688741721855	0.19337417218543046
100	0.5872119205298014	0.5368079470198677	0.5683476821192053	0.4798046357615894	0.38492715231788077	0.3156953642384106	0.45652980132450327	0.1261390728476821
200	0.5526026490066226	0.46116887417218544	0.5245496688741722	0.439317880794702	0.3006986754966887	0.22038079470198677	0.3970430463576159	0.07727483443708609
500	0.48777483443708614	0.3444172185430464	0.44812582781456956	0.3630430463576159	0.20021523178807943	0.12282781456953643	0.3151920529801324	0.0362682119205298
1000	0.424728476821192	0.2563245033112583	0.3807615894039735	0.28783774834437087	0.13697682119205296	0.08227814569536425	0.2526291390728477	0.019066225165562913
2000	0.3546556291390729	0.17820860927152318	0.30972847682119203	0.20794039735099337	0.08514569536423841	0.0433112582781457	0.1940298013245033	0.009880794701986755
3706	0.2920596026490066	0.1241291390728477	0.2514072847682119	0.14577152317880795	0.04778807947019868	0.017751655629139072	0.14585761589403975	0.005589403973509934

Recall@10
Target size	iMF (full)	iMF (test)	kNN (full/test)	Normalized kNN (full)	Normalized kNN (test)	Average Rating	Popularity	Random
0	0.6187959121749793	0.6345328951833908	0.619634659553981	0.6051705421642668	0.6294427242078832	0.6261885812666679	0.6026498714450298	0.5655061676465628
1	0.616610490058309	0.6327653614108563	0.6175285228402256	0.5959314718018507	0.623766923265681	0.618490399424363	0.5987976488396728	0.5492765577848964
2	0.6144207807919934	0.6302815097936911	0.6155816270364503	0.5872588691969414	0.6181956222598303	0.6111026483412804	0.5947895957143338	0.5319128156219651
5	0.6061317839944433	0.6224785194294333	0.608703139527567	0.5542375155017414	0.5991816715384328	0.5847403993661546	0.5824117746851186	0.47219208231884846
10	0.5925312192743302	0.6084049499978524	0.5968092876184732	0.4983419912389492	0.5655194493266806	0.5360548219974938	0.5593718728275601	0.36487117987201445
20	0.5787322305439544	0.5849833480380207	0.5786029050478575	0.4446523900240413	0.5017263647606166	0.455418786612203	0.5206531394389875	0.2531583515302793
50	0.5488880410356506	0.527738750835093	0.5407779127626463	0.3939220107120063	0.3866326673149863	0.3298909367190438	0.44518145586615204	0.13781946813104323
100	0.516301747672377	0.465395455774126	0.5006768316730872	0.3672953845517869	0.2997462631685954	0.24179926245712902	0.3783222340627153	0.07961523935220921
200	0.4755075481175532	0.3854635437759829	0.45104677943538923	0.3398582763374699	0.22120572217352405	0.1610448874487051	0.31136215089818176	0.04545399081772796
500	0.40450934429517477	0.27321706514724536	0.3697090742596866	0.29385933783691887	0.13818338733034846	0.08199281317324873	0.22929169584944137	0.019508450502540943
1000	0.340127783143866	0.19508463554879746	0.3026639680226204	0.24468673009283223	0.08922677417357794	0.053163398126474484	0.1727025184962236	0.009970718049506336
2000	0.27381383920507535	0.12996248892927567	0.23788904901791136	0.1844369674530101	0.05082544854523298	0.026749561860364625	0.12377446629983309	0.005073427220408059
3706	0.21789419408630986	0.08798971867260388	0.18659172945914446	0.13200798495962207	0.026015266070085658	0.010133608035020279	0.08578244950624694	0.002779296751840455

nDCG@10
Target size	iMF (full)	iMF (test)	kNN (full/test)	Normalized kNN (full)	Normalized kNN (test)	Average Rating	Popularity	Random
0	0.8394658620919829	0.8691833223481	0.8401329383331217	0.8140457920765902	0.8556372429244042	0.8470285426100881	0.7938347100298613	0.6927300785000067
1	0.8365301334123874	0.8654148095710769	0.8374490259465082	0.800916291496096	0.8437415356177299	0.8299987207198649	0.7877505084957078	0.6600671080905756
2	0.834147496073989	0.8618767533574655	0.8348177878977896	0.7904384397136568	0.8330261172812019	0.8146918254383971	0.7822984382250626	0.6283114207107265
5	0.8260386242485837	0.8498859094529079	0.8273168770812902	0.7594828396717286	0.8017446431538421	0.7711743077734426	0.765728097365718	0.5516042741498429
10	0.8156764355231108	0.8315611426626914	0.8156756695162535	0.7213142874273165	0.7572169135817528	0.7103492347293855	0.7415519807805541	0.4506976794366758
20	0.8024975949973238	0.802295095030729	0.7986301437395562	0.6829930810553292	0.6868463896483943	0.620862091861282	0.703381179904192	0.3425522011375633
50	0.7732296444594289	0.7326851799548625	0.7604645590852037	0.6370840693631746	0.5623421251631171	0.4755609223637423	0.6295990689720563	0.2121690383314548
100	0.7393322350158689	0.6570544300119023	0.7179105637848597	0.5995076850968063	0.4582729832272527	0.3610555002550956	0.5612433677060175	0.13596903332432597
200	0.6929898993515862	0.5569728075091419	0.6607106276181562	0.5474829580348077	0.35239032630693734	0.24808969638303754	0.4840581808524691	0.08248271698665283
500	0.6087106137871376	0.4092756342888526	0.5641503167998773	0.4476782700127391	0.22517335440144617	0.13325411638429752	0.3789767221845911	0.03837081888812195
1000	0.5284852577884177	0.3016928158304688	0.47925857518818826	0.3516066061890254	0.14485201980708465	0.07996417252020838	0.30022497509341434	0.020095881207566467
2000	0.43924861604322823	0.20776703429677051	0.39097082004497363	0.24999604836449357	0.08262573746536858	0.037751357897402985	0.22793228534931567	0.010465755672425539
3706	0.3598117687210581	0.14423133364548366	0.31734326372067995	0.1708445944547643	0.04283030351128821	0.014045427521226778	0.1712755158808908	0.005800377805249498

FScore@10
Target size	iMF (full)	iMF (test)	kNN (full/test)	Normalized kNN (full)	Normalized kNN (test)	Average Rating	Popularity	Random
0	0.5282024886681581	0.5455440281466433	0.5285447526648939	0.514180171003774	0.5385799630605252	0.5347877742723415	0.5075739828685909	0.46349785635758456
1	0.5263186622057479	0.5437326315611059	0.5266898049763731	0.5061064814931274	0.5329940481907833	0.5271030858866721	0.5041186646488354	0.44785057182163773
2	0.5245439501573272	0.5415250635587473	0.524982081562214	0.4988510285796527	0.5275335244821658	0.5198825392572239	0.5006341597643308	0.431622001931567
5	0.5183480824551108	0.5346159945136393	0.5194749840832784	0.4737390622020068	0.5100289714879537	0.49566015236057714	0.4900634317614285	0.381236463157781
10	0.5099733998702187	0.5230557617060584	0.5106416535648233	0.4385262510817339	0.48162027340708324	0.45643162513960656	0.47231083747751723	0.30557427384141167
20	0.50002451550369	0.5042169115615124	0.497129239430426	0.4041957982114284	0.43293481522123234	0.39512539935326985	0.4438514044583389	0.22426804534978836
50	0.47794193484281217	0.45878302571666324	0.4685467083919228	0.3692643692424339	0.3453552409202996	0.29662031183566495	0.3886727547738902	0.1308007678053956
100	0.45294939096036335	0.408935117894271	0.4372724727554068	0.34588888895263203	0.2754090638589318	0.2230420019794829	0.3384434732944117	0.07927680967669315
200	0.4202258576686554	0.34344393568995596	0.3971890810078949	0.31781901829258563	0.20818929629147936	0.15112551611554742	0.28483831040741114	0.046370890126999784
500	0.3621068799671949	0.24819007570018375	0.33031747201148154	0.2674132602549378	0.13338786650830733	0.07976450046087397	0.21588001473408217	0.020441876688843695
1000	0.3083851912257979	0.17974665448744429	0.2741340206405744	0.21595422078486645	0.08837644473494374	0.052463657225140216	0.16654888284146468	0.010621668548779318
2000	0.2515392390679022	0.12162307634144272	0.21779039963077537	0.1583520854140165	0.05242612976813414	0.026974904069528138	0.12241708587275277	0.005425496165281903
3706	0.2023661873369289	0.08292036544725165	0.17293743995483934	0.11139183184766574	0.028060868968203024	0.01057361040480535	0.08764393580732582	0.0030431176779014938

====================
Dataset: ml1m/male
====================

P@10
Target size	iMF (full)	iMF (test)	kNN (full/test)	Normalized kNN (full)	Normalized kNN (test)	Average Rating	Popularity	Random
0	0.6669822211960286	0.6939044100669591	0.6697760332486723	0.6521357654121449	0.6819856845993997	0.6770676518125145	0.6333040868159778	0.5506765181251444
1	0.6653197875779265	0.6916185638420689	0.6681828676979913	0.6451858693142462	0.6755945509120295	0.668519972292773	0.6299653659662896	0.5331147540983607
2	0.6639944585546063	0.6890972061879475	0.6664142230431771	0.6379127222350496	0.6694989609789886	0.660129300392519	0.6270699607480951	0.5158623874393904
5	0.6581066728238282	0.6817409374278458	0.6611221426922189	0.6172431309166474	0.6506164858000462	0.6349295774647888	0.6170953590394828	0.4645347494804895
10	0.6513507273147079	0.6698314477026092	0.6534564765643038	0.589794504733318	0.6204063726622027	0.59533133225583	0.6014777187716464	0.39346571230662664
20	0.6423089355806973	0.6499792195797737	0.639976910644193	0.5620087739552067	0.5707457861925652	0.5350819672131147	0.5764026783652737	0.3083352574463173
50	0.6228769337335489	0.6031262987762641	0.6117016855229739	0.5275686908335258	0.47932579081043636	0.43063033941353035	0.5259108750865852	0.19773724313091665
100	0.5982267374740246	0.5456199492034173	0.5794597090741168	0.49720618794735627	0.3998291387670284	0.3452505195105056	0.4755622258138998	0.13038097437081508
200	0.5638513045486031	0.47015931655506815	0.5344493188640037	0.4569244978065112	0.31827753405679976	0.25486492726852916	0.41795890094666355	0.078970214731009
500	0.49912722235049645	0.35121219117986613	0.458420688062803	0.37765412145001154	0.21514199953821284	0.1530778111290695	0.3367444008312169	0.037640267836527366
1000	0.4365781574694066	0.26073424151466174	0.39021934888016624	0.2996074809512815	0.1521496190256292	0.09584853382590626	0.27316093280997455	0.01970445624567075
2000	0.3662895405218195	0.18090510274763333	0.3202308935580697	0.2173447240821981	0.0967397829600554	0.04791964904179174	0.21192334333872087	0.010390210113137843
3671	0.30302932348187483	0.12839990764257675	0.26276148695451396	0.1537751096744401	0.05628723158623874	0.019242669129531285	0.16404063726622026	0.005795428307550221

Recall@10
Target size	iMF (full)	iMF (test)	kNN (full/test)	Normalized kNN (full)	Normalized kNN (test)	Average Rating	Popularity	Random
0	0.6042014081443569	0.6212028372121319	0.606939028240294	0.5912511538934665	0.6165823561559389	0.6141090973197327	0.5896166055004602	0.548319498928241
1	0.6019585274035548	0.6191365079898727	0.6051289254946719	0.5831753650601028	0.6110646526473753	0.606784736013704	0.5861073366488718	0.5326849876457067
2	0.6002106695707043	0.6168268377989007	0.6031286781177465	0.5742445022380878	0.6053133188602746	0.5990054584535056	0.5827696119695348	0.5156701969458436
5	0.5912488302386524	0.6087319491784526	0.5963293596486168	0.5437505695103477	0.586814349253751	0.5741591570065697	0.5709393966675456	0.45753175346627784
10	0.579286810307394	0.5957184233561962	0.5854207632065085	0.49195348505433556	0.5530604605806051	0.528680372377877	0.5496806637398896	0.3577748077307735
20	0.5655664981565188	0.5722146368900016	0.5670663851908597	0.4427929835740435	0.4911242452676749	0.45360047704916584	0.514160727815281	0.24803650626750776
50	0.5393492136422091	0.5191874784946141	0.5302034898490825	0.3978760903081401	0.38163747329389286	0.3367458811978984	0.44458044030399774	0.13491456394346443
100	0.5092216394021298	0.4566987206710681	0.4911996982358159	0.37106271208329356	0.30079443156554253	0.25429056558950236	0.38037044670660547	0.07928855178660413
200	0.46918436743898606	0.37931311330569667	0.441484877503649	0.3446535432182433	0.2269675452717105	0.1795530445224057	0.31673277192008403	0.04465539715999559
500	0.4002639742659439	0.2697326788544168	0.36241487277224527	0.29679317680375067	0.14454235736905238	0.09999678707921632	0.23643348404487372	0.01967452583139655
1000	0.33904866794794586	0.19159363989034056	0.29615614480857744	0.2461719036122118	0.09747121607332392	0.06020661164060219	0.1798020359274785	0.009811727285997997
2000	0.2751438859793212	0.12747075726669138	0.23394246731616755	0.18387915769158056	0.05826932071383075	0.02890680989934346	0.13017135072432723	0.004919840944016538
3671	0.22091158190103402	0.08785851081338632	0.18567840953675827	0.1313356484743801	0.031433419791732184	0.010745930951973182	0.09419946988603028	0.002782424825174079

nDCG@10
Target size	iMF (full)	iMF (test)	kNN (full/test)	Normalized kNN (full)	Normalized kNN (test)	Average Rating	Popularity	Random
0	0.839034712047944	0.8711401454557247	0.8427986096431852	0.8174911482172156	0.8589963777523473	0.8517249074350894	0.7971468592113635	0.6849789337858168
1	0.8365279229057933	0.8673278065499448	0.8402406959407209	0.8058001445488767	0.8479874204657737	0.8366309310121419	0.7914314089788672	0.6517580544566002
2	0.8337650871940812	0.8626252232316622	0.8377420503175547	0.7950765440099089	0.8375722279249775	0.8220441128158411	0.7866414259572729	0.6250410167170243
5	0.8262431703945229	0.8518402207862085	0.8302185990220178	0.767317478309961	0.8068006812843027	0.7814507111837677	0.7709709610084852	0.54870814255298
10	0.8168334376493058	0.8340936140400423	0.8196185920149286	0.7310818292359171	0.7640114597047238	0.7251000381747212	0.7489742508694044	0.45360127426152264
20	0.8036917612521333	0.8042717030679352	0.8017097798093182	0.696448305534861	0.6965790364657838	0.6431867369312173	0.7129620803748162	0.34627001534414387
50	0.7775360924799289	0.7384889471259719	0.7641682582757564	0.6534647102386454	0.5766873553977303	0.5056414602671921	0.6444287722180654	0.2153560915824413
100	0.7449359003150988	0.6600715934378799	0.7221931210973074	0.6143091881948236	0.4763792408107587	0.3956459850168615	0.578421308627927	0.1391932329972086
200	0.6997816065087353	0.5622014223689564	0.6651131844200504	0.5623897439711176	0.37439697962101304	0.2860940862030504	0.5042799432497984	0.0840042536918871
500	0.6179598285387815	0.4138805349279685	0.5702142610712642	0.46092444730936083	0.24473142050129174	0.16237297679843996	0.401898744515292	0.03977354557337566
1000	0.5391126089507529	0.3032005695165444	0.48535359530688316	0.36167716067424793	0.16397949120970146	0.09395963851919358	0.32213252018841765	0.020595511731394827
2000	0.4508954142444324	0.20919341595884386	0.39907068907277854	0.257194524126097	0.0968022598000425	0.0437552990852136	0.2485684127371471	0.010867704369000192
3671	0.3725960888231084	0.14749608509182163	0.3284209845009453	0.17758439883081462	0.05296171982428969	0.017191983390690384	0.19175940980829806	0.006092320080954431

FScore@10
Target size	iMF (full)	iMF (test)	kNN (full/test)	Normalized kNN (full)	Normalized kNN (test)	Average Rating	Popularity	Random
0	0.5242667069413195	0.5431668770989647	0.5268391510226035	0.5116016338299976	0.5368970893846633	0.533921731415988	0.5055366879407781	0.4568491538079759
1	0.5224113246698965	0.54116627525677	0.5252396002568764	0.5044382064559356	0.5313870683018843	0.5266137915892246	0.5023071888045746	0.44150305495915426
2	0.5210069521588089	0.5390094839894657	0.5234671734499665	0.49683999104518606	0.525895585085611	0.5191638129652723	0.4994038463989309	0.42551152154100363
5	0.5143386859105853	0.5319476995989836	0.5179630993075852	0.4736855420859591	0.5088305582272227	0.4964556179613099	0.4893514146621145	0.37636207441901387
10	0.5066952522091511	0.5209129918835227	0.50978989729241	0.4410632299647005	0.48039282315944387	0.4589903401150667	0.47284264098683115	0.30483788373631465
20	0.4969340635702061	0.5020082025341124	0.495840343677907	0.4099296484053915	0.43253528726156576	0.4018078194579192	0.44659331096643323	0.22343803680990454
50	0.47706610013970874	0.45897552045744144	0.4675835924217434	0.377212852767751	0.3480272364027336	0.3089041351036864	0.3954040633062483	0.13077967904229917
100	0.4533522232310445	0.40787579699999055	0.4367820970052481	0.35368077772190826	0.2811335786523036	0.2394889664702909	0.34669246569280554	0.0805674366673216
200	0.421111067708072	0.34388073232610805	0.3961232770020967	0.32621065869407123	0.21691561757216665	0.17202004329279016	0.29504945153321616	0.046307761448504056
500	0.36392078056416	0.24861566571149477	0.33030931768883687	0.27366159445538374	0.1412929919588744	0.09838873138553558	0.22691951773407384	0.020957471338777994
1000	0.31178995679470745	0.17947737043831083	0.2741621952739879	0.2204448427919484	0.09734761325769857	0.06011892972071621	0.1769557110122789	0.010531653721842579
2000	0.2558778047364478	0.12158043339812011	0.21939530210725028	0.16118200300581517	0.05982156581614204	0.029485858812040154	0.13136595448755267	0.005430404882071649
3671	0.20735098139438737	0.08473533746501564	0.17614967185743668	0.1140396234503066	0.033356147896046476	0.011398812690361883	0.09754875317690473	0.0030346156252715104

====================
Dataset: ml1m/female
====================

P@10
Target size	iMF (full)	iMF (test)	kNN (full/test)	Normalized kNN (full)	Normalized kNN (test)	Average Rating	Popularity	Random
0	0.6276301930953775	0.646085430076068	0.6325687536571094	0.6181275599765945	0.6421884142773553	0.6397425394967817	0.6069982445874782	0.5493036863662961
1	0.626132241076653	0.6421884142773552	0.6301696898771211	0.60938560561732	0.6346635459332942	0.62979520187244	0.6028437682855472	0.5300760678759509
2	0.623042715038034	0.6400234055002926	0.6278759508484494	0.6008543007606788	0.6257811585722644	0.6185956699824458	0.5987829139847864	0.5113867758923346
5	0.6159157401989468	0.630087770626097	0.6212521942656524	0.5755529549444118	0.6030193095377413	0.5875833820947923	0.5868578115857226	0.4596840257460503
10	0.6046576945582213	0.6120655354008192	0.6087887653598596	0.5394499707431246	0.5634055002925688	0.5381860737273259	0.5658981860737273	0.37877121123464014
20	0.5910122878876536	0.5858396723229959	0.5912697483908719	0.5049619660620246	0.5020479812755998	0.4581860737273259	0.5367115272088941	0.29205383265067286
50	0.564037448800468	0.5266471620830895	0.5538326506729081	0.4626916325336454	0.3897834991222938	0.32146284376828554	0.47730836746635463	0.18304271503803396
100	0.532264482153306	0.45840842598010534	0.5140667056758338	0.42777062609713284	0.29730836746635464	0.22003510825043882	0.42175541252194265	0.11779988297249852
200	0.48939730836746637	0.37101228788765356	0.46119368051492093	0.38409596255119954	0.2096664716208309	0.12397893504973671	0.35551784669397307	0.0707197191339965
500	0.414277355178467	0.24724400234055005	0.37919251023990636	0.3035693387946167	0.10706846108835577	0.05680514921006437	0.26976009362200115	0.03270918665886484
1000	0.3480631948507899	0.16752486834406083	0.3089057928613224	0.22650672908133412	0.04912814511410181	0.023475716793446462	0.20730251609128145	0.017097717963721473
2000	0.2776009362200117	0.10150965476887068	0.24070216500877706	0.15322410766530134	0.01809245172615565	0.008695143358689292	0.152592159157402	0.00842598010532475
3481	0.22608543007606788	0.06498537156231715	0.1929432416617905	0.10533645406670569	0.004821533060269163	0.0050204798127559975	0.11673493270918667	0.005196021064950264

Recall@10
Target size	iMF (full)	iMF (test)	kNN (full/test)	Normalized kNN (full)	Normalized kNN (test)	Average Rating	Popularity	Random
0	0.6488396932377803	0.6598193044466738	0.6527502072356717	0.6397561838063041	0.6593709103177262	0.658320570754305	0.6392881308169093	0.6092638001102773
1	0.6462067756109183	0.6556699851377763	0.6500058598785843	0.6295515404056531	0.6526514746043359	0.6497308908062752	0.63469102114488	0.5930474671204332
2	0.6426178548135892	0.6531541888327913	0.647643279202296	0.6183015329229707	0.6445488623342046	0.6396246663436982	0.6304516340211063	0.572108730575249
5	0.6309690490515066	0.643029754530836	0.6391665884861527	0.5815946083622836	0.6215138564711661	0.6092932746712353	0.6161255073455931	0.5097121317980398
10	0.6121199577072682	0.6211430446978181	0.6216322958978239	0.512326627995159	0.5751261125790348	0.5499515245899961	0.5873265434168262	0.3878463219572542
20	0.5914740301493802	0.5867836317038265	0.5966590119415702	0.4480187977851787	0.49299433724684716	0.4494975456705639	0.5441426018355271	0.2654334702307962
50	0.5526618713150874	0.5155390000052129	0.5443134751518963	0.3903097804862532	0.35530379501621373	0.28594765644228715	0.4593522298734605	0.1446374035352485
100	0.510949894331451	0.43743510833059673	0.4925552550058964	0.3574081843885025	0.25489166334256874	0.18069016544549846	0.3878610793178386	0.08208866111678459
200	0.45764678302628725	0.3448367095735575	0.4297492692842865	0.3246618433554487	0.16786102274477424	0.09394847712687616	0.308712308670788	0.045548018936154636
500	0.3765397303959155	0.22211500143206792	0.3391287840699516	0.2718388195404303	0.07964813541198934	0.0387476946021003	0.21908338454151483	0.020746217517295704
1000	0.3082941418611081	0.1471395063618223	0.26642599999227234	0.21509242899416506	0.03611176753868865	0.014360526941604812	0.15990763255967239	0.010319113452265655
2000	0.23928123246564711	0.08800636738935783	0.1985873624570052	0.15288126474004912	0.012602429652624095	0.005119295502498802	0.11097952166642151	0.004271828330589117
3481	0.1915563244177731	0.054468316700722406	0.15504643926073175	0.10772573427248092	0.0032163503840473536	0.0028066134255801396	0.07969430717870656	0.003042876745535776

nDCG@10
Target size	iMF (full)	iMF (test)	kNN (full/test)	Normalized kNN (full)	Normalized kNN (test)	Average Rating	Popularity	Random
0	0.8264814778786459	0.8468387381381653	0.8318956242745468	0.8082561986912828	0.8442314303934616	0.8398244723159068	0.7942643144735704	0.7119675007145472
1	0.8226085039794077	0.8386953846761159	0.8279776765330885	0.7925557792901359	0.8283061984329126	0.8180206288542777	0.7871938789114967	0.675453620920909
2	0.8186404552660157	0.8334823883987428	0.8243515585774623	0.7791483421494759	0.8129021309491147	0.7952862314907476	0.7804732459168556	0.642411306184776
5	0.8072971651199772	0.8191527278240542	0.8144887503152731	0.7436554249083518	0.7724877537164259	0.7398536405581522	0.7618981101533041	0.5610672241213319
10	0.7917557368821413	0.7915344718820232	0.7969783345177983	0.6951511223954923	0.7083944237080539	0.6590759231365346	0.7316567643145366	0.44852155018287065
20	0.772894633441344	0.7499304447106142	0.7736603297081547	0.6493295374413464	0.618090415709996	0.5433620943286964	0.690590743847882	0.3364385164506231
50	0.7338604025543093	0.6636204868197481	0.7204290138130383	0.5946179249870571	0.46162536027506773	0.3611614175459571	0.6069186517928494	0.20403969682444817
100	0.691638583005622	0.5681148855893167	0.6662399242415041	0.5491602674833984	0.33862327696947964	0.2354482086539814	0.5320076704222718	0.12858399836518916
200	0.6322533606239038	0.45061113504205175	0.5969769217264478	0.487813191670294	0.22547816236551865	0.13081369311668264	0.4450024647656604	0.07676046288932889
500	0.5342241758455438	0.2927378084498036	0.4891734307852359	0.38028557765083487	0.10467881291420608	0.05530113755983307	0.33346026615578994	0.03585281338393089
1000	0.44677352054531577	0.19440114066021175	0.3985944712605273	0.2810892124605277	0.044728971374692804	0.022590880164547324	0.25371222073042593	0.01819218904971083
2000	0.3529277636866219	0.11612903595950178	0.31109640939923666	0.18770168032628937	0.01508666408138073	0.008694010871789004	0.1851770149856761	0.008728513674197655
3481	0.287180660790867	0.0734862524010175	0.2507328719090095	0.12700135180686517	0.003967504641161421	0.004677551947131508	0.14177000673127188	0.0056109602661286425

FScore@10
Target size	iMF (full)	iMF (test)	kNN (full/test)	Normalized kNN (full)	Normalized kNN (test)	Average Rating	Popularity	Random
0	0.5317966784672749	0.5441762614264933	0.5358113296199317	0.5228648294413633	0.5428566293708401	0.541500382933416	0.5196332472762109	0.48428386858851447
1	0.5298480431704786	0.5404924931076824	0.5333917052949609	0.5137964175722425	0.5362237719314855	0.5329288650281405	0.5154919808956121	0.46821866374157467
2	0.5268726995184035	0.5381853884110374	0.5311920196780021	0.5045961527590441	0.5283510695296033	0.5232247105761796	0.5116257903827568	0.4500004643301863
5	0.5183579820973004	0.5290744579499808	0.5241992856987494	0.4764110829659531	0.507296718552943	0.4953391458085898	0.4993688261219423	0.3984998256081017
10	0.50570875411762	0.5114803874283675	0.5108992365815559	0.4330959900054133	0.4693241533204623	0.44760510747335475	0.4772992800751883	0.3140995670666757
20	0.49121256886160103	0.4854369522722332	0.49236970690083226	0.3934666388873703	0.4081517466758215	0.37153978365449725	0.44597835224754895	0.22709479399183818
50	0.4626476292723017	0.4299967142721199	0.45362432671315317	0.35226678633444314	0.3035530567116086	0.2460947814366158	0.38483430401170626	0.13109982310761897
100	0.43144524433219456	0.36773639090681265	0.4144818316774456	0.3240388029892166	0.22307202394459896	0.16107188512094112	0.330584525548962	0.07833595072573281
200	0.3901852657513431	0.29171174161287033	0.36494903394732914	0.29228602948556215	0.15116018482199847	0.08636712128920436	0.2690635798995792	0.04499320725835034
500	0.32362999559596684	0.18941338533775662	0.2917133844281503	0.23644696686894137	0.07406136230162937	0.03744149864093463	0.19493911940558178	0.020137933285187516
1000	0.2672746092815789	0.12634148462208844	0.2321103228772185	0.18046387079327292	0.033496706447613614	0.014486364758850918	0.14423008918201913	0.010239411196768508
2000	0.2095286160262268	0.0752479233858924	0.17608419434066563	0.12458921584038123	0.012185576804600407	0.005276701786535933	0.1020741943842752	0.004722263164777424
3481	0.16804430945310583	0.047067464809706916	0.13850721830407617	0.08633178000745023	0.003143523148839893	0.0030084755942862786	0.07503653983049233	0.003015100343157519

====================
Dataset: yahoo
====================

P@10
Target size	iMF (full)	iMF (test)	kNN (full/test)	Normalized kNN (full)	Normalized kNN (test)	Average Rating	Popularity	Random
0	0.17044074074074075	0.17075555555555555	0.17003333333333331	0.16830000000000003	0.16993703703703705	0.16950740740740738	0.16805185185185184	0.1667740740740741
1	0.1697888888888889	0.17033333333333336	0.1693148148148148	0.1665888888888889	0.1690037037037037	0.16812962962962966	0.1668851851851852	0.1645740740740741
2	0.1691888888888889	0.1695111111111111	0.16849629629629628	0.16454444444444447	0.16782962962962963	0.16662962962962963	0.16567037037037036	0.16193703703703705
5	0.16645185185185188	0.16721111111111112	0.16545925925925925	0.15534074074074072	0.16362592592592592	0.1596888888888889	0.16065185185185185	0.1493185185185185
10	0.16062222222222228	0.16194814814814815	0.15861111111111112	0.12976666666666667	0.15372222222222223	0.13926296296296298	0.14826666666666669	0.1119148148148148
20	0.15133333333333335	0.15280370370370372	0.14722592592592593	0.10262962962962963	0.1327962962962963	0.10292592592592593	0.1306	0.06907037037037037
50	0.13374444444444444	0.13511111111111113	0.12983703703703703	0.0806148148148148	0.08606296296296297	0.04897407407407408	0.10617037037037039	0.03227407407407408
100	0.11667037037037038	0.11784444444444445	0.11361111111111111	0.0712925925925926	0.04771481481481482	0.02197777777777778	0.08745185185185186	0.01750740740740741
200	0.09846666666666667	0.09770740740740741	0.09604814814814815	0.06543703703703704	0.019422222222222223	0.008059259259259259	0.07071111111111111	0.009262962962962964
500	0.07389629629629631	0.07095185185185186	0.07178148148148149	0.056781481481481474	0.004725925925925926	0.0033370370370370377	0.048881481481481484	0.0037814814814814816
1000	0.05633333333333333	0.05255555555555556	0.05463333333333333	0.04344814814814815	0.001777777777777778	8.481481481481482E-4	0.03508148148148148	0.0018703703703703705

Recall@10
Target size	iMF (full)	iMF (test)	kNN (full/test)	Normalized kNN (full)	Normalized kNN (test)	Average Rating	Popularity	Random
0	0.666678270398266	0.6671678332515618	0.6661979907506425	0.6616667943056563	0.666177350792709	0.6651907170710192	0.6620386510592281	0.6587981852432396
1	0.6655879984976094	0.66641187586861	0.6648144213322136	0.6584567653795427	0.6647365734030146	0.6626735891639587	0.659940683051244	0.6546470050136052
2	0.6641977347989612	0.6648030730688306	0.6633049687459144	0.6544038124069671	0.6627570541287107	0.6601064801816916	0.6574640524256077	0.6492282382243381
5	0.6581831614312504	0.6599415593138361	0.6564071722710929	0.6311429731439671	0.6542443496874236	0.6448618459687306	0.6458941803705793	0.6152566707301454
10	0.6384281123487454	0.6440926442040389	0.6347962547326174	0.5319537985893914	0.6265541820868377	0.5785695238930118	0.6044929753026207	0.46794600752273857
20	0.6057337335799865	0.6125139518360546	0.592173830794224	0.41133854558403515	0.556547523969519	0.42957827521998304	0.5354935404538099	0.2778845876573054
50	0.5421102408316638	0.5482538634338393	0.5278605072469332	0.3201134858743119	0.37349456389265195	0.19600244928525218	0.43886003693968423	0.1231573017721677
100	0.47762282809249557	0.4840540108738036	0.4669029600537827	0.28384464145497945	0.209415677670874	0.08447599140913231	0.362782332423095	0.06338094247448194
200	0.4056980508085023	0.40686866205969957	0.3981700206073169	0.26484615963603153	0.08388490792026085	0.029322192631354733	0.2955553012577437	0.03513866629184338
500	0.30764560826378784	0.3000213704460882	0.30062805760122313	0.23737351422545197	0.019834953531473676	0.013028230211920813	0.2041575457661784	0.012872073056524857
1000	0.23474060155310678	0.22465713344732427	0.22891223901318614	0.18499713062191533	0.0073159107474083315	0.003282202893273326	0.14671235895634877	0.006817782480800523

nDCG@10
Target size	iMF (full)	iMF (test)	kNN (full/test)	Normalized kNN (full)	Normalized kNN (test)	Average Rating	Popularity	Random
0	0.5772210730620818	0.5832866177093775	0.5740638357104441	0.5591481581360952	0.5794461854619856	0.5738029278808916	0.5513397001346664	0.5333613672045454
1	0.5709341131733948	0.5775099692645371	0.5661191721120022	0.533838997809055	0.5591357590071283	0.5355730685703183	0.5372632988665167	0.4847138970328899
2	0.5641507318462202	0.5706072877833271	0.5588528299976587	0.5133206621971348	0.5401517177031312	0.505205431040379	0.5259870178458341	0.452165898129363
5	0.5479805898209775	0.5541911005123641	0.5415815301777313	0.47145908771664524	0.4949363788743377	0.4374816751369419	0.49791572322131517	0.37479466848235515
10	0.5221408374063892	0.5289372629284108	0.5145328686167399	0.40552736801627337	0.4318195573855587	0.35017201049080404	0.456661568459966	0.26748188636154263
20	0.4884701356234637	0.49423081130416485	0.4763580502129293	0.3398627275622138	0.343264349100896	0.23868862669142105	0.40198258551158605	0.16078028311234674
50	0.4258833621361909	0.42873489142990795	0.41453913595283237	0.2811118854741218	0.20042488553478716	0.10275765814784059	0.32437794412787635	0.0735669934477042
100	0.3678295125178762	0.36770978208412625	0.3581819091593849	0.24632883565679084	0.10426365794582024	0.044171908437057074	0.26316577007190844	0.03820895755511353
200	0.3051069283715764	0.29862149674155736	0.2972600243463196	0.21245961503301566	0.04113771273279902	0.01665812238482329	0.2052444803570844	0.020839669021936978
500	0.22334055025626273	0.21041648642576768	0.21607437642562627	0.15953793428350965	0.010131557832744836	0.006325253402222228	0.1351478330565513	0.007720646065680606
1000	0.16769106415618765	0.15149438977851198	0.16105482565407764	0.11206859977348609	0.003944186986868479	0.001755325611699885	0.09325514664404641	0.004258122327698388

FScore@10
Target size	iMF (full)	iMF (test)	kNN (full/test)	Normalized kNN (full)	Normalized kNN (test)	Average Rating	Popularity	Random
0	0.24811980854350013	0.2484630415494264	0.24769462270402837	0.24543722259706025	0.24765318775886852	0.24714708100978813	0.24539884443372548	0.24367115465165434
1	0.24737171614719747	0.24798189336514254	0.24684335683931327	0.24341272818393794	0.2466198680616083	0.2455659948444778	0.24403414494151615	0.24111324592664798
2	0.24661248830011423	0.24697504149173075	0.24587058303269363	0.24089067831123825	0.24528467940033108	0.24382023741902067	0.24254733681043977	0.23784730037837049
5	0.24318774939458562	0.24415998914272646	0.24200047881296802	0.2287687226172821	0.24021592774048325	0.23514028875273169	0.23610833669607895	0.22113691813380365
10	0.2349084574598697	0.23690694797973158	0.23240922146527887	0.19081718722558633	0.2269495798162505	0.20625390543319036	0.2185260547957851	0.165573189895835
20	0.22168552300870012	0.22396474116879003	0.21590007259876862	0.1495741712376745	0.1974793141980625	0.15219692492734652	0.1926054066595857	0.10057766348277652
50	0.19639083051606948	0.19852605659209566	0.1907836512149759	0.11696228894859902	0.1291622115361568	0.07120062077559525	0.1567924309289969	0.045834552992649845
100	0.17164892059908304	0.1736235219579885	0.16734007193043632	0.10357036534616344	0.07170805076912556	0.03133897545422326	0.12921964806754543	0.024443552277912606
200	0.14498013308155605	0.14440702830910693	0.14173039905929308	0.09580472884638458	0.028930732042649933	0.011124459378518973	0.10456673696617366	0.012975694128777405
500	0.1090162054282344	0.10532915754659858	0.10609100302733414	0.08426896582306158	0.006913141908253241	0.004723739815243026	0.07219052826489668	0.005114077352804369
1000	0.08308005627305624	0.0782178169648501	0.08066423375499332	0.06493291041444302	0.0025538686075115323	0.0011884403629720524	0.051745395502839096	0.0025598894525506255

