====================
Dataset: ml100k/old
====================

P@10
Target size	iMF (full)	iMF (test)	kNN (full)	kNN (test)	Normalized kNN (full)	Normalized kNN (test)	Average Rating	Popularity	Random
0	0.5315384615384616	0.5288461538461539	0.5350000000000001	0.5384615384615384	0.5157692307692308	0.5253846153846153	0.5203846153846154	0.5292307692307693	0.488076923076923
1	0.5261538461538462	0.5253846153846153	0.5315384615384615	0.5338461538461539	0.5065384615384615	0.5184615384615384	0.5103846153846153	0.5246153846153846	0.47423076923076923
2	0.5192307692307693	0.5196153846153846	0.5273076923076923	0.5273076923076923	0.5007692307692307	0.5126923076923077	0.49884615384615383	0.5173076923076922	0.4607692307692308
5	0.5030769230769231	0.4926923076923077	0.5096153846153846	0.5061538461538462	0.46923076923076923	0.48769230769230776	0.4615384615384615	0.49423076923076925	0.41384615384615386
10	0.48038461538461547	0.4830769230769231	0.4865384615384615	0.485	0.4338461538461538	0.4542307692307692	0.4023076923076923	0.4607692307692308	0.3334615384615385
20	0.4511538461538461	0.4565384615384616	0.451923076923077	0.4492307692307692	0.3996153846153846	0.3884615384615384	0.3042307692307692	0.43038461538461537	0.2353846153846154
50	0.4069230769230769	0.4015384615384615	0.4046153846153846	0.3873076923076923	0.34	0.28846153846153844	0.2161538461538462	0.34153846153846157	0.13538461538461538
100	0.36423076923076925	0.34923076923076923	0.3515384615384615	0.3380769230769231	0.2884615384615385	0.21384615384615388	0.15730769230769232	0.2734615384615385	0.09153846153846153
200	0.30692307692307697	0.2911538461538462	0.2946153846153846	0.27884615384615385	0.24192307692307696	0.15192307692307694	0.10653846153846154	0.20884615384615382	0.05615384615384615
500	0.2261538461538462	0.20538461538461542	0.21846153846153848	0.2023076923076923	0.1726923076923077	0.07576923076923077	0.06576923076923077	0.13384615384615386	0.026538461538461545
1042	0.17307692307692307	0.14846153846153848	0.16846153846153847	0.15730769230769232	0.11961538461538461	0.03461538461538462	0.047692307692307694	0.09576923076923077	0.01346153846153846

Recall@10
Target size	iMF (full)	iMF (test)	kNN (full)	kNN (test)	Normalized kNN (full)	Normalized kNN (test)	Average Rating	Popularity	Random
0	0.7588506730955146	0.7609051203522291	0.7644985946569358	0.7688747294288086	0.7497824009645535	0.7617302486748547	0.7591177405517743	0.7652282813656175	0.7414269684449678
1	0.753844429339271	0.7556165012023079	0.7607470684054096	0.7630166985707778	0.7386146797968323	0.7534934160630222	0.7481591158431494	0.7597169871043232	0.723037192416553
2	0.743206213388555	0.7489010908435866	0.7555145231728644	0.7546682414723207	0.7307367815512871	0.7466732795002387	0.7354969584177222	0.7502362196448322	0.7029098881749046
5	0.71690640068439	0.712380039934203	0.7247200954409291	0.7188358766740547	0.6843549633646929	0.7098538219472423	0.677671175974069	0.7175697415346546	0.6298032110992702
10	0.67401435515133	0.6880798826099624	0.6843018067518557	0.6762773682408021	0.5969309010204904	0.651341457260173	0.5782401244337041	0.6623603178282382	0.4676586838511899
20	0.6206861243793131	0.641681407207338	0.6267683489952297	0.6145429608170483	0.5290112469981715	0.5259795558300265	0.38297691241758114	0.6008636115774272	0.3028117719139155
50	0.5396611986142205	0.5612016159542976	0.5466528371192252	0.5159066594844607	0.4398961768532005	0.35285057607478054	0.2349473535251653	0.45002473605549803	0.1351882299104148
100	0.4761792055524262	0.4803354941118868	0.4698122797429213	0.43757965615972705	0.37867782630980307	0.22700695303098958	0.1690149582506027	0.33860311587904235	0.08287757389403513
200	0.38443625920718777	0.3979247461751025	0.38284406874458077	0.3435179751274868	0.3261424334015629	0.14953606878236056	0.09051180426984554	0.2545447009856535	0.04566198276270637
500	0.2554979740436935	0.257559380030306	0.26715289262758835	0.24222950306571578	0.24411705134188671	0.05884375543523087	0.05025045391929626	0.16862074017434558	0.021430190253877646
1042	0.18649709439878256	0.18325899816940866	0.20001393698696246	0.18705957568426237	0.16058060310505726	0.026134962198723875	0.0356160749096068	0.13391616348843996	0.00962184491471856

nDCG@10
Target size	iMF (full)	iMF (test)	kNN (full)	kNN (test)	Normalized kNN (full)	Normalized kNN (test)	Average Rating	Popularity	Random
0	0.8009288200414945	0.8059625988193689	0.8202611270927951	0.8203261494553361	0.7817851739033692	0.8018036674981932	0.7988902020700341	0.807618999729927	0.7330331767021955
1	0.7947261220558189	0.799111030140024	0.812167344937278	0.8097094862344394	0.765492360746241	0.7823949695132538	0.7618640842618858	0.7950022283519035	0.6939924968936813
2	0.789774800872061	0.7902167631275837	0.8040471321830218	0.7996204944290798	0.7489951012436471	0.7568381440530576	0.734155509739592	0.7808902855196079	0.6553740707300156
5	0.7535572093494259	0.7504430479213886	0.7752195784545574	0.7668818857325087	0.7105503081841122	0.707783376959663	0.6563553080657302	0.7433712766448703	0.5628043728895048
10	0.7178081920505008	0.7348805590043186	0.7390759939110281	0.7259844178612136	0.6460841989911126	0.634632822339447	0.5517868779100855	0.687879938391473	0.43342530034834637
20	0.6724343277702897	0.6864796379335429	0.6860191579574614	0.6686057948254371	0.5874711011010013	0.5228265653757281	0.4051627198859272	0.628518190368366	0.2967902544833546
50	0.5971831333939265	0.6022629528041705	0.6048987228026312	0.5785879616729787	0.5066948619327597	0.37033328174544905	0.28440422805673454	0.50094436900131	0.16277274190263094
100	0.5203569787030056	0.511993970022349	0.523116850820997	0.5006422085007973	0.4273223400118028	0.2596514898381605	0.20811534807457174	0.3966452736239733	0.10667384739269344
200	0.42866526972904523	0.43311463621618157	0.43633522068272407	0.41274721689722715	0.35206733857509415	0.1665099425857684	0.1414268212618078	0.3063048641527097	0.06178481285942648
500	0.3052605420440498	0.3035893790949602	0.3253419142692393	0.3087595768324291	0.24497110348550946	0.07518879369859738	0.08927400109282105	0.214405545306774	0.030591823790181626
1042	0.22657329418140262	0.2227791138674436	0.2541569019736879	0.2439869839164371	0.1640486814356254	0.035590200434802	0.06432872422227075	0.16106676749248136	0.01359877300129635

FScore@10
Target size	iMF (full)	iMF (test)	kNN (full)	kNN (test)	Normalized kNN (full)	Normalized kNN (test)	Average Rating	Popularity	Random
0	0.5222650703411442	0.5229995706017119	0.5266607270417931	0.5303848521292149	0.5124149729737303	0.5220955750338774	0.5192276432122622	0.5258215017870759	0.5001612941916344
1	0.5170907950120701	0.5187055658978258	0.5232335642493051	0.5253472310815319	0.5025096362224183	0.5147883361837117	0.5094875544396656	0.5209609259164381	0.48429764809292253
2	0.5091934861871594	0.5127151193598007	0.5187957181037228	0.5182855376150396	0.4964629433697514	0.5091688764238234	0.4984710756185377	0.513042962043366	0.46743574286350087
5	0.4903741326749532	0.48615183649342814	0.49805006977032057	0.4938651246982184	0.4606758187463923	0.4815166816690226	0.4556446939085819	0.48907121110153084	0.4137514465867859
10	0.46225372862131725	0.47069166955402286	0.4699992244135222	0.46755895570187533	0.4151111027620703	0.44194179213159873	0.39029954541655565	0.4501744822734661	0.3195772492094533
20	0.4281790633240953	0.44090326769914634	0.43153806037381115	0.4267593181411294	0.37429262161378796	0.3653230373145536	0.2750057570037529	0.41272282346513894	0.21379458190578196
50	0.3770461040074019	0.382496366561362	0.37868655300203413	0.35875979709426326	0.3125863011145854	0.25501182742649287	0.17980951993275793	0.31668187466055275	0.10754225022726097
100	0.3316307924470264	0.32502383391914497	0.32119572669705343	0.3045341477974304	0.26277671604841807	0.17553106025250664	0.12709145777605588	0.24382577015642548	0.0689348450514108
200	0.26994048656350456	0.2682613030301543	0.26250304050449313	0.24378923730463473	0.22004991276827796	0.11829678799474108	0.07753794048908073	0.18453515125428976	0.04267631075054213
500	0.18819186627904724	0.17991472305030282	0.18604038441279663	0.16929599099298928	0.1575195037324318	0.051335297663130976	0.04463368627381925	0.11695739977634605	0.017414822969617588
1042	0.1382677935294153	0.1258789294728809	0.13890965576041836	0.12915274219105974	0.10604829403594747	0.021733149946939166	0.03156210609212475	0.08701698616117748	0.008980109343221784

