7	4	5	891351772
7	557	4	892132145
7	556	3	891352659
7	555	4	892134811
7	554	3	891354639
7	553	3	892134010
7	552	4	891354531
7	551	1	892131978
7	550	4	891352489
7	549	4	891353086
7	548	5	891352692
7	547	3	891353710
7	546	4	891353444
7	545	2	891354882
7	544	3	891353254
7	543	3	891351772
7	542	4	892131849
7	541	2	891354662
7	540	3	892132972
7	537	3	891352749
7	530	5	891350900
7	529	2	891352626
7	558	4	892131924
7	528	5	891352659
7	559	5	891354882
7	561	4	891354611
7	582	5	892135347
7	581	5	891353477
7	580	3	892132171
7	579	4	892133361
7	578	3	891354090
7	577	2	892133310
7	576	5	892132943
7	575	3	892133271
7	574	5	892132402
7	573	5	891353828
7	572	3	891354331
7	571	3	891353950
7	570	3	891354639
7	569	4	892131978
7	568	5	891352261
7	567	1	892132019
7	566	4	891353411
7	565	4	892132019
7	564	3	891354471
7	563	2	892131978
7	562	5	891354053
7	560	3	892132798
7	527	5	891351772
7	526	5	891351042
7	523	4	891350845
7	485	5	891351851
7	484	5	891351201
7	483	4	891351851
7	482	3	891351083
7	481	5	891352341
7	480	4	891352093
7	479	4	891352010
7	474	5	891351002
7	472	2	891353357
7	471	4	891352864
7	470	3	891352489
7	465	4	891353154
7	463	4	891353192
7	461	4	891352303
7	455	4	891353086
7	452	5	891353860
7	451	5	891353892
7	450	4	892132425
7	449	3	891354785
7	448	3	891353828
7	447	5	891350900
7	487	3	891352178
7	488	4	891351041
7	489	3	891353477
7	491	5	891351432
7	521	5	891353124
7	520	5	892133466
7	519	4	891352831
7	515	3	891350757
7	514	2	891351121
7	513	4	891351772
7	511	5	891351624
7	510	5	891352134
7	509	5	891352778
7	507	5	891352383
7	583	2	892132380
7	506	5	891353614
7	504	5	891352384
7	503	4	891353950
7	502	5	891352261
7	501	5	891353411
7	499	4	891351472
7	498	5	891351814
7	497	4	891352134
7	496	5	891351083
7	495	5	891351328
7	492	5	891352010
7	505	3	891352341
7	446	2	892132020
7	584	4	891352093
7	586	3	891354639
7	659	5	891351161
7	658	3	891352419
7	657	4	891351234
7	656	3	891351509
7	655	5	891351384
7	654	5	892135347
7	653	4	891351161
7	652	3	891352659
7	651	5	891350932
7	650	3	891350965
7	649	5	891353254
7	648	5	891351653
7	647	5	891352489
7	646	5	891351383
7	645	4	891353614
7	644	5	891351685
7	643	4	891350932
7	642	3	892132277
7	641	5	892135346
7	640	3	891353614
7	639	5	891353676
7	660	5	891353051
7	638	4	892132122
7	661	5	891351624
7	663	5	891352220
7	683	4	891350703
7	682	2	891350383
7	681	1	891350594
7	680	4	891350703
7	679	5	891353124
7	7	5	891352220
7	678	3	891350356
7	677	3	891354499
7	676	3	891354499
7	675	5	891352947
7	674	2	891352659
7	673	3	891353744
7	672	1	892131925
7	671	5	891351728
7	670	5	891353254
7	669	1	892132020
7	668	4	891352778
7	667	5	892135347
7	666	4	892132192
7	665	4	891354471
7	664	3	891353977
7	662	3	892133739
7	637	4	891353570
7	636	4	891351384
7	635	3	891352864
7	607	3	891352831
7	606	3	891352904
7	605	4	891353290
7	604	3	891351547
7	603	4	891350757
7	602	3	891352594
7	601	5	891353744
7	600	4	891354090
7	599	1	891353860
7	598	3	891353801
7	597	3	891353744
7	596	5	891351728
7	595	2	891353801
7	594	3	891354114
7	593	5	891351851
7	592	5	891353652
7	591	3	891352179
7	590	2	891354730
7	589	5	891352451
7	588	4	891352261
7	587	4	891353950
7	608	4	891351653
7	609	3	891352749
7	610	5	891353086
7	611	3	891351161
7	634	5	891351287
7	632	5	891352261
7	631	4	891352984
7	630	5	891352341
7	629	3	891352526
7	628	3	891352831
7	627	3	891352594
7	626	5	892132773
7	625	3	892131824
7	624	4	891353892
7	585	4	892133180
7	623	3	891354217
7	621	5	892132773
7	620	4	891353892
7	619	3	891352831
7	618	4	891350900
7	617	5	891354588
7	616	4	891351002
7	615	4	891351585
7	614	5	891352489
7	613	4	891352010
7	612	5	891351121
7	622	4	891352984
7	444	5	891354288
7	633	5	891351509
7	441	2	891354257
7	156	5	891351653
7	154	5	891353124
7	153	5	891352220
7	152	4	891351851
7	151	4	891352749
7	145	1	891354530
7	144	5	891351201
7	143	3	892132627
7	142	3	891354090
7	141	5	891353444
7	140	5	891353124
7	139	3	891354729
7	136	5	891351813
7	135	5	891351547
7	134	4	892134959
7	133	5	891353192
7	132	5	891351287
7	131	5	891352383
7	127	5	891351728
7	126	3	891353254
7	125	4	891353192
7	157	5	891352059
7	121	5	891352904
7	161	3	891352489
7	163	4	891353444
7	190	5	891351728
7	188	5	891352778
7	187	4	891350757
7	186	4	891350900
7	185	5	892135346
7	183	4	891351624
7	182	4	891350965
7	181	3	891351287
7	180	5	891350782
7	179	5	891352303
7	178	4	891350932
7	177	4	891352904
7	176	3	891350782
7	175	5	892133057
7	174	5	891350757
7	173	5	891351002
7	172	4	891350965
7	171	3	891351287
7	168	5	891351509
7	166	3	891351585
7	164	5	891351813
7	162	5	891353444
7	118	2	891353411
7	106	4	891353892
7	101	5	891350966
7	53	5	891354689
7	52	4	891353801
7	51	2	891352984
7	50	5	891351042
7	47	5	891352692
7	44	5	891351728
7	39	5	891353614
7	32	4	891350932
7	31	4	892134959
7	29	3	891353828
7	28	5	891352341
7	27	4	891352692
7	25	3	891352451
7	23	3	891351383
7	22	5	891351121
7	443	5	891353254
7	12	5	892135346
7	11	3	891352451
7	10	4	891352864
7	9	5	891351432
7	8	5	891351328
7	54	3	892132380
7	56	5	891351432
7	62	3	891354499
7	64	5	891350756
7	100	5	891351082
7	99	5	891352557
7	98	4	891351002
7	97	5	891351201
7	96	5	891351383
7	93	5	891351042
7	92	5	891352010
7	91	3	891353860
7	90	3	891352984
7	89	5	891351082
7	191	5	891351201
7	86	4	891350810
7	81	5	891352626
7	80	4	891354381
7	79	4	891352261
7	78	3	891354165
7	77	5	891353325
7	73	3	892133154
7	72	5	891353977
7	71	5	891352692
7	69	5	891351728
7	68	4	891351547
7	82	3	891351471
7	192	4	891352010
7	70	1	891352557
7	194	5	891351851
7	393	4	891352058
7	391	3	892132943
7	389	4	891354090
7	387	3	892133670
7	386	4	892133310
7	385	5	891351585
7	384	3	891353710
7	382	4	891352093
7	380	4	891354053
7	379	4	891353325
7	378	5	891353011
7	367	5	891350810
7	365	4	891353744
7	357	5	892135347
7	356	4	891351728
7	341	3	892333206
7	334	5	892130784
7	324	1	892135078
7	318	5	891352010
7	317	4	892133670
7	309	3	891350704
7	396	4	891354288
7	399	4	891354357
7	401	4	891354257
7	402	5	891352904
7	433	5	892135347
7	434	4	891352384
7	435	5	891350845
7	436	5	891351471
7	432	4	891352831
7	440	1	892131978
7	193	5	892135346
7	431	4	891351547
7	430	3	891352178
7	429	5	891351002
7	307	5	891350703
7	428	5	892133036
7	423	5	891351509
7	421	3	891352134
7	420	5	891353219
7	419	3	891350900
7	417	3	892132652
7	416	5	891353051
7	415	2	891354438
7	405	3	891353290
7	404	5	891352947
7	403	4	891351234
7	427	5	891352220
7	300	4	891350703
7	418	4	892131824
7	288	4	891350703
7	219	1	892131924
7	217	4	891352778
7	216	4	891350900
7	215	4	891351624
7	214	5	891352384
7	213	3	891351686
7	212	1	891353051
7	211	5	891352557
7	210	4	891352904
7	208	5	891352220
7	223	5	891351328
7	205	5	891351585
7	203	5	891352178
7	202	3	891352947
7	195	5	891352626
7	196	5	891351432
7	197	4	891351082
7	294	1	892130809
7	198	3	891351685
7	199	5	892135346
7	200	5	891353543
7	201	2	891351471
7	204	5	891351121
7	226	5	891353614
7	207	4	891352526
7	228	4	891350845
7	281	3	891353710
7	275	4	891352831
7	273	3	891351547
7	269	3	891349991
7	268	3	891350703
7	227	3	892132317
7	285	5	891351813
7	266	4	891350703
7	265	5	891350845
7	264	4	891350703
7	260	1	892130982
7	286	4	891350703
7	258	4	892135277
7	241	4	891354053
7	238	5	891351814
7	229	3	891352384
7	237	5	891351772
7	230	3	891353326
7	231	3	892132885
7	232	3	891353766
7	259	3	891350464
7	234	5	891351041
90	269	5	891382310
90	259	2	891382392
90	300	3	891382163
90	289	3	891382310
90	285	5	891383687
90	286	5	891382267
90	276	4	891384476
90	275	5	891383626
90	273	3	891385040
90	272	5	891382121
90	340	4	891382121
90	268	4	891382392
90	287	4	891384611
90	270	4	891382310
90	307	5	891383319
90	302	5	891383319
90	303	4	891382193
90	306	4	891382267
90	310	3	891382240
90	311	4	891382163
90	312	4	891383319
90	313	5	891382163
90	316	5	891382658
90	317	4	891383626
90	318	5	891383350
90	322	4	891382658
90	258	3	891382121
90	323	3	891382634
90	328	3	891382490
90	301	4	891382392
90	245	3	891382612
90	196	4	891385250
90	241	5	891384611
90	192	4	891384959
90	191	5	891384424
90	190	5	891383687
90	187	4	891383561
90	185	5	891384959
90	182	3	891383599
90	180	4	891384065
90	193	4	891383752
90	179	5	891385389
90	177	5	891384516
90	175	3	891383912
90	174	5	891383866
90	171	2	891384476
90	347	4	891383319
90	170	5	891383561
90	166	4	891383423
90	178	5	891384611
90	242	4	891382267
90	194	5	891383424
90	198	5	891383204
90	237	4	891385215
90	234	4	891383835
90	223	4	891383912
90	221	4	891383987
90	220	4	891385165
90	218	5	891385899
90	216	5	891383626
90	197	5	891383319
90	215	2	891385335
90	212	4	891384147
90	211	5	891383424
90	209	5	891383173
90	208	3	891384065
90	203	5	891384611
90	202	3	891385298
90	199	5	891384423
90	213	5	891383718
90	354	3	891382240
90	509	5	891383866
90	357	5	891385132
90	526	5	891383866
90	523	4	891383423
90	521	4	891384570
90	519	5	891384423
90	518	2	891385787
90	517	3	891384789
90	516	5	891383987
90	515	5	891385165
90	514	3	891384423
90	512	4	891383241
90	511	5	891384476
90	507	5	891383987
90	506	5	891383319
90	505	5	891383687
90	501	5	891384885
90	527	5	891384959
90	528	5	891384065
90	529	5	891385132
90	530	3	891385522
90	614	4	891384020
90	162	5	891385190
90	613	4	891383835
90	611	5	891384789
90	610	5	891383753
90	609	5	891384357
90	607	5	891384673
90	500	4	891384721
90	606	5	891383173
90	603	5	891385132
90	602	5	891385466
90	568	5	891385165
90	553	2	891384959
90	547	3	891385899
90	543	3	891383173
90	531	4	891383204
90	604	5	891383350
90	356	4	891385752
90	499	5	891383866
90	497	5	891384996
90	454	2	891383423
90	447	5	891385389
90	443	4	891385250
90	435	5	891383350
90	433	3	891384611
90	430	3	891383835
90	427	5	891384423
90	425	4	891384996
90	423	5	891384997
90	421	4	891383718
90	402	5	891385335
90	387	5	891385215
90	385	4	891385899
90	382	5	891383835
90	367	4	891385250
90	462	5	891383752
90	464	5	891385039
90	471	4	891385752
90	474	5	891383599
90	496	4	891385787
90	494	5	891383241
90	493	5	891383600
90	491	4	891384959
90	490	5	891383753
90	489	5	891384357
90	488	5	891384065
90	498	5	891383173
90	486	5	891383912
90	483	5	891384570
90	482	5	891383204
90	481	5	891384516
90	480	5	891383835
90	479	5	891384147
90	478	5	891384754
90	475	3	891385465
90	485	5	891383687
90	156	4	891384147
90	836	5	891385190
90	154	5	891384516
90	863	4	891384114
90	875	1	891382612
90	879	3	891382542
90	889	3	891382731
90	896	3	891382163
90	900	4	891382309
90	855	5	891383752
90	903	4	891383319
90	905	4	891383319
90	906	2	891382240
90	923	5	891383912
90	942	4	891385165
90	945	5	891383866
90	954	4	891385522
90	904	3	891382121
90	847	5	891383753
90	837	5	891384476
90	821	3	891385843
90	703	3	891384997
90	705	5	891384147
90	707	5	891384476
90	708	5	891385787
90	709	5	891383752
90	713	4	891385466
90	721	3	891385215
90	730	5	891384147
90	732	5	891383241
90	739	5	891384789
90	750	4	891383319
90	753	4	891385751
90	762	3	891385250
90	811	4	891384516
90	813	4	891384997
90	958	4	891383561
90	962	2	891384721
90	964	5	891385843
90	965	5	891383561
90	1193	4	891384789
90	1194	4	891383718
90	1195	5	891384789
90	1196	4	891383599
90	1197	4	891384476
90	1198	5	891383866
90	1199	5	891385652
90	1200	4	891384066
90	1201	5	891383687
90	1202	5	891385132
90	1203	5	891385466
90	1204	4	891384959
90	1205	3	891383687
90	1206	2	891383912
90	617	4	891383835
90	1192	5	891384673
90	699	4	891385298
90	1137	2	891384516
90	1134	3	891385752
90	966	5	891385843
90	971	4	891385250
90	972	4	891384476
90	990	3	891382522
90	995	4	891382708
90	1005	2	891383912
90	1020	5	891384997
90	1039	5	891383599
90	1045	2	891385843
90	1048	4	891385132
90	1086	4	891384424
90	1097	4	891384885
90	1101	4	891384570
90	1109	3	891385652
90	1125	4	891384611
90	1136	3	891385899
90	693	3	891385752
90	692	4	891384476
90	690	4	891383319
90	97	5	891383987
90	96	4	891384754
90	89	5	891385039
90	86	5	891383626
90	83	5	891383687
90	79	4	891383912
90	70	5	891383866
90	69	1	891383424
90	65	4	891385298
90	64	4	891383912
90	60	4	891385039
90	59	5	891383173
90	57	5	891385389
90	56	5	891384516
90	52	5	891385522
90	98	5	891383204
90	45	3	891385039
90	100	5	891383241
90	126	2	891384611
90	153	5	891384754
90	151	2	891385190
90	150	3	891385250
90	149	3	891384754
90	148	2	891385787
90	143	5	891383204
90	141	5	891385899
90	137	5	891384754
90	136	5	891383241
90	135	5	891384570
90	134	5	891383204
90	133	5	891384147
90	132	5	891384673
90	131	5	891384066
90	127	4	891383561
90	117	3	891385389
90	155	5	891385040
90	42	4	891384885
90	31	4	891384673
90	644	5	891384065
90	647	5	891383204
90	648	4	891384754
90	650	5	891384516
90	651	5	891384997
90	652	4	891384611
90	654	5	891384357
90	656	5	891385132
90	657	5	891385190
90	659	4	891384357
90	660	4	891385652
90	661	5	891385522
90	662	5	891385842
90	676	2	891384066
90	684	3	891385335
90	639	5	891385039
90	33	4	891383600
90	632	5	891384113
90	6	4	891384357
90	30	5	891385843
90	26	4	891385842
90	25	5	891384789
90	23	5	891384997
90	22	4	891384357
90	20	4	891384357
90	19	3	891384020
90	18	3	891383687
90	17	4	891384721
90	14	5	891383987
90	12	5	891383241
90	11	4	891384113
90	10	5	891383987
90	9	4	891385787
90	8	5	891383424
90	631	5	891384570
90	618	5	891385335
106	28	4	881451144
106	1115	4	883876833
106	210	4	881450810
106	196	5	881450578
106	194	5	881450758
106	191	5	881451453
106	165	5	881450536
106	162	5	881450758
106	161	3	881452816
106	107	4	883876961
106	100	3	881449487
106	97	5	881450810
106	86	3	881451355
106	82	3	881453290
106	77	4	881451716
106	211	4	881452532
106	70	3	881452355
106	64	4	881449830
106	59	4	881453318
106	48	3	881453290
106	45	3	881453290
106	25	4	881451016
106	22	4	881449830
106	15	3	883876518
106	14	4	881449486
106	12	4	881451234
106	9	4	883876572
106	8	4	881452405
106	1	4	881449487
106	1242	4	881516731
106	69	4	881449886
106	213	4	881453065
106	88	3	881453097
106	223	4	881450440
106	1028	3	883876085
106	956	3	881453290
106	923	4	881453355
106	216	5	881452998
106	778	4	881453040
106	739	3	881453290
106	712	3	881452599
106	703	4	881450039
106	699	4	881451421
106	692	3	881453290
106	684	4	881452763
106	660	4	881451631
106	647	3	881450440
106	584	4	881453481
106	582	4	881451199
106	828	2	883876872
106	526	4	881452685
106	566	4	881452711
106	244	4	883877094
106	273	3	881453290
106	275	4	883877219
106	280	2	883876680
106	285	4	883876206
106	286	4	881449486
106	274	3	883876146
106	318	5	881449830
106	435	3	881452355
106	463	3	881453413
106	495	4	881451016
106	313	4	888706075
111	305	2	891680243
111	304	4	891679840
111	303	3	891680028
111	302	5	891679971
111	286	4	891680076
111	242	4	891679901
111	272	3	891679692
111	269	5	891679692
111	307	2	891680243
111	258	4	891679692
111	301	4	891680028
111	311	4	891680028
111	333	4	891680028
111	315	5	891679692
111	321	3	891680076
111	326	3	891680131
111	328	4	891679939
111	340	4	891679692
111	344	2	891680243
111	354	4	891679692
111	887	3	891679692
111	896	2	891680243
111	1024	3	891679939
111	313	4	891679901
131	1	4	883681384
131	9	5	883681723
131	14	5	883681313
131	221	3	883681561
131	100	5	883681418
131	19	4	883681418
131	845	4	883681351
131	813	3	883681466
131	750	5	883681723
131	744	4	883681384
131	536	5	883681723
131	313	5	883681723
131	302	5	883681723
131	297	4	883681514
131	293	3	883681442
131	287	4	883681351
131	286	5	883681514
131	1281	4	883681561
131	276	5	883681723
131	285	5	883681723
131	126	4	883681514
131	127	4	883681418
131	137	1	883681466
131	242	5	883681723
131	124	5	883681313
131	251	5	883681723
131	269	5	883681723
131	274	3	883681351
131	275	2	883681384
131	248	3	883681262
157	235	5	874813703
157	274	4	886890835
157	273	5	886889876
157	269	4	886889876
157	268	5	886889729
157	258	3	886890296
157	255	3	886889876
157	250	1	886890296
157	244	5	886890406
157	276	4	886889876
157	118	2	886890439
157	147	5	886890342
157	137	5	886889876
157	127	5	886890541
157	120	1	886891243
157	117	5	886890296
157	111	3	886889876
157	100	5	886890650
157	93	3	886890692
157	50	4	886890541
157	25	3	886890787
157	283	4	886890692
157	150	5	874813703
157	286	5	874813268
157	515	5	874813477
157	290	4	886890787
157	1302	5	874813703
157	1283	2	886891173
157	1258	5	886891132
157	1244	3	886891194
157	1132	3	886891132
157	1051	4	886890835
157	1016	5	886890341
157	934	2	886890878
157	748	2	886890015
157	3	3	886890734
157	289	4	886889876
157	685	3	886890372
157	508	5	886890712
157	476	1	886891173
157	475	3	886890650
157	410	4	886890855
157	407	4	886891218
157	405	3	886890342
157	340	5	886889616
157	313	5	886889616
157	298	4	886889876
157	293	5	874813703
157	597	3	886890406
157	1	5	874813703
157	740	2	886889876
173	245	4	877556927
173	324	5	877556864
173	323	5	877556926
173	322	4	877557028
173	321	4	877556864
173	319	4	877556926
173	305	5	877556626
173	303	5	877556864
173	302	5	877556626
173	301	5	877557076
173	300	4	877556988
173	326	5	877556988
173	299	4	877556926
173	292	5	877557369
173	289	4	877556988
173	286	5	877556626
173	269	4	877556626
173	268	4	877556626
173	262	4	877556864
173	260	4	877557345
173	259	3	877557239
173	258	4	877556625
173	242	5	877556626
173	294	5	877556864
173	327	5	877557168
173	306	5	877556626
173	329	4	877557345
173	328	5	877557028
173	1265	3	877557239
173	995	5	877556988
173	984	4	877556988
173	937	4	877557077
173	881	3	877557168
173	880	4	877557168
173	879	5	877557076
173	938	3	877557076
173	690	5	877557076
173	687	1	877557132
173	678	3	877556988
173	334	4	877556926
173	332	4	877557028
173	874	4	877556926
173	331	4	877557028
211	457	4	879437184
211	455	3	879461498
211	443	1	879460096
211	423	5	879459846
211	310	3	879461394
211	303	3	879437184
211	462	4	879460096
211	300	2	879461395
211	357	2	879460172
211	491	3	879459876
211	876	2	879461395
211	526	4	879459952
211	528	4	879459803
211	1330	3	879460096
211	596	3	879460294
211	1127	1	879461395
211	1025	3	879461394
211	890	2	879461395
211	705	4	879459952
211	687	2	879437184
211	286	4	879437184
211	520	4	879460096
211	275	2	879460096
211	678	3	879461394
211	257	5	879461498
211	263	3	879461395
211	9	3	879460172
211	69	3	879460213
211	117	4	879461498
211	127	4	879461498
211	64	3	879460213
211	199	5	879459952
211	205	5	879459952
211	215	5	879460294
211	228	3	879460096
211	230	3	879460294
211	181	1	879461498
234	304	3	891033591
234	321	2	891033393
234	319	3	892334883
234	318	4	892078890
234	317	2	892334189
234	316	4	891033851
234	313	4	891033261
234	307	2	891033427
234	286	3	891033314
234	292	4	891033821
234	288	3	891033738
234	289	4	891033851
234	290	3	892333980
234	291	3	892335342
234	301	3	892826947
234	322	2	891034007
234	294	3	891033715
234	300	3	891033627
234	287	3	891228196
234	328	2	891033772
234	843	2	892334400
234	357	4	892333573
234	448	3	892335501
234	451	3	892334578
234	462	4	892079840
234	463	4	892333865
234	464	4	892079288
234	465	2	892334803
234	466	4	892334368
234	470	2	892335797
234	471	3	892335074
234	472	2	891228099
234	473	5	892334976
234	474	4	892317967
234	477	1	892335108
234	447	3	892336047
234	478	3	892079538
234	480	4	892078485
234	481	5	892079076
234	482	4	892334803
234	483	5	892078424
234	484	5	892078936
234	485	3	892079434
234	486	3	892079373
234	487	3	892079237
234	488	4	892078386
234	489	3	892079237
234	490	4	892079803
234	491	4	892079538
234	492	3	892078936
234	479	5	892334107
234	445	2	892334713
234	443	3	892334079
234	436	3	892334765
234	358	1	891034007
234	367	4	892334976
234	371	3	892335850
234	378	4	892335213
234	381	3	892335739
234	385	2	892335309
234	389	3	892335309
234	393	2	892335108
234	285	4	891227771
234	401	2	892336322
234	403	1	892335674
234	404	4	892333830
234	412	2	892336322
234	414	4	892336021
234	416	4	892335616
234	417	3	892336119
234	418	3	892079373
234	419	4	892334644
234	421	1	892334852
234	423	4	892334079
234	427	4	892078386
234	428	4	892334079
234	429	4	892079434
234	430	4	892333683
234	431	3	892078424
234	432	4	892079722
234	433	2	892079910
234	434	3	892079288
234	435	3	892079040
234	329	2	891033922
234	493	3	892078567
234	284	3	892335460
234	280	3	892334803
234	102	2	892335616
234	100	4	892079769
234	99	5	892333573
234	98	4	892078567
234	97	2	892334267
234	96	2	892334141
234	95	3	892079689
234	106	4	892336322
234	93	3	891227771
234	89	3	892079910
234	88	3	892335920
234	87	3	892079336
234	86	2	892333765
234	85	2	892334852
234	82	3	892334079
234	81	3	892334680
234	91	5	892335920
234	111	3	892318060
234	116	2	892079434
234	117	2	892334976
234	144	3	892079840
234	143	3	892079288
234	142	2	892334852
234	141	3	892334609
234	140	2	892334766
234	137	3	891227730
234	136	4	892317967
234	135	4	892079769
234	134	5	892333573
234	133	3	892334680
234	132	4	892333865
234	131	3	892334680
234	130	1	892336194
234	127	4	892078386
234	125	3	892335739
234	124	4	891227689
234	119	3	892335261
234	79	3	892079910
234	77	3	892333890
234	76	2	892335564
234	73	2	892334368
234	22	4	892334644
234	21	3	892335042
234	20	4	891227979
234	16	2	891227771
234	15	3	892079538
234	14	3	891227730
234	13	3	892335342
234	12	1	892333830
234	11	2	892079140
234	10	3	891227851
234	9	3	891227689
234	842	4	892334045
234	7	2	891227813
234	5	3	892334338
234	4	4	892334610
234	2	2	892335142
234	1	3	891227689
234	23	4	892334368
234	147	3	892335372
234	25	3	892335797
234	30	4	892335951
234	72	3	892335674
234	71	3	892334338
234	70	3	892335587
234	69	4	892078567
234	66	3	892334765
234	64	4	892078983
234	56	3	892078837
234	54	2	892336257
234	52	4	892334141
234	50	4	892079237
234	48	2	892334107
234	47	2	892334543
234	45	4	892079140
234	44	3	892335707
234	40	2	892335894
234	32	3	892078936
234	31	4	892334803
234	28	4	892079538
234	283	3	891227814
234	148	3	891228196
234	152	4	892826701
234	223	3	892079336
234	222	3	892079803
234	221	2	891227814
234	219	2	892336287
234	218	2	892335541
234	216	3	892078605
234	215	3	892079722
234	224	4	892334107
234	213	3	892079190
234	211	3	892079475
234	210	3	892333616
234	209	4	892317967
234	208	4	892318002
234	207	2	892078605
234	206	4	892334543
234	205	3	892079288
234	212	2	892334883
234	226	2	892335673
234	228	3	892079190
234	229	4	892334189
234	279	3	892333980
234	277	3	892334680
234	276	3	891228196
234	274	3	892334765
234	273	3	892336165
234	268	2	891033261
234	265	3	892078837
234	259	2	891033686
234	258	2	891033627
234	243	1	891034107
234	242	4	891033261
234	241	2	892335042
234	238	3	892079040
234	237	3	892336021
234	236	3	892079336
234	234	4	892079475
234	233	2	892335990
234	204	2	892079617
234	202	3	892079585
234	200	5	892335074
234	199	5	892079040
234	175	2	892079076
234	174	3	892078605
234	173	3	892334577
234	172	3	892078837
234	170	5	892333798
234	168	3	892079434
234	166	5	892079237
234	165	5	892079040
234	164	3	892334644
234	163	3	892335951
234	162	3	892335541
234	161	3	892335824
234	160	2	892336119
234	157	2	892334400
234	156	2	892078936
234	154	3	892078605
234	153	3	892333830
234	176	3	892079190
234	151	3	892334481
234	177	3	892079040
234	179	3	892079373
234	198	3	892078837
234	197	5	892333616
234	196	3	892079910
234	195	2	892078936
234	194	5	892333653
234	193	4	892334713
234	192	3	892078984
234	191	4	892334765
234	190	3	892079190
234	188	2	892079288
234	187	4	892079140
234	186	3	892078567
234	185	3	892078936
234	183	4	892079585
234	182	3	892078567
234	181	3	892079373
234	180	3	892079910
234	178	5	892078890
234	494	4	892078837
234	8	5	892079585
234	496	4	892079190
234	1455	2	892318158
234	1454	3	892336257
234	1453	2	892335415
234	1452	4	892335342
234	1451	3	892078343
234	1450	3	892335213
234	1449	4	892333573
234	1448	3	892335187
234	1447	3	892336119
234	1446	3	892335739
234	1445	4	892336286
234	1400	3	892334400
234	1397	4	892334976
234	1369	3	892333765
234	1330	3	892078343
234	1298	3	892079373
234	1285	3	892335764
234	1269	3	892078297
234	1263	3	892335142
234	1221	4	892334852
234	1205	1	892335501
234	1204	3	892078297
234	1203	4	892079910
234	1200	3	892333865
234	1198	3	892335187
234	1186	4	892335707
234	1185	3	892335951
234	1456	4	892335142
234	1457	3	892079538
234	1458	4	892336165
234	1459	3	892335261
234	724	4	892335739
234	727	3	892079475
234	731	2	892336194
234	732	2	892334713
234	735	3	892079803
234	739	3	892335990
234	745	4	892333573
234	746	2	892335213
234	747	3	892334578
234	749	3	891033772
234	751	2	891033394
234	765	3	892336322
234	768	2	892335990
234	1184	2	892079237
234	770	4	892335920
234	782	3	892335372
234	785	3	892336119
234	792	4	892336165
234	806	2	892334766
234	808	2	892335707
234	832	2	892335501
234	835	3	892334481
234	836	4	892317967
234	837	3	892079434
234	1463	5	892333573
234	1462	3	892333865
234	1461	2	892078297
234	1460	3	892335460
234	781	2	892335764
234	712	2	892336077
234	1172	3	892079076
234	1169	4	892334543
234	959	2	892334189
234	956	3	892826643
234	951	1	892334766
234	950	2	892079538
234	945	3	892334189
234	942	3	892334610
234	939	2	892333798
234	929	1	891228099
234	928	2	892336287
234	927	4	892334267
234	925	2	892334976
234	923	4	892078741
234	921	4	892079434
234	887	3	891034078
234	878	2	892336477
234	874	1	891227463
234	873	3	891034007
234	872	2	891033627
234	867	4	892826174
234	863	5	892079689
234	855	3	892079803
234	844	2	892078521
234	845	3	892335825
234	847	4	891227730
234	848	3	892334577
234	850	2	892336047
234	495	4	892335042
234	963	3	892078983
234	964	4	892334852
234	965	3	892079538
234	966	4	892334189
234	1168	2	892335108
234	1149	3	892318060
234	1133	3	892336358
234	1123	3	892335342
234	1121	5	892334481
234	1120	3	892079288
234	1101	3	892335372
234	1100	2	892335500
234	1078	2	892336322
234	1075	3	892335797
234	1064	4	892333683
234	1063	3	892079769
234	1051	2	892336322
234	1170	1	892336077
234	1050	3	892333616
234	1044	2	892336194
234	1039	3	892078741
234	1035	3	892335142
234	1021	4	892333765
234	1020	4	892078890
234	1015	2	892079617
234	1011	3	891227730
234	1010	2	892335415
234	1003	2	892334267
234	989	2	891033966
234	984	2	891033966
234	980	2	891227851
234	970	4	892335437
234	1048	3	892335501
234	709	4	892079337
234	1126	4	892079722
234	702	2	892335707
234	531	3	892078984
234	546	1	891227851
234	549	3	892335850
234	552	2	892336322
234	557	1	892335989
234	558	4	892079585
234	566	2	892335108
234	571	2	892318158
234	582	4	892334883
234	584	3	892333653
234	588	3	892335541
234	589	3	892078567
234	591	3	892335142
234	596	2	891227979
234	601	3	892334765
234	602	4	892334368
234	603	4	892333573
234	604	5	892078936
234	605	3	892333798
234	606	5	892318060
234	607	4	892079140
234	608	3	892078741
234	609	3	892335186
234	530	4	892333573
234	528	4	892079689
234	527	3	892334189
234	526	3	892334045
234	502	4	892336077
234	501	4	892334543
234	500	3	892078890
234	499	4	892334141
234	498	5	892078699
234	497	4	892334481
234	705	5	892318002
234	503	2	892333653
234	504	4	892078485
234	505	4	892333798
234	506	4	892318107
234	610	4	892079769
234	507	4	892334803
234	511	5	892078567
234	513	5	892333980
234	515	5	892078424
234	516	3	892079140
234	517	3	892333919
234	519	5	892078342
234	520	4	892078890
234	521	3	892079077
234	523	4	892334141
234	524	3	892079910
234	525	4	892078984
234	510	4	892079840
234	611	5	892078605
234	550	2	892334883
234	649	3	892335870
234	615	5	892079722
234	616	2	892334976
234	617	3	892078741
234	618	3	892078343
234	619	2	891227851
234	622	2	892335415
234	623	2	892318107
234	625	3	892336286
234	626	4	892336358
234	614	3	892334609
234	628	2	892826612
234	630	2	892334141
234	631	3	892334577
234	647	3	892826411
234	632	2	892079538
234	634	4	892079910
234	635	2	892336358
234	636	3	892336358
234	638	4	892335989
234	641	4	892078297
234	629	4	892335042
234	613	4	892079434
234	612	3	892079140
234	648	3	892826760
234	699	3	892079538
234	694	3	892079040
234	693	2	892333980
234	692	3	892335990
234	686	3	892334976
234	675	4	892078342
234	673	4	892334189
234	671	3	892336257
234	663	4	892335707
234	642	3	892334766
234	662	3	892079585
234	660	4	892334543
234	659	3	892078660
234	657	4	892079840
234	656	4	892079288
234	655	3	892333616
234	654	5	892333573
234	653	3	892335108
234	651	4	892078485
234	650	3	892078837
234	661	5	892333573
234	646	3	892335500
266	319	2	892256765
266	313	4	892256705
266	924	2	892258038
266	272	4	892256705
266	276	3	892258004
266	283	3	892257897
266	285	4	892257940
266	268	4	892256828
266	286	4	892256662
266	289	3	892256967
266	275	5	892257831
266	245	1	892257446
266	237	3	892257940
266	124	4	892258004
266	25	3	892257940
266	14	4	892258004
266	9	4	892258004
266	321	3	892256892
266	325	1	892257419
266	508	4	892258004
266	676	3	892257897
266	874	2	892257101
266	100	5	892257865
308	403	4	887738571
308	404	3	887736998
308	408	5	887738268
308	402	4	887740700
308	385	4	887740099
308	393	4	887740367
308	392	4	887740367
308	382	4	887739521
308	378	3	887740700
308	396	4	887740099
308	410	4	887741329
308	427	4	887736584
308	417	3	887740254
308	371	3	887738469
308	448	3	887740866
308	443	3	887740500
308	436	4	887739257
308	435	4	887737484
308	434	4	887736584
308	433	5	887738301
308	411	4	887739987
308	432	4	887737036
308	429	4	887737890
308	428	5	887739426
308	447	4	887739056
308	425	4	887737997
308	423	5	887736999
308	420	4	887740216
308	419	4	887737194
308	430	4	887738717
308	367	4	887738571
308	254	2	887742454
308	357	4	887738151
308	238	5	887736843
308	449	3	887741003
308	239	3	887740033
308	241	4	887738509
308	248	4	887741437
308	255	4	887741693
308	257	4	887741526
308	259	3	887736408
308	264	2	887736408
308	265	3	887737647
308	273	2	887737084
308	274	3	887738760
308	275	4	887737891
308	276	4	887736998
308	365	3	887739915
308	283	3	887737194
308	285	5	887736622
308	288	4	887736408
308	291	3	887739472
308	293	4	887741415
308	294	3	887736408
308	295	3	887741461
308	298	5	887741383
308	309	1	887736408
308	313	3	887736408
308	318	4	887736743
308	319	4	887736408
308	321	3	887736408
308	322	2	887736408
308	356	3	887740833
308	284	4	887741554
308	452	2	887741329
308	559	4	887740367
308	461	4	887737535
308	530	4	887736584
308	528	3	887737036
308	526	3	887739426
308	525	5	887738847
308	523	4	887737084
308	522	3	887737484
308	531	4	887738057
308	521	3	887736798
308	519	4	887737997
308	517	4	887737483
308	516	4	887736743
308	515	3	887737536
308	514	4	887738619
308	513	3	887736584
308	520	4	887738508
308	512	5	887736584
308	537	4	887739136
308	550	4	887738847
308	237	3	887737383
308	589	4	887737760
308	588	5	887738893
308	584	4	887738717
308	583	4	887737483
308	582	3	887736843
308	546	3	887740500
308	581	4	887740500
308	578	2	887738847
308	569	3	887740410
308	568	5	887740649
308	567	4	887741329
308	566	4	887739014
308	558	4	887737594
308	579	3	887740700
308	511	5	887737130
308	510	3	887736925
308	509	4	887738717
308	483	3	887736843
308	482	5	887738152
308	481	4	887737997
308	480	4	887736532
308	479	5	887738346
308	477	4	887739257
308	484	3	887736998
308	475	4	887737193
308	472	2	887739336
308	471	3	887739382
308	469	5	887738104
308	467	4	887737194
308	466	5	887738387
308	463	4	887738057
308	473	3	887739951
308	485	3	887737719
308	486	4	887737432
308	487	4	887736798
308	507	3	887738893
308	506	4	887738191
308	505	3	887737647
308	504	4	887738570
308	502	5	887739521
308	501	4	887740099
308	499	3	887738619
308	498	5	887736584
308	496	3	887736532
308	495	3	887740131
308	494	5	887738570
308	493	3	887737293
308	492	3	887737535
308	490	4	887738104
308	488	4	887736696
308	455	4	887738226
308	235	3	887739800
308	47	4	887738933
308	233	3	887738346
308	89	5	887738057
308	88	4	887740568
308	87	4	887737760
308	85	4	887741245
308	82	4	887738470
308	81	5	887737293
308	91	4	887737536
308	79	4	887737593
308	74	4	887740184
308	73	3	887738972
308	72	4	887740451
308	71	4	887739257
308	70	4	887737244
308	69	2	887738664
308	77	3	887740788
308	68	4	887740933
308	92	4	887737293
308	96	4	887737432
308	127	4	887737243
308	124	4	887737647
308	123	3	887738619
308	122	4	887742165
308	121	3	887739471
308	118	3	887739670
308	95	4	887737130
308	117	3	887738620
308	109	3	887738894
308	107	4	887741150
308	100	5	887736797
308	99	4	887738057
308	98	3	887737334
308	97	1	887738469
308	116	4	887737594
308	66	4	887740788
308	65	3	887738301
308	64	4	887737383
308	24	4	887738057
308	23	5	887737293
308	22	4	887737647
308	21	3	887740729
308	19	3	887737383
308	17	4	887739056
308	25	4	887740649
308	15	3	887739426
308	11	5	887737837
308	9	4	887737194
308	8	5	887736696
308	7	4	887738847
308	5	4	887739608
308	4	5	887737890
308	12	5	887737243
308	28	3	887737036
308	30	4	887738933
308	31	3	887739472
308	61	3	887739336
308	60	3	887737760
308	59	4	887737647
308	58	3	887736459
308	56	5	887736924
308	55	3	887738760
308	54	2	887740254
308	50	5	887737431
308	49	3	887740833
308	48	4	887736880
308	591	3	887739608
308	45	4	887736843
308	44	4	887740451
308	42	4	887738191
308	32	5	887737432
308	129	5	887736925
308	234	3	887737084
308	131	4	887739383
308	133	3	887738225
308	201	5	887737334
308	200	5	887738933
308	199	4	887737760
308	198	3	887739172
308	197	3	887736743
308	196	3	887739951
308	202	4	887737084
308	195	5	887738619
308	193	3	887737837
308	192	5	887736696
308	191	4	887736797
308	187	5	887738760
308	186	4	887738152
308	185	4	887736925
308	194	5	887739257
308	184	4	887738847
308	203	5	887737997
308	205	3	887738191
308	231	3	887740410
308	230	4	887739014
308	226	3	887740833
308	223	4	887737130
308	219	3	887738717
308	218	5	887738717
308	204	4	887737891
308	216	3	887737789
308	214	2	887738104
308	213	4	887739382
308	211	4	887737535
308	210	4	887737130
308	209	4	887737686
308	208	4	887736798
308	215	3	887737483
308	183	4	887736695
308	182	5	887737194
308	181	4	887739095
308	157	5	887738268
308	156	4	887738057
308	154	4	887738152
308	153	5	887737484
308	152	5	887739292
308	151	4	887741795
308	160	4	887738717
308	148	3	887740788
308	144	3	887737956
308	143	4	887739136
308	141	3	887739891
308	139	3	887741179
308	135	5	887737243
308	134	5	887737686
308	147	3	887739831
308	161	3	887740788
308	162	4	887739095
308	163	4	887737084
308	180	5	887737997
308	179	4	887736584
308	178	4	887737719
308	177	5	887738570
308	176	4	887736696
308	175	5	887736999
308	174	4	887736696
308	172	4	887736532
308	171	4	887738346
308	170	3	887737130
308	169	5	887736532
308	168	4	887737593
308	166	3	887737837
308	165	3	887736696
308	164	4	887738664
308	132	3	887737891
308	597	3	887738933
308	1	4	887736532
308	603	5	887736743
308	965	4	887738387
308	962	4	887738104
308	959	3	887739335
308	945	4	887739136
308	942	3	887737432
308	928	4	887742103
308	921	4	887738268
308	863	3	887736881
308	856	4	887738387
308	853	5	887736797
308	848	4	887736925
308	966	3	887740500
308	843	3	887739095
308	826	3	887739427
308	825	4	887740700
308	824	3	887742013
308	822	4	887739472
308	811	4	887739212
308	806	4	887737594
308	805	4	887739471
308	802	3	887738717
308	792	3	887737594
308	778	3	887740603
308	770	4	887738057
308	842	3	887740099
308	968	4	887739987
308	1006	4	887739608
308	1019	4	887738570
308	602	4	887737536
308	1515	4	887738346
308	1456	4	887739056
308	1421	4	887739212
308	1411	4	887741150
308	1404	4	887739257
308	1286	3	887738151
308	1252	3	887741604
308	1211	3	887739669
308	1197	4	887739521
308	1169	5	887739136
308	1154	2	887740367
308	1147	4	887738387
308	1135	4	887740099
308	1126	3	887738268
308	1121	3	887737647
308	1118	4	887740500
308	1074	3	887741271
308	1073	3	887736798
308	1065	5	887739382
308	1047	3	887742130
308	1046	4	887740649
308	1045	4	887740033
308	1028	2	887738972
308	1021	4	887736459
308	755	3	887740033
308	747	3	887740033
308	1140	4	887740933
308	742	4	887739172
308	654	5	887736881
308	653	5	887736999
308	649	4	887739292
308	648	4	887738509
308	646	5	887738508
308	642	5	887738226
308	641	4	887736459
308	640	4	887737036
308	637	3	887741108
308	634	4	887737334
308	633	4	887739257
308	655	4	887738664
308	632	3	887738057
308	628	3	887738104
308	618	4	887737955
308	616	2	887739800
308	614	3	887739757
308	613	4	887738620
308	611	4	887738971
308	610	4	887738847
308	609	4	887739757
308	607	3	887737084
308	746	4	887739056
308	605	4	887740603
308	629	4	887738894
308	656	3	887736622
308	615	3	887739213
308	659	3	887736532
308	739	4	887739639
308	657	4	887736696
308	741	4	887739863
308	736	3	887738760
308	732	4	887738847
308	729	3	887740254
308	712	4	887740833
308	709	3	887737334
308	708	4	887739863
308	705	5	887737837
308	699	4	887737193
308	693	3	887738104
308	692	3	887738469
308	715	5	887740700
308	686	4	887739831
308	663	5	887738469
308	660	3	887740410
308	664	5	887736999
308	661	4	887736532
308	671	4	887739014
308	665	4	887741003
308	675	4	887740367
308	678	3	887736408
308	679	4	887739426
308	684	3	887737593
308	673	4	887737243
318	509	5	884495817
318	508	4	884494976
318	514	2	884496524
318	517	3	884496069
318	524	3	884496123
318	527	5	884496596
318	531	4	884495921
318	540	4	884498141
318	605	4	884497425
318	575	2	884497924
318	648	5	884495534
318	610	5	884496525
318	618	3	884496984
318	628	4	884494757
318	629	4	884497236
318	503	4	884497402
318	631	4	884496855
318	566	4	884496472
318	501	4	884496984
318	414	4	884496008
318	482	5	884496156
318	384	3	884498210
318	655	4	884496290
318	385	4	884496398
318	393	5	884497449
318	396	1	884498684
318	401	3	884498292
318	403	2	884496759
318	404	3	884496639
318	485	5	884495921
318	405	2	884494797
318	423	5	884495561
318	435	5	884496069
318	451	4	884497546
318	458	4	884494861
318	474	4	884495742
318	476	4	884495164
318	480	4	884495795
318	481	4	884496156
318	419	5	884495890
318	657	5	884495696
318	941	4	884497715
318	660	3	884497207
318	898	4	884470237
318	934	4	884495382
318	944	2	884497208
318	968	3	884496671
318	1012	4	884471076
318	1014	2	884494919
318	1023	2	884495091
318	1030	2	884498787
318	892	3	884470391
318	1032	3	884498210
318	1048	4	884495001
318	1050	4	884496738
318	1063	3	884495973
318	1120	3	884495206
318	1160	5	884494976
318	1204	2	884496156
318	1521	3	884497824
318	381	1	884497516
318	1044	4	884496985
318	659	4	884495868
318	869	3	884498461
318	865	2	884496099
318	692	4	884495561
318	697	5	884496008
318	708	4	884497994
318	712	4	884496368
318	722	4	884497546
318	732	5	884496267
318	735	5	884496182
318	739	5	884496984
318	866	4	884494976
318	750	4	884469971
318	768	2	884498022
318	792	2	884496218
318	795	2	884498766
318	796	3	884496500
318	809	4	884498210
318	815	3	884494938
318	842	2	884495742
318	864	2	884495032
318	763	3	884494897
318	378	4	884497632
318	138	4	884498115
318	357	4	884496069
318	94	4	884498210
318	100	5	884470896
318	105	1	884495164
318	121	1	884495052
318	127	5	884470970
318	132	4	884495868
318	133	4	884496432
318	134	5	884495639
318	88	4	884496367
318	137	4	884494652
318	142	4	884496219
318	143	5	884495944
318	157	5	884496398
318	158	5	884498709
318	160	3	884497031
318	161	3	884496738
318	162	5	884496123
318	167	4	884497611
318	140	4	884496738
318	174	4	884495590
318	85	3	884497180
318	72	4	884498540
318	4	2	884497516
318	8	4	884495616
318	12	4	884495795
318	14	4	884471030
318	15	5	884470944
318	24	4	884495132
318	25	5	884494757
318	40	4	884497882
318	77	3	884497078
318	47	2	884496855
318	50	2	884495696
318	56	3	884495561
318	58	4	884496243
318	63	3	884496932
318	64	4	884495590
318	66	4	884495921
318	69	5	884496572
318	70	5	884496368
318	49	3	884497257
318	376	3	884498314
318	179	4	884497546
318	186	5	884498292
318	269	5	884469970
318	275	4	884470718
318	282	4	884470775
318	284	3	884470775
318	285	4	884470944
318	286	3	884470681
318	289	3	884470682
318	294	4	884469971
318	265	4	884495664
318	301	4	884470034
318	307	3	884470681
318	312	4	884470193
318	315	5	884470294
318	318	5	884496218
318	321	4	884470149
318	326	4	884470149
318	340	4	884470115
318	356	4	884496671
318	305	2	884470682
318	182	4	884496549
318	257	5	884471030
318	248	3	884494976
318	187	4	884495742
318	188	3	884497031
318	191	5	884496069
318	193	3	884496367
318	194	5	884495590
318	196	3	884495973
318	197	5	884496030
318	204	5	884496218
318	255	4	884494693
318	205	3	884496334
318	210	4	884496069
318	211	5	884496432
318	213	4	884497031
318	216	4	884495868
318	229	1	884497318
318	237	5	884494712
318	238	3	884497359
318	239	4	884497235
318	208	4	884495664
318	26	5	884497471
318	215	2	884496218
349	412	1	879466366
349	120	3	879466334
349	125	4	879466541
349	126	2	879465598
349	237	2	879466062
349	276	5	879465841
349	284	5	879466156
349	285	5	879465477
349	288	3	879466118
349	291	3	879465934
349	325	3	879465326
349	370	2	879466283
349	118	2	879466283
349	411	4	879466232
349	458	4	879465933
349	459	4	879465569
349	471	3	879465535
349	475	4	879466479
349	544	4	879465933
349	546	3	879466200
349	596	2	879465814
349	619	4	879466000
349	696	3	879465934
349	713	3	879465673
349	744	2	879465785
349	455	2	879465712
349	106	1	879466283
349	121	2	879465712
349	100	4	879466479
349	25	3	879465966
349	105	2	879466283
349	20	5	879465642
349	15	4	879465785
349	10	5	879465569
349	9	4	879465477
349	1117	3	879466366
349	1028	2	879466200
349	1128	3	879466062
349	985	3	879466118
349	823	4	879466156
349	847	4	879466507
351	873	3	879481643
351	879	5	879481461
351	880	2	879481460
351	313	5	883356562
351	754	5	883356614
351	326	5	879481589
351	340	1	879481424
351	328	4	879481550
351	332	5	879481495
351	341	4	879481425
351	751	4	883356614
351	343	3	883356591
351	359	4	879481589
351	538	4	879481495
351	678	4	879481675
351	689	4	879481386
351	748	4	879481613
351	750	5	883356810
351	888	4	879481589
351	327	5	883356684
351	895	3	883356591
351	882	5	879481589
351	984	5	879481675
351	245	3	879481550
351	258	5	879481386
351	286	5	879481386
351	288	3	879481550
351	289	5	879481613
351	292	4	879481550
351	300	5	879481425
351	301	3	879481424
351	304	3	879481675
351	307	4	879481550
351	310	5	879481386
351	311	4	879481589
351	312	5	883356784
351	323	5	883356710
351	1316	4	883356883
351	1105	4	883356833
351	1024	4	879481495
351	990	5	879481461
351	989	4	883356684
351	898	5	883356784
351	322	5	879481589
364	1048	5	875931585
364	990	4	875931478
364	988	2	875931561
364	948	4	875931561
364	875	3	875931585
364	690	4	875931309
364	678	4	875931478
364	325	4	875931432
364	321	2	875931478
364	319	3	875931309
364	687	1	875931561
364	294	5	875931432
364	289	3	875931432
364	288	4	875931432
364	286	5	875931309
364	269	4	875931309
364	268	3	875931309
364	262	3	875931432
364	261	2	875931432
364	302	4	875931309
396	751	3	884645648
396	742	4	884646346
396	717	3	884646467
396	678	3	884645838
396	546	4	884646647
396	597	4	884646647
396	595	3	884646467
396	591	3	884646114
396	823	2	884646647
396	619	3	884646191
396	829	3	884646648
396	1028	3	884646191
396	841	4	884646648
396	871	2	884646289
396	930	3	884646467
396	974	4	884646152
396	977	3	884646468
396	986	4	884646537
396	1025	4	884645839
396	472	5	884646647
396	1215	2	884646709
396	1399	3	884645942
396	840	3	884646648
396	471	4	884646263
396	100	2	884646092
396	406	2	884646468
396	1	4	884646346
396	9	4	884646401
396	25	3	884646191
396	106	4	884646537
396	117	4	884646191
396	118	4	884646314
396	121	5	884646235
396	125	3	884646191
396	455	2	884646582
396	151	3	884646401
396	222	5	884646152
396	237	4	884646092
396	245	3	884645720
396	148	4	884646436
396	271	4	884645790
396	405	3	884646314
396	333	4	884645528
396	260	3	884645754
396	328	4	884645813
396	323	4	884645790
396	322	4	884645790
396	329	2	884645615
396	291	4	884646289
396	288	3	884645648
396	282	4	884646052
396	281	3	884646647
396	274	4	884646263
396	300	3	884645550
423	316	4	891394985
423	322	3	891395020
423	323	3	891395047
423	326	4	891394874
423	327	2	891394673
423	328	1	891394874
423	329	3	891394952
423	333	3	891394747
423	339	2	891394788
423	340	4	891394504
423	628	4	891395602
423	347	3	891394632
423	348	3	891394910
423	355	3	891395020
423	471	3	891395626
423	508	4	891395394
423	546	2	891395684
423	591	5	891395547
423	620	4	891395711
423	315	4	891395141
423	344	4	891394558
423	313	4	891394595
423	258	5	891394747
423	307	3	891394673
423	678	3	891395020
423	9	5	891395395
423	10	4	891395734
423	15	4	891395573
423	100	5	891395448
423	125	2	891395547
423	127	4	891395394
423	237	4	891395448
423	245	4	891394952
423	310	3	891394558
423	269	3	891394558
423	276	5	891395602
423	282	4	891395448
423	286	4	891394632
423	292	4	891394504
423	293	4	891395547
423	299	3	891394788
423	300	3	891394874
423	302	5	891394595
423	304	4	891394632
423	272	5	891394503
423	689	4	891395020
423	148	3	891395417
423	696	3	891395759
423	690	4	891394832
423	1238	3	891394874
423	1134	4	891395684
423	1011	3	891395547
423	977	1	891395787
423	924	4	891395602
423	898	4	891394952
423	1265	4	891394788
423	879	3	891394558
423	823	3	891395759
423	754	4	891394832
423	751	3	891394832
423	750	5	891394704
423	748	3	891394985
423	887	5	891394673
423	744	4	891395655
446	327	2	879787858
446	328	3	879786984
446	332	3	879787149
446	334	3	879787149
446	338	2	879786943
446	340	2	879786691
446	690	2	879786892
446	688	2	879786985
446	748	2	879787149
446	754	3	879787858
446	879	3	879786691
446	880	2	879786943
446	326	2	879786943
446	359	3	879787226
446	322	3	879787226
446	300	3	879787149
446	311	2	879787858
446	268	2	879786892
446	245	4	879787226
446	286	3	879787730
446	288	2	879786838
446	289	3	879786984
446	292	5	879786838
446	321	4	879786943
446	294	1	879786984
446	883	3	879786837
446	301	3	879786838
446	302	4	879787730
446	303	2	879787859
446	306	3	879786691
446	307	3	879786892
446	299	2	879787149
446	887	4	879786943
446	270	4	879786892
446	888	1	879787859
446	269	4	879787730
454	498	3	888267559
454	471	3	881960445
454	468	3	888267087
454	465	3	888267343
454	463	2	888267560
454	454	3	881959745
454	451	4	888267455
454	435	2	881960145
454	434	3	888267387
454	431	3	888266991
454	427	4	881960173
454	423	4	881959607
454	419	4	881959917
454	418	3	888267128
454	414	2	888267226
454	404	3	888267590
454	402	3	888267419
454	392	2	888266991
454	472	3	888266874
454	474	4	881959917
454	478	2	888267487
454	479	4	881959991
454	504	2	888266955
454	507	3	881960265
454	509	2	881960230
454	511	3	881960173
454	519	2	888267455
454	520	4	881959607
454	526	4	881959698
454	496	4	881959991
454	493	2	888267617
454	492	3	888266643
454	487	4	888266565
454	486	3	881960385
454	485	4	888267386
454	484	3	881960445
454	483	3	881960145
454	482	3	881960230
454	480	4	881959652
454	497	3	881959876
454	490	2	888266754
454	568	4	888266906
454	528	4	881959818
454	879	4	881958402
454	875	1	888266433
454	873	2	881958782
454	842	2	881960266
454	837	2	888267315
454	836	2	888266785
454	939	2	888267386
454	751	4	888265376
454	746	2	881959778
454	742	3	888267315
454	740	2	888266433
454	736	3	888266991
454	735	2	888267387
454	732	4	888267560
454	748	4	881958551
454	942	2	888267198
454	945	3	881960083
454	956	2	888266955
454	1269	3	881959698
454	1203	2	888267521
454	1190	3	881959437
454	1126	2	888266955
454	1107	4	888267617
454	1105	3	888015988
454	1089	2	881959437
454	1063	4	881960029
454	1035	3	888266601
454	1003	2	881960446
454	988	2	888015879
454	984	3	891377968
454	972	2	888267128
454	968	2	888267198
454	961	1	888267279
454	724	3	888267158
454	707	3	881959576
454	705	3	881959818
454	694	2	888266874
454	614	3	888267590
454	612	3	881960145
454	611	2	888266685
454	610	3	881959576
454	607	2	888267315
454	606	2	881960330
454	604	3	881959960
454	603	4	881959876
454	602	2	888267521
454	589	2	888267487
454	588	3	881960083
454	387	2	888267279
454	566	4	888267087
454	531	2	888266785
454	530	2	881960174
454	627	2	888267643
454	527	4	881960201
454	631	2	888267643
454	633	2	881959745
454	693	2	888267315
454	692	5	888267158
454	687	3	881959468
454	686	2	888267280
454	685	3	888267198
454	678	2	881958782
454	661	4	881959991
454	660	3	888267128
454	659	2	888267028
454	657	3	881959876
454	655	3	881959746
454	654	2	888267419
454	651	4	881960083
454	649	2	888267279
454	642	2	888267419
454	632	3	881960145
454	385	3	888266810
454	275	2	888267419
454	371	3	888267198
454	28	4	888267560
454	114	3	881960330
454	117	3	888267343
454	118	4	888267128
454	121	4	888267128
454	124	4	881959960
454	131	3	881960330
454	132	2	888266874
454	133	4	881959652
454	134	3	881959991
454	135	2	888266433
454	136	3	881959745
454	140	3	888267386
454	143	4	881960230
454	144	4	888266643
454	147	3	888267455
454	153	3	888267521
454	161	4	888267198
454	162	3	888267315
454	164	3	881960265
454	169	4	888266955
454	172	2	888266906
454	173	2	888267028
454	174	4	888266643
454	181	3	881959187
454	48	4	881960114
454	50	4	881959144
454	51	2	888267158
454	55	2	888267617
454	111	1	888267086
454	107	3	888267087
454	100	4	881959917
454	99	3	881960296
454	98	1	888266433
454	97	4	881960029
454	96	4	888266600
454	95	2	888266433
454	89	1	888266433
454	88	4	888267560
454	87	4	881960296
454	86	2	888267280
454	182	3	888266685
454	82	4	881960446
454	79	4	881960083
454	77	4	888266955
454	76	1	888266433
454	73	3	888267521
454	71	3	888266754
454	70	4	888267419
454	69	4	881959818
454	66	4	888266685
454	64	4	881959652
454	58	4	881960029
454	1299	2	888266991
454	56	3	888267590
454	81	1	888266433
454	185	2	881960265
454	191	4	888266724
454	193	2	881959818
454	260	1	888000454
454	270	4	881958606
454	272	5	888007255
454	277	2	881959960
454	279	4	881960330
454	283	3	888267590
454	285	2	881959917
454	286	3	881958782
454	289	3	881958783
454	293	4	881959238
454	300	4	881958326
454	302	4	881958326
454	259	4	881958606
454	310	4	881958464
454	313	5	888000454
454	315	4	888015651
454	316	4	888015879
454	317	4	888267343
454	318	5	881959576
454	322	2	881958782
454	323	2	881958783
454	326	4	881958362
454	327	3	881958428
454	356	1	888267279
454	357	3	881959844
454	367	4	888267128
454	312	3	888015842
454	378	3	888267128
454	258	4	881958402
454	255	4	881959276
454	194	3	881959698
454	195	4	888266810
454	196	2	881959778
454	197	4	881959961
454	199	3	881960413
454	202	3	881960201
454	203	2	888267487
454	204	4	881960504
454	210	4	881960361
454	22	4	881959844
454	15	2	881960029
454	12	3	881960114
454	257	4	881959276
454	11	1	888266433
454	1	3	881959818
454	211	2	888267158
454	215	4	881959917
454	222	3	888266785
454	228	3	881959960
454	234	3	888267087
454	237	4	881960361
454	238	3	881960361
454	245	3	881958782
454	248	3	881959238
454	250	4	881959238
454	252	2	881959336
454	8	5	888266643
454	1454	2	888266907
454	605	2	888267487
464	1598	3	878355088
464	293	5	878355033
464	292	5	878354722
464	289	4	878354626
464	288	4	878354626
464	286	3	878354626
464	270	4	878354762
464	269	5	878354626
464	264	4	878354886
464	260	2	878354859
464	259	4	878354859
464	258	5	878354626
464	257	4	878355088
464	255	4	878355061
464	249	2	878355119
464	248	5	878354998
464	194	5	878355259
464	181	3	878354998
464	176	4	878355211
464	127	5	878354966
464	116	4	878355167
464	50	4	878354966
464	16	4	878355211
464	12	5	878355167
464	294	4	878354721
464	295	5	878355033
464	1226	4	878355033
464	299	4	878354791
464	298	4	878355061
464	1025	2	878354829
464	984	2	878354681
464	748	4	878354681
464	709	5	878355258
464	705	5	878355258
464	678	3	878354722
464	603	5	878355259
464	520	5	878355167
464	515	5	878354965
464	510	4	878355167
464	482	5	878355258
464	879	4	878354791
464	358	3	878354680
464	479	4	878355167
464	300	4	878354626
464	302	5	878354626
464	307	5	878354859
464	321	4	878354680
464	301	4	878354829
464	326	4	878354761
464	328	3	878354722
464	332	4	878354761
464	333	4	878354761
464	322	3	878354680
469	474	5	879524117
469	173	4	879524178
469	306	4	879450473
469	286	5	879450367
469	238	4	879525237
469	215	4	879523802
469	199	4	879524006
469	194	5	879524116
469	168	4	879524006
469	127	4	879525373
469	153	4	879523891
469	152	4	879523947
469	136	4	879524062
469	134	5	879524062
469	65	4	879524178
469	64	5	879523802
469	10	5	879525373
469	483	5	879524177
469	161	3	879523802
469	487	5	879524178
469	484	5	879524062
469	495	5	879525237
469	490	5	879524485
469	923	5	879523891
469	855	4	879524302
469	705	5	879524302
469	654	4	879524177
469	641	4	879524241
469	611	5	879525237
469	610	4	879523947
469	607	5	879524117
469	605	4	879524302
469	656	5	879524116
469	582	5	879524266
469	603	5	879524376
469	499	5	879524485
469	507	5	879523803
469	510	4	879523802
469	1558	5	879524177
469	511	5	879524062
469	513	5	879523891
469	520	4	879523947
469	530	5	879524376
480	169	5	891208327
480	172	3	891208492
480	174	5	891208356
480	175	3	891208356
480	183	4	891208651
480	190	5	891208265
480	166	5	891208185
480	209	4	891208599
480	191	4	891208265
480	203	4	891208520
480	208	2	891208650
480	185	2	891208718
480	197	3	891208215
480	64	3	891208293
480	152	4	891208390
480	127	3	891207715
480	114	4	891208547
480	100	4	891207715
480	98	4	891208239
480	96	4	891208623
480	89	4	891208651
480	79	4	891208718
480	56	4	891208492
480	50	4	891207951
480	12	5	891208433
480	8	5	891208576
480	213	5	891208492
480	165	5	891208390
480	234	4	891208769
480	504	4	891208822
480	249	1	891207975
480	237	2	891207836
480	1388	4	891207665
480	1007	4	891207715
480	863	4	891208356
480	705	4	891208520
480	661	4	891208327
480	654	4	891208718
480	642	4	891208822
480	615	4	891208185
480	603	4	891208239
480	527	4	891208327
480	517	4	891208460
480	511	4	891208599
480	510	4	891208460
480	1121	4	891208689
480	483	3	891208293
480	257	4	891208037
480	485	4	891208186
480	258	3	891207859
480	272	4	891207539
480	294	1	891208058
480	298	2	891207665
480	265	3	891208390
480	319	3	891207539
480	347	3	891207605
480	443	4	891208746
480	462	4	891208520
480	479	4	891208215
480	302	4	891207539
481	216	5	885828339
481	202	4	885829240
481	204	4	885829196
481	207	3	885828619
481	210	4	885828165
481	211	5	885828426
481	238	4	885828245
481	322	4	885828016
481	283	5	885828389
481	313	4	885827861
481	318	1	885828807
481	199	5	885828543
481	367	3	885829153
481	393	3	885829045
481	427	4	885828807
481	252	4	885828016
481	198	4	885828686
481	659	5	885829153
481	191	5	885828543
481	430	4	885829196
481	4	3	885829196
481	8	3	885828245
481	42	3	885828426
481	50	4	885827974
481	70	5	885828389
481	86	5	885828650
481	197	3	885828773
481	88	4	885829153
481	100	4	885828426
481	144	4	885828732
481	153	5	885828165
481	163	4	885828389
481	173	4	885828165
481	181	5	885827974
481	190	5	885828732
481	98	4	885828574
481	66	3	885828203
481	663	4	885828297
481	479	4	885828619
481	435	5	885828510
481	484	4	885828686
481	498	5	885828619
481	500	4	885828732
481	505	5	885828574
481	514	4	885829045
481	524	5	885829045
481	580	4	885829153
481	507	4	885828773
481	648	5	885828165
481	650	3	885828650
481	1089	3	885828072
481	1039	4	885828732
481	780	1	885829240
481	692	4	885828339
481	678	3	885828016
481	596	4	885828773
492	127	5	879969879
492	83	4	879969644
492	86	3	879969454
492	97	3	879969210
492	100	4	879969292
492	124	4	879969345
492	131	3	879969720
492	528	5	879969878
492	137	4	879969670
492	153	4	879969454
492	172	3	879969415
492	185	3	879969512
492	186	3	879969539
492	187	5	879969878
492	521	5	879969644
492	134	3	879969644
492	523	4	879969583
492	1021	3	879969415
492	531	4	879969539
492	45	3	879969814
492	56	5	879969878
492	64	4	879969539
492	69	3	879969385
492	1147	1	879969670
492	1121	2	879969720
492	1098	4	879969512
492	192	3	879969583
492	923	5	879969878
492	772	1	879969512
492	699	3	879969210
492	657	3	879969345
492	654	4	879969323
492	651	3	879969814
492	650	2	879969644
492	527	5	879969879
492	193	4	879969415
492	291	4	879969692
492	205	4	879969692
492	483	2	879969210
492	199	3	879969255
492	492	4	879969512
492	511	5	879969879
492	514	3	879969415
492	482	3	879969720
492	478	2	879969583
492	474	5	879969879
492	479	3	879969583
492	318	5	879969878
492	286	4	879969099
492	285	4	879969345
492	275	2	879969210
492	242	5	879969878
492	221	3	879969454
492	212	3	879969367
492	462	3	879969292
520	25	4	885170476
520	283	4	885170516
520	100	4	885170394
520	240	1	885170476
520	242	5	885168819
520	269	5	885168591
520	274	3	885170516
520	286	5	885168591
520	871	1	885170547
520	294	3	885170330
520	300	4	885168906
520	302	3	885170330
520	311	3	885168591
520	315	4	885169083
520	678	2	885170330
520	690	5	885168677
520	893	2	885170330
520	289	4	885169052
520	898	5	885168939
520	310	4	885168862
520	1028	1	885170476
520	990	4	885168906
520	1051	3	885170585
524	1074	2	884637128
524	707	4	884634995
524	705	3	884634818
524	704	4	884636691
524	702	4	884636262
524	700	5	884637246
524	693	5	884636562
524	684	4	884636236
524	679	2	884636746
524	676	3	884322379
524	942	4	884636980
524	943	3	884636453
524	955	1	884637914
524	965	4	884635288
524	978	3	884628212
524	1041	2	884636746
524	1044	4	884636931
524	1046	3	884637173
524	1048	4	884627594
524	82	4	884636583
524	1065	1	884636646
524	1073	5	884635287
524	708	4	884636645
524	950	4	884323351
524	712	4	884637147
524	715	4	884636182
524	1093	4	884628136
524	930	3	884832772
524	928	4	884323551
524	898	4	884701702
524	895	4	884320358
524	931	3	884627932
524	866	2	884626810
524	855	4	884634911
524	845	5	884323426
524	837	2	884637467
524	836	2	884637409
524	831	3	884628212
524	823	4	884628136
524	818	3	884628308
524	815	3	884627519
524	796	3	884636958
524	792	4	884636519
524	781	1	884636583
524	751	4	884701677
524	748	2	884321592
524	742	3	884627446
524	739	2	884637128
524	724	3	884636444
524	709	5	884635171
524	1101	4	884635053
524	92	4	884635171
524	1113	3	884636236
524	31	4	884636205
524	32	4	884634679
524	39	5	884636583
524	42	3	884636453
524	44	4	884636416
524	47	2	884635136
524	50	4	884634615
524	52	4	884636453
524	55	2	884634911
524	56	4	884634849
524	58	4	884635031
524	60	5	884634938
524	64	2	884634877
524	65	4	884636646
524	66	3	884636617
524	69	4	884634578
524	70	4	884636519
524	71	3	884634755
524	72	4	884636958
524	76	4	884636182
524	77	3	884637095
524	79	4	884634818
524	81	1	884636262
524	29	3	884637173
524	1107	4	884636262
524	24	3	884626906
524	22	3	884634731
524	1124	3	884637528
524	1126	1	884637409
524	1129	2	884832580
524	1152	3	884626906
524	1154	1	884637914
524	1166	5	884635031
524	1184	3	884637173
524	1204	3	884635225
524	1268	3	884637032
524	1421	5	884637147
524	1454	3	884637128
524	1456	3	884635031
524	1540	2	884635326
524	1553	3	884635136
524	1560	4	884636444
524	670	4	884637203
524	89	5	884634533
524	4	4	884636498
524	6	5	884627388
524	7	2	884627065
524	12	3	884634646
524	13	4	884323551
524	14	5	884322047
524	23	5	884635031
524	663	2	884635358
524	1050	2	884637501
524	660	5	884636152
524	319	4	884638062
524	318	4	884635287
524	311	4	884287428
524	310	4	884701677
524	304	4	884321179
524	302	5	884287406
524	143	3	884635085
524	150	2	884832650
524	151	1	884627327
524	161	4	884637095
524	168	3	884634995
524	170	4	884634785
524	172	3	884634849
524	173	4	884637436
524	174	4	884634911
524	175	3	884634911
524	178	3	884634968
524	179	5	884635204
524	180	4	884634579
524	661	3	884637467
524	181	3	884634731
524	321	3	884321179
524	182	5	884635031
524	322	4	884320358
524	380	2	884637202
524	131	5	884636498
524	132	4	884634968
524	133	5	884634968
524	134	5	884634848
524	135	3	884634679
524	433	5	884636444
524	432	1	884636151
524	430	3	884637914
524	429	2	884635358
524	423	4	884635358
524	419	1	884635031
524	416	4	884636152
524	414	4	884635136
524	410	2	884832742
524	405	2	884627065
524	403	4	884636182
524	402	2	884636617
524	393	3	884637032
524	386	4	884637032
524	385	3	884636453
524	382	3	884636596
524	367	5	884636453
524	184	1	884636416
524	185	4	884635204
524	186	3	884634995
524	218	3	884636453
524	216	5	884634849
524	215	2	884636735
524	213	4	884635136
524	212	5	884635326
524	211	5	884635136
524	210	3	884635287
524	209	4	884634755
524	208	5	884635287
524	205	5	884634707
524	204	3	884635358
524	203	4	884634819
524	199	4	884634646
524	198	4	884634707
524	197	4	884637347
524	195	2	884634849
524	194	4	884634646
524	193	4	884636498
524	192	4	884634877
524	191	4	884634707
524	187	5	884634646
524	221	4	884323464
524	222	2	884323500
524	226	3	884635085
524	227	2	884636498
524	301	4	884321179
524	291	4	884627777
524	290	2	884323525
524	289	4	884321591
524	286	5	884287379
524	285	3	884322168
524	284	3	884323525
524	281	2	884323464
524	277	3	884322379
524	275	3	884832616
524	129	5	884322047
524	273	3	884322113
524	265	4	884636583
524	259	3	884320358
524	241	5	884635205
524	239	2	884636498
524	238	4	884634755
524	237	3	884322169
524	235	1	884628059
524	234	4	884634877
524	230	3	884636907
524	228	3	884636152
524	269	4	884287379
524	127	5	884634533
524	418	1	884637598
524	124	5	884322113
524	559	3	884637067
524	558	4	884634533
524	554	4	884636746
524	550	3	884636958
524	549	4	884636931
524	546	4	884627594
524	541	1	884702593
524	530	4	884634785
524	528	4	884634818
524	527	5	884634785
524	526	3	884636907
524	525	3	884634615
524	523	4	884634615
524	521	4	884636182
524	520	3	884637314
524	519	4	884634818
524	518	3	884635031
524	517	4	884635136
524	516	4	884634578
524	515	4	884637409
524	126	4	884323427
524	568	4	884636152
524	654	5	884634877
524	570	4	884637128
524	578	5	884637031
524	651	4	884634578
524	650	2	884637528
524	649	4	884636205
524	647	3	884634911
524	646	5	884637347
524	642	4	884636182
524	640	1	884636541
524	638	2	884637914
524	618	3	884636416
524	615	2	884637409
524	614	5	884634731
524	613	4	884637347
524	612	3	884635204
524	607	3	884637314
524	606	4	884634968
524	605	1	884637566
524	604	4	884637501
524	603	3	884637376
524	584	1	884635205
524	583	4	884635326
524	582	3	884635326
524	573	4	884636827
524	513	4	884634938
524	514	5	884634938
524	508	5	884322047
524	479	4	884637314
524	478	3	884637376
524	476	3	884628212
524	474	4	884634578
524	472	3	884323500
524	471	4	884322169
524	469	4	884636416
524	467	4	884635287
524	466	4	884636583
524	461	3	884635287
524	451	3	884637202
524	449	3	884637245
524	447	5	884636182
524	443	4	884636542
524	436	4	884636864
524	435	4	884635053
524	94	2	884637245
524	95	3	884636617
524	96	4	884635172
524	97	5	884636583
524	98	3	884634615
524	100	5	884322047
524	107	3	884628284
524	111	5	884323426
524	116	4	884322047
524	117	3	884322113
524	118	4	884627463
524	480	4	884634911
524	511	5	884634707
524	481	4	884634785
524	483	4	884634533
524	506	4	884634938
524	482	5	884634938
524	501	2	884636262
524	499	4	884637598
524	498	5	884636453
524	497	2	884637467
524	496	2	884637314
524	504	5	884634877
524	494	4	884637409
524	484	4	884634646
524	495	4	884635358
524	485	2	884635085
524	657	4	884634995
524	490	3	884634679
524	492	3	884634679
524	493	4	884638025
524	488	4	884634707
553	134	4	879948806
553	186	3	879948552
553	182	3	879949290
553	181	4	879948695
553	178	5	879948460
553	174	4	879949073
553	170	4	879948806
553	153	5	879949107
553	136	4	879948655
553	187	5	879948609
553	135	4	879948996
553	177	4	879949180
553	151	5	879949181
553	131	5	879948655
553	111	4	879948869
553	100	5	879948869
553	99	5	879948508
553	98	5	879948996
553	89	5	879948386
553	86	3	879948771
553	81	3	879948732
553	56	4	879949042
553	50	4	879948732
553	45	4	879948732
553	23	5	879948806
553	190	5	879949251
553	132	4	879948610
553	191	4	879949153
553	511	5	879948869
553	199	4	879949153
553	519	5	879949042
553	520	5	879949153
553	523	4	879948508
553	524	5	879948996
553	525	4	879949153
553	527	3	879949290
553	528	3	879949180
553	559	3	879949251
553	589	5	879948964
553	603	5	879948695
553	604	5	879949107
553	605	4	879949251
553	607	4	879949107
553	609	4	879948806
553	515	5	879948386
553	611	5	879948386
553	617	4	879949042
553	631	5	879948695
553	638	3	879948732
553	641	4	879948386
553	646	4	879949251
553	648	4	879948552
553	655	4	879949289
553	657	5	879949212
553	661	5	879949324
553	1009	4	879949212
553	1021	2	879949153
553	1451	4	879949212
553	1200	3	879948964
553	1194	5	879948995
553	615	5	879949073
553	197	5	879948831
553	514	3	879948695
553	507	3	879948831
553	205	4	879948869
553	213	5	879949290
553	218	4	879948996
553	238	5	879948655
553	265	5	879948508
553	275	5	879948552
553	307	4	879948235
553	367	4	879949153
553	378	3	879948655
553	423	3	879948655
553	427	5	879948508
553	434	3	879948771
553	435	4	879948869
553	474	5	879948609
553	513	4	879948806
553	478	4	879948964
553	480	5	879948552
553	481	3	879948806
553	482	4	879948831
553	483	5	879948423
553	484	5	879949324
553	485	3	879948695
553	487	5	879948996
553	490	4	879949073
553	492	3	879949042
553	496	3	879948460
553	497	4	879948460
553	498	4	879949042
553	505	5	879949107
553	506	4	879948655
553	479	5	879948386
553	22	5	879949324
553	1124	4	879948695
553	1	3	879949153
553	1126	4	879948508
553	8	3	879949290
558	14	4	879436097
558	15	3	879436140
558	19	5	879436396
558	20	5	879436396
558	100	5	879436396
558	116	5	879436396
558	124	4	879435855
558	137	4	879435896
558	936	5	879436396
558	9	4	879436069
558	275	4	879435896
558	283	3	879436097
558	285	5	879436396
558	286	4	879435828
558	508	5	879436396
558	744	4	879436027
558	847	4	879436396
558	1068	2	879435896
558	253	5	879436396
558	269	4	879436396
559	511	2	891034347
559	515	4	891035111
559	4	4	891035876
559	12	3	891034067
559	22	1	891034003
559	55	4	891035111
559	56	3	891034550
559	69	5	891034003
559	70	3	891035917
559	73	4	891035812
559	87	4	891034003
559	94	3	891035979
559	127	4	891033956
559	144	5	891034551
559	153	3	891035708
559	163	4	891035840
559	519	5	891034004
559	167	3	891035840
559	520	5	891033911
559	523	4	891035812
559	1556	3	891033759
559	1401	3	891034172
559	1141	2	891034316
559	1101	4	891035111
559	863	5	891033956
559	687	3	891035551
559	661	3	891034040
559	660	1	891034250
559	652	4	891035633
559	587	4	891034095
559	566	5	891034688
559	550	4	891035111
559	528	4	891034209
559	527	4	891034172
559	524	3	891035917
559	521	2	891033911
559	513	5	891033956
559	174	4	891035111
559	182	4	891035111
559	265	4	891033696
559	294	1	891035519
559	300	4	891035137
559	311	3	891033635
559	315	5	891033635
559	318	5	891033835
559	322	4	891034987
559	347	3	891035343
559	385	4	891035111
559	393	2	891035917
559	398	3	891034904
559	427	4	891034095
559	435	2	891035781
559	502	4	891035946
559	508	3	891034209
559	261	3	891035378
559	180	4	891035111
559	259	3	891035407
559	238	1	891035674
559	187	3	891033911
559	188	5	891034609
559	191	5	891034139
559	194	3	891035781
559	195	3	891034647
559	196	5	891033805
559	197	4	891035111
559	199	5	891034040
559	202	1	891035674
559	514	4	891035633
559	205	5	891033805
559	210	4	891034957
559	216	5	891035876
559	226	5	891034688
559	233	3	891034688
559	257	3	891035466
559	204	3	891035708
559	902	4	891035111
564	472	4	888730658
564	272	3	888718415
564	281	3	888730658
564	289	4	888718546
564	1399	2	888718470
564	1034	3	888730838
564	1025	2	888718443
564	1016	2	888730699
564	930	3	888730699
564	924	3	888730534
564	831	3	888730658
564	258	4	888718771
564	827	3	888731038
564	685	3	888730658
564	597	4	888730699
564	292	4	888718546
564	345	4	888718521
564	344	4	888718521
564	333	3	888718521
564	323	3	888730838
564	313	4	888718415
564	312	3	888718443
564	302	3	888718415
564	750	3	888718771
564	257	4	888731011
564	245	4	888718546
564	181	4	888730974
564	300	4	888718470
564	50	4	888730974
564	117	4	888730974
564	298	3	888730534
564	121	4	888730534
564	127	4	888730974
564	118	4	888730699
573	50	4	885843738
573	22	4	885844394
573	10	4	885843818
573	1012	2	885844339
573	836	3	885844605
573	713	4	885843817
573	685	3	885843779
573	661	4	885844431
573	657	4	885843928
573	632	4	885844007
573	523	4	885844007
573	519	4	885844567
573	513	4	885844395
573	507	5	885844638
573	495	2	885844339
573	492	4	885843964
573	654	4	885844535
573	528	4	885843928
573	127	4	885843596
573	480	4	885844481
573	135	4	885843964
573	143	2	885844339
573	144	4	885844638
573	157	4	885844161
573	162	4	885844007
573	174	4	885844431
573	176	3	885844481
573	178	4	885844395
573	179	4	885844091
573	180	4	885844091
573	182	4	885843892
573	183	3	885844091
573	185	3	885844605
573	192	4	885844535
573	194	4	885844431
573	205	3	885844674
573	211	5	885843964
573	216	4	885844674
573	237	4	885843527
573	258	4	885843700
573	275	4	885843596
573	276	3	885843964
573	283	4	885843817
573	286	3	885843476
573	347	4	885843476
573	423	3	885844127
573	427	4	885844091
573	478	4	885844674
573	479	4	885844051
573	69	4	885844091
573	134	4	885843928
574	754	4	891279122
574	302	4	891278860
574	311	4	891279410
574	310	4	891279012
574	305	3	891279012
574	303	3	891278962
574	883	4	891279520
574	300	4	891279012
574	289	4	891279285
574	288	4	891279174
574	286	3	891278916
574	272	4	891278860
574	270	3	891279121
574	269	5	891279173
574	268	5	891279174
574	262	5	891279122
574	258	5	891278916
574	245	5	891279362
574	242	5	891278860
574	213	4	891279712
574	100	5	891279712
574	315	3	891278860
574	316	4	891279451
574	312	4	891279410
574	321	1	891279285
574	887	4	891279214
574	896	2	891279013
574	900	4	891278860
574	910	1	891279362
574	1022	2	891278916
574	1062	5	891279122
574	1313	4	891278916
574	750	3	891278962
574	319	5	891279236
574	358	2	891279520
574	347	3	891278860
574	690	3	891279174
574	345	2	891278860
574	344	5	891278962
574	340	1	891279174
574	333	3	891279285
574	332	3	891279410
574	331	1	891279013
574	328	3	891279174
574	327	3	891279122
574	346	4	891278962
585	86	5	891284016
585	59	4	891283124
585	83	3	891282808
585	70	5	891286256
585	61	4	891283338
585	60	4	891282808
585	52	3	891284184
585	1535	4	891284816
585	30	4	891284393
585	20	4	891285658
585	19	3	891282808
585	18	2	891283124
585	14	4	891282808
585	10	3	891286256
585	113	3	891283681
585	45	5	891282808
585	1558	5	891282893
585	116	3	891284393
585	166	4	891283338
585	855	3	891284184
585	863	5	891283000
585	919	2	891283681
585	923	5	891282808
585	970	3	891284915
585	971	3	891282894
585	1005	4	891283339
585	1009	5	891285491
585	1623	4	891283921
585	1021	3	891283681
585	1121	4	891283339
585	1149	4	891283921
585	1155	5	891285820
585	1158	4	891282573
585	1193	5	891282894
585	1266	3	891286059
585	1319	2	891285820
585	1323	3	891284588
585	1344	3	891282573
585	1347	2	891285658
585	1449	5	891283338
585	1475	3	891283681
585	1485	3	891283124
585	1488	4	891283921
585	1501	4	891284393
585	1512	5	891283000
585	1524	3	891283124
585	740	4	891284588
585	736	4	891284184
585	730	3	891285188
585	713	4	891282808
585	170	5	891282573
585	171	3	891285491
585	190	4	891282808
585	198	5	891283921
585	207	5	891284016
585	212	5	891282894
585	213	5	891284393
585	224	2	891283681
585	275	4	891283124
585	283	4	891283124
585	286	4	891281385
585	313	3	891281385
585	340	2	891281651
585	165	4	891284184
585	462	3	891283124
585	509	4	891283000
585	510	5	891284016
585	529	3	891283124
585	543	3	891284393
585	557	4	891285820
585	582	3	891282894
585	584	3	891286256
585	634	4	891285491
585	638	4	891284016
585	639	4	891283921
585	640	2	891284816
585	652	4	891285658
585	707	5	891282894
585	463	5	891284816
585	1018	2	891286059
591	1120	4	891039637
591	8	3	891031203
591	435	4	891031724
591	428	4	891031500
591	393	4	891031644
591	382	4	891031500
591	381	4	891040366
591	367	3	891031403
591	357	5	891031228
591	322	2	891031013
591	306	5	891030956
591	300	3	891030956
591	286	4	891030956
591	285	5	891039565
591	283	4	891039565
591	275	4	891039974
591	238	5	891031228
591	237	3	891039974
591	235	3	891039676
591	216	4	891031426
591	211	4	891031469
591	210	3	891031469
591	204	4	891031500
591	202	3	891031469
591	196	4	891031116
591	194	4	891031171
591	191	5	891031116
591	182	3	891031171
591	172	3	891031116
591	168	3	891031724
591	127	4	891031203
591	451	3	891040366
591	116	4	891039616
591	4	4	891040366
591	508	4	891039616
591	1111	4	891031603
591	1099	5	891031203
591	1041	2	891031644
591	1028	3	891039658
591	1017	3	891039616
591	956	4	891031286
591	954	3	891031403
591	934	3	891039769
591	923	4	891031116
591	921	4	891031257
591	866	3	891039658
591	856	4	891040366
591	792	4	891031383
591	787	3	891031500
591	740	4	891039974
591	732	3	891031500
591	712	3	891040366
591	710	3	891031603
591	709	4	891031426
591	662	3	891031145
591	655	4	891031469
591	615	4	891031116
591	603	5	891031116
591	580	2	891031526
591	523	4	891031724
591	517	4	891040366
591	516	3	891031469
591	514	4	891031383
591	511	3	891031145
591	487	4	891031203
591	110	2	891031676
591	466	3	891031116
591	72	3	891040366
591	64	5	891031203
591	66	2	891031526
591	70	4	891031321
591	79	4	891031171
591	85	3	891031500
591	86	5	891031171
591	94	3	891031603
591	88	3	891031525
591	56	4	891031344
591	48	4	891031286
591	47	3	891031426
591	45	5	891031257
591	26	3	891031526
591	25	4	891039658
591	13	4	891039637
591	100	5	891039565
651	332	3	879348880
651	995	1	880126547
651	690	3	880126508
651	683	3	880126096
651	327	4	880126473
651	515	5	879348966
651	309	1	880126632
651	116	2	879348966
651	127	4	879348965
651	322	3	880126632
651	268	2	880126473
651	269	5	880126096
651	276	4	879348966
651	285	4	879348966
651	242	5	880126430
651	292	2	879348881
651	294	1	879348880
651	301	3	880126632
651	302	5	879348880
651	286	4	879348880
651	306	5	880126473
694	118	4	875729983
694	144	4	875728912
694	143	4	875727513
694	141	5	875727399
694	138	3	875730082
694	132	5	875727640
694	133	5	875727189
694	131	5	875727715
694	127	5	875730386
694	121	5	875726886
694	153	4	875728508
694	135	5	875727018
694	157	4	875729667
694	511	5	875728048
694	163	4	875729982
694	172	5	875727399
694	174	5	875727061
694	176	5	875729146
694	177	5	875726886
694	178	4	875727099
694	179	4	875730980
694	180	4	875727672
694	181	5	875730386
694	183	5	875727061
694	185	4	875729520
694	100	4	875727640
694	161	4	875727018
694	98	5	875726886
694	1028	3	875728581
694	88	4	875727018
694	1455	3	875727061
694	1269	5	875726793
694	1263	3	875729146
694	1221	3	875728842
694	1205	3	875727550
694	1203	4	875729489
694	1050	3	875726759
694	1035	4	875728345
694	187	4	875727582
694	1020	4	875728345
694	965	4	875727672
694	836	4	875727821
694	89	4	875728220
694	705	5	875728048
694	15	4	875728842
694	22	5	875726759
694	23	3	875727926
694	28	4	875729304
694	31	4	875728345
694	48	4	875726759
694	50	5	875730386
694	52	4	875729667
694	69	5	875727715
694	71	4	875730889
694	72	4	875729107
694	82	5	875728345
694	9	5	875726618
694	188	5	875727715
694	191	5	875727749
694	193	4	875728435
694	432	4	875727513
694	429	4	875726759
694	427	4	875727226
694	423	5	875727018
694	419	4	875729907
694	519	4	875728293
694	520	5	875726618
694	521	3	875730042
694	523	4	875727877
694	434	5	875727018
694	526	5	875729431
694	528	3	875728842
694	530	5	875726708
694	582	4	875728801
694	584	4	875727877
694	603	4	875727476
694	604	4	875727399
694	605	4	875727513
694	606	4	875727189
694	610	4	875729983
694	527	5	875727449
694	435	4	875728639
694	448	3	875729489
694	449	4	875727271
694	510	5	875726927
694	506	4	875727270
694	504	3	875728912
694	499	4	875728345
694	498	5	875726618
694	496	4	875727640
694	495	4	875727018
694	492	4	875727581
694	491	3	875731050
694	490	4	875727877
694	489	4	875727640
694	485	4	875728952
694	484	4	875726707
694	483	5	875727449
694	482	5	875728435
694	481	4	875727781
694	480	4	875726759
694	474	4	875727226
694	470	4	875727144
694	468	4	875729270
694	451	4	875729068
694	614	4	875726886
694	517	4	875727926
694	617	4	875728181
694	632	4	875727399
694	238	3	875727306
694	237	4	875728509
694	230	4	875727143
694	229	4	875728801
694	228	4	875727306
694	226	3	875729271
694	216	4	875729830
694	215	3	875728181
694	211	5	875727189
694	239	4	875729520
694	210	4	875728293
694	204	4	875728639
694	203	4	875728801
694	202	4	875727189
694	200	4	875726968
694	199	5	875728435
694	197	5	875727926
694	196	5	875727226
694	195	4	875726708
694	194	5	875727143
694	205	5	875726968
694	241	3	875727877
694	275	4	875727640
694	300	4	875726453
694	641	4	875726618
694	645	4	875727143
694	648	5	875728639
694	654	4	875727099
694	657	4	875728952
694	659	4	875728181
694	660	3	875729270
694	661	5	875727926
694	663	4	875727926
694	665	4	875728729
694	671	3	875728989
694	673	4	875726926
694	684	4	875730313
694	692	4	875728729
694	699	4	875728639
694	393	3	875728952
694	385	4	875730082
694	378	3	875730313
694	357	5	875726618
694	356	4	875729622
694	318	5	875727099
694	630	3	875728912
694	1126	5	875727449
694	97	5	875727399
707	702	3	886286193
707	707	5	886286133
707	708	3	886286170
707	712	3	886288624
707	715	3	886286954
707	716	2	886287051
707	718	5	880059876
707	719	3	886288189
707	723	3	886286954
707	730	3	886286742
707	1642	5	886286491
707	1628	5	886287353
707	1545	2	886288189
707	1530	3	886288356
707	1479	5	886287854
707	1401	3	886286663
707	1397	1	886289521
707	1381	3	880061346
707	1311	3	886287608
707	1281	4	880060820
707	1257	2	880061190
707	160	5	886286193
707	155	3	886288598
707	154	3	886286742
707	153	3	886286844
707	151	4	880059810
707	140	2	886287191
707	137	5	880059876
707	135	2	886286032
707	134	4	886286004
707	705	4	886285851
707	703	4	886287236
707	863	4	886286662
707	696	4	880061405
707	506	2	886286742
707	507	5	886286819
707	517	3	886287079
707	525	3	886286999
707	526	1	886287405
707	527	5	880061699
707	529	4	886287376
707	531	5	886286214
707	533	5	880060420
707	536	3	880059921
707	582	5	886286433
707	602	4	886287290
707	603	3	886286926
707	606	4	886285762
707	133	2	886287268
707	614	2	886287876
707	630	3	886287608
707	631	4	886286844
707	632	4	886287426
707	638	4	886286361
707	640	2	886287471
707	641	1	886285907
707	647	5	880061652
707	648	4	886285824
707	654	4	880061578
707	660	5	886287107
707	663	4	886286979
707	676	4	880060180
707	692	4	886286092
707	694	4	886286246
707	618	3	886288282
707	124	4	880059876
707	116	5	880059974
707	111	4	880060420
707	953	4	886288015
707	952	3	880060724
707	950	2	880061287
707	949	3	886287191
707	732	4	886287160
707	735	4	886286792
707	736	4	886286311
707	739	2	886287919
707	744	3	880060261
707	747	3	886287900
707	766	3	886287051
707	770	3	886287405
707	778	3	886287160
707	782	3	886288263
707	956	5	886287107
707	792	4	886287107
707	811	4	886287531
707	815	2	880060609
707	936	4	880059836
707	923	5	886286092
707	921	4	886286361
707	903	3	886285216
707	902	5	890008121
707	900	4	890008041
707	882	4	879439382
707	880	2	887860711
707	869	1	886289521
707	866	2	880060974
707	865	5	886286360
707	864	4	880060262
707	799	4	886287876
707	505	4	886286311
707	962	2	886285792
707	1007	4	880060180
707	106	3	886288189
707	100	5	880059810
707	97	4	886285876
707	93	5	880059995
707	88	3	886287331
707	86	4	886286283
707	83	3	886286926
707	1255	3	880061252
707	1251	4	880059647
707	1211	4	886287268
707	1204	3	886286283
707	1176	2	879438910
707	1174	5	880059749
707	1171	3	880059687
707	995	4	879439418
707	1168	3	886287990
707	1142	1	880059921
707	1141	3	886285791
707	1120	4	880060974
707	1113	2	886287990
707	1109	5	886286283
707	1107	3	886288239
707	1101	4	880061652
707	1068	4	880061405
707	1061	3	880060118
707	1024	5	890008041
707	1022	3	879439088
707	1021	3	886287079
707	1018	3	886288455
707	1008	3	880060460
707	1163	4	880060724
707	504	1	886286246
707	847	5	880060066
707	498	3	886286133
707	347	5	886285277
707	367	4	886291531
707	371	3	886287497
707	378	3	886287628
707	381	3	886286457
707	382	3	886287191
707	387	4	886287733
707	419	3	886285968
707	14	3	880060118
707	15	4	880059876
707	26	3	886286954
707	345	5	886285168
707	45	4	886286926
707	57	4	886287310
707	58	3	886285907
707	64	3	886286170
707	65	4	886286004
707	70	3	886287376
707	81	2	886286491
707	220	2	880060549
707	216	3	886286092
707	212	4	886286792
707	302	4	886285168
707	211	3	886287051
707	52	3	886287268
707	208	5	886285939
707	221	4	880059749
707	499	4	886287450
707	303	3	879438988
707	305	5	879439188
707	309	2	880684605
707	310	4	882200872
707	311	4	879439624
707	313	2	886288754
707	317	3	886286433
707	318	5	880061699
707	319	5	879439088
707	294	2	879438988
707	293	4	880059810
707	224	4	880059876
707	287	4	880059774
707	285	5	880059749
707	283	4	880059957
707	279	3	886285627
707	275	4	880059687
707	269	4	882200810
707	13	4	880059957
707	256	4	880061024
707	251	5	880059647
707	248	4	886285498
707	242	4	879439088
707	238	4	886286764
707	286	5	879438988
707	200	2	886286491
707	297	3	880060261
707	197	4	886287130
707	483	5	886286004
707	482	3	886286032
707	480	3	886286360
707	479	3	886286092
707	478	4	886285762
707	476	3	880061111
707	485	4	886287079
707	473	4	880060820
707	462	4	886286133
707	458	3	880060724
707	449	2	886288688
707	443	3	886287191
707	427	4	886285907
707	425	5	886287268
707	467	4	886286057
707	420	3	886287160
707	167	2	886288133
707	165	3	886285939
707	496	3	886286433
707	492	2	886286818
707	490	2	886285792
707	488	4	886286491
707	487	2	886286360
707	486	3	886287662
707	166	3	880061579
707	4	3	886286170
707	8	5	886285762
707	9	5	880059647
707	10	5	880059687
707	12	3	886286004
707	162	5	886285968
707	163	2	886285939
707	6	3	886285627
707	199	2	886285824
707	168	3	886286170
707	172	2	886286134
707	194	4	886286246
707	190	5	886286283
707	186	3	886286133
707	191	5	880061699
707	170	5	886285824
707	185	3	886286032
707	173	2	886286380
707	174	2	886286133
728	323	3	879442685
728	322	4	879442761
728	319	3	879442612
728	25	4	879443155
728	289	3	879442761
728	287	4	879443155
728	286	3	879442532
728	285	4	879443446
728	282	4	879443291
728	471	4	879443291
728	508	4	879443265
728	748	3	879442532
728	678	4	879442794
728	742	4	879443321
728	15	4	879443387
728	871	2	879443321
728	1355	4	879443265
728	243	2	879442892
728	237	4	879443155
728	147	4	879443418
728	124	3	879443155
728	117	4	879443321
728	116	4	879443291
728	100	5	879443321
728	546	2	879443155
728	304	4	879442794
752	305	4	891207940
752	259	5	891208451
752	905	2	891207940
752	909	3	891208036
752	351	3	891207898
752	995	4	891208261
752	1024	3	891207940
752	1105	3	891207983
752	904	4	891207845
752	1127	3	891208170
752	1243	4	891207939
752	1265	3	891208126
752	1279	3	891208491
752	1294	3	891207898
752	1463	4	891208261
752	1527	1	891208077
752	1176	2	891208170
752	902	5	891208452
752	900	4	891207791
752	896	3	891207846
752	354	2	891208261
752	355	2	891208036
752	358	4	891208452
752	539	4	891208357
752	589	4	891208491
752	621	1	891208491
752	678	3	891208299
752	683	4	891208299
752	690	4	891208170
752	748	4	891208392
752	750	2	891207791
752	751	4	891208212
752	752	3	891208213
752	882	4	891207846
752	887	1	891207846
752	350	4	891208357
752	258	3	891207898
752	348	4	891208213
752	346	4	891207983
752	306	5	891208451
752	302	5	891208451
752	301	4	891208077
752	300	3	891208126
752	294	3	891208261
752	289	1	891208299
752	307	5	891208451
752	288	5	891208452
752	272	4	891207898
752	271	5	891208452
752	270	4	891208077
752	269	5	891208451
752	268	2	891208036
752	260	3	891208261
752	286	1	891207940
752	310	1	891207791
752	311	3	891207983
752	313	3	891207791
752	345	1	891207898
752	344	4	891208212
752	340	4	891208077
752	338	3	891208329
752	333	3	891207791
752	332	4	891208170
752	331	4	891208036
752	327	5	891208451
752	326	1	891208299
752	325	2	891208126
752	323	1	891208261
752	322	1	891208261
752	321	3	891208212
752	316	3	891208329
752	315	2	891207791
752	347	4	891207846
753	523	4	891401851
753	89	3	891402240
753	64	4	891402379
753	195	1	891401851
753	194	4	891401757
753	193	4	891401366
753	187	3	891401851
753	185	3	891401410
753	183	1	891401798
753	182	3	891401851
753	181	3	891402240
753	180	2	891401712
753	179	2	891401410
753	174	4	891402323
753	173	5	891401757
753	172	3	891401510
753	134	4	891402323
753	98	5	891401366
753	96	1	891401366
753	515	5	891401712
753	79	4	891401665
753	71	5	891401457
753	199	5	891401510
753	69	4	891401851
753	211	4	891402240
753	242	4	891399477
753	499	3	891402323
753	484	5	891401757
753	483	5	891401712
753	462	4	891401510
753	435	4	891401712
753	427	5	891401712
753	359	4	891399477
753	357	4	891401901
753	347	2	891401167
753	328	3	891401167
753	322	3	891401167
753	316	4	891399903
753	313	5	891399135
753	304	4	891399686
753	300	1	891401167
753	294	5	891399737
753	286	3	891399477
753	272	4	891399135
753	269	5	891399367
753	215	5	891402272
753	504	3	891401457
753	510	4	891401457
753	23	2	891401665
753	898	4	891400364
753	750	2	891401167
753	673	1	891402379
753	50	4	891401902
753	653	4	891401851
753	527	4	891401510
753	22	4	891401798
753	657	5	891401665
754	284	3	879451775
754	282	4	879451804
754	276	5	879451841
754	273	3	879451516
754	255	3	879451585
754	237	3	879451805
754	127	4	879451420
754	118	2	879451775
754	286	3	879450947
754	15	5	879451743
754	9	4	879451626
754	243	1	879451163
754	117	4	879451626
754	291	4	879451991
754	293	4	879451466
754	1197	3	879451841
754	1016	4	879451585
754	937	4	879451061
754	922	3	879452073
754	819	3	879452116
754	744	3	879452073
754	742	3	879451991
754	676	3	879451517
754	292	3	879451958
754	619	4	879451517
754	477	5	879451775
754	476	4	879451742
754	459	4	879451805
754	359	3	879451299
754	328	3	879450984
754	307	3	879451191
754	295	4	879451626
754	595	2	879452073
754	340	2	879451010
767	1	5	891462829
767	170	5	891462717
767	172	5	891462614
767	495	4	891463095
767	648	4	891462917
767	615	4	891463095
767	207	5	891462759
767	242	4	891462614
767	300	4	891462511
767	344	4	891462511
767	657	4	891462917
767	432	5	891462829
767	481	5	891462614
767	483	5	891462870
767	486	4	891462560
767	505	4	891462560
767	506	5	891462829
767	524	5	891462560
767	478	4	891463095
767	659	5	891462560
767	222	5	891462760
767	921	5	891462717
767	176	3	891462759
767	177	5	891462614
767	724	4	891462658
767	183	4	891462870
767	187	4	891462658
767	22	4	891462614
767	28	4	891462759
767	180	5	891462870
767	98	5	891462560
767	100	5	891462560
767	141	4	891462870
767	163	4	891462560
767	1121	5	891462917
767	56	4	891462759
767	1068	4	891462829
777	521	5	875980235
777	522	5	875980669
777	523	4	875980235
777	527	4	875980306
777	692	5	875980670
777	690	4	875979137
777	818	5	875980669
777	1079	2	875979431
777	509	4	875980449
777	652	5	875980670
777	357	5	875980235
777	204	5	875980670
777	286	2	875979137
777	9	5	875979380
777	1	4	875979431
777	288	4	875979201
777	15	4	875980306
777	56	5	875980670
777	100	1	875979380
777	117	5	875979380
777	127	1	875980391
777	135	3	875980391
777	153	1	875980541
777	157	3	875980235
777	42	5	875980670
777	223	4	875980306
777	180	5	875980306
777	196	5	875980306
777	202	5	875980669
777	205	4	875980306
777	212	5	875980348
777	216	4	875980597
777	273	4	875979432
777	245	5	875979241
777	168	5	875980492
777	238	4	875980541
803	311	5	880054754
803	321	4	880054792
803	261	1	880054754
803	325	4	880054885
803	307	4	880055604
803	322	2	880055043
803	306	4	880054629
803	300	3	880054629
803	304	3	880054792
803	303	4	880054629
803	289	3	880055309
803	286	5	880054592
803	271	2	880054833
803	269	5	880054592
803	264	2	880055309
803	338	2	880055454
803	305	5	880055604
803	245	4	880055378
803	538	4	880054834
803	242	5	880054592
803	990	2	880054792
803	988	1	880055454
803	887	5	880054671
803	754	2	880054754
803	748	1	880054885
803	690	4	880055210
803	243	1	880055548
803	688	1	880055043
803	260	3	880055454
803	340	5	880055088
803	339	3	880054834
803	683	1	880054885
803	259	2	880054971
819	303	4	879952508
819	304	4	879952565
819	315	5	884618354
819	319	4	879952627
819	302	5	884012512
819	182	4	884105025
819	258	2	879952538
819	255	1	884105841
819	248	5	880382511
819	246	4	884012614
819	245	3	879952688
819	177	4	884105025
819	147	5	884105025
819	70	4	884105841
819	286	5	879952508
819	268	4	884012614
819	300	5	879952538
819	327	4	879952656
819	340	5	879952627
819	321	4	880381928
819	1537	5	884012662
819	1160	4	880382533
819	862	2	884012586
819	345	4	884618137
819	533	4	884618086
819	381	4	884105841
819	346	5	884012487
819	744	5	880382355
845	303	1	885409374
845	904	3	885409374
845	1434	4	885409719
845	1399	3	885409493
845	1394	4	885409719
845	1238	2	885409374
845	1234	4	885409719
845	1022	2	885409493
845	909	4	885409789
845	1592	3	885409493
845	1463	1	885409374
845	896	3	885409374
845	302	3	885409374
845	286	5	885409719
845	272	3	885409374
845	269	4	885409493
845	268	3	885409374
845	242	4	885409493
845	308	4	885409493
845	900	3	885409719
845	310	4	885409493
845	313	4	885409374
845	340	1	885409719
845	346	3	885409493
845	690	5	885409719
845	750	3	885409719
845	751	2	885409719
845	877	2	885409719
845	311	4	885409493
845	903	4	885409493
845	306	2	885409374
858	127	5	880932912
858	9	5	880932449
858	100	3	880932746
858	1368	4	880932449
858	754	4	879459087
858	690	3	879459087
858	689	5	879459087
858	678	1	879459926
858	515	4	880932911
858	334	4	880933072
858	181	2	879460595
858	331	3	880932343
858	327	3	879459504
858	323	2	879459926
858	307	3	880933013
858	293	3	880932692
858	292	3	879459087
858	289	3	879459337
858	286	4	879458829
858	269	4	879458608
858	333	4	880933013
860	301	2	880829226
860	300	4	874967063
860	294	2	880829225
860	289	3	880829225
860	283	4	885990998
860	286	4	874967063
860	285	5	885990901
860	302	4	876074139
860	305	4	878567538
860	287	3	885991407
860	303	3	876074139
860	1041	2	887754411
860	1061	3	879169685
860	1059	1	891536049
860	1047	2	885991563
860	949	3	885991163
860	900	3	886354648
860	894	2	883678286
860	890	2	880829225
860	865	4	885990862
860	274	3	885991476
860	846	2	887754411
860	781	2	887754411
860	1602	3	893009852
860	332	2	880829226
860	333	3	876074177
860	262	4	874967063
860	327	3	880829225
860	732	4	885991129
860	716	2	887754411
860	715	4	885991198
860	712	3	885991316
860	692	5	885990965
860	690	4	876750421
860	678	3	887754112
860	663	3	885991101
860	629	3	885991198
860	517	4	885991076
860	516	3	885991040
860	514	5	885991040
860	508	4	885991076
860	393	2	885991129
860	381	3	885990998
860	347	4	886424396
860	344	3	887028250
860	339	3	882831410
860	321	3	880829225
860	269	2	891535991
860	316	3	889627165
860	313	4	885145375
860	257	3	891733877
860	245	3	880829225
860	220	3	885145702
860	216	4	885990901
860	211	3	885990998
860	204	4	885990901
860	202	4	885990932
860	159	3	889984855
860	153	4	885990965
860	100	4	885991075
860	70	5	885991040
860	56	4	885990862
860	49	2	885991316
860	26	3	885991163
860	4	4	885991163
860	307	3	879801617
860	310	4	880914645
860	311	4	882120528
860	312	4	888169119
860	315	3	884029545
860	272	3	885145344
900	121	2	877832803
900	31	2	877833995
900	478	2	877833923
900	480	4	877833603
900	483	4	877833924
900	493	2	877833603
900	508	3	877832764
900	589	5	877833631
900	602	1	877834025
900	618	4	877833957
900	474	4	877833781
900	654	2	877833924
900	696	2	877833195
900	744	2	877833195
900	834	1	877833536
900	864	2	877833000
900	871	1	877833443
900	1028	2	877833393
900	1132	1	877833364
900	1298	2	877833923
900	661	4	877833747
900	458	2	877833326
900	429	2	877833747
900	410	2	877833326
900	100	4	877832904
900	117	2	877833029
900	124	4	877832837
900	129	4	877833080
900	130	1	877833512
900	136	2	877833712
900	137	3	877832803
900	183	3	877833781
900	186	2	877833957
900	200	2	877833632
900	205	4	877833712
900	237	4	877832803
900	280	2	877833364
900	284	2	877833287
900	288	2	877832113
900	294	4	877832113
900	318	4	877833672
900	325	1	877832320
900	405	3	877833364
900	9	2	877832868
900	471	2	877833259
931	50	3	891036715
931	508	4	891036696
931	14	4	891036648
931	306	4	891036026
931	1152	4	891037177
931	1022	1	891036003
931	909	5	891037521
931	900	4	891035917
931	896	3	891036080
931	845	3	891036883
931	750	5	891037521
931	744	4	891036463
931	690	4	891036003
931	685	4	891036902
931	304	4	891036105
931	678	3	891036247
931	515	5	891036506
931	310	3	891035876
931	476	3	891036974
931	471	3	891036506
931	459	4	891036506
931	362	3	891035970
931	355	2	891036148
931	347	4	891035946
931	344	4	891035917
931	333	5	891037521
931	316	5	891037521
931	315	5	891037577
931	546	3	891036849
931	303	4	891035917
931	302	4	891035876
931	300	5	891037521
931	100	4	891036430
931	111	3	891036648
931	116	4	891036734
931	121	2	891036604
931	125	4	891036786
931	126	4	891036463
931	127	5	891037521
931	137	3	891036552
931	181	4	891036786
931	220	3	891037046
931	237	3	891036552
931	245	4	891037024
931	250	2	891036673
931	252	3	891037070
931	255	4	891036755
931	257	4	891036530
931	258	3	891036003
931	269	3	891035876
931	272	5	891037521
931	275	5	891037521
931	281	3	891036883
931	283	4	891036604
931	286	5	891037521
931	290	2	891036883
931	293	4	891036604
931	297	4	891036673
931	298	4	891036849
931	313	4	891035876
931	312	4	891036105
932	1558	5	891248996
932	778	4	891251272
932	1512	5	891249038
932	1456	4	891250891
932	1454	4	891251985
932	1451	5	891249675
932	1449	5	891248937
932	1411	4	891251647
932	1397	4	891250793
932	1305	2	891252260
932	1266	4	891248937
932	1205	5	891250643
932	1204	5	891249821
932	1184	3	891250169
932	1149	4	891249767
932	1139	2	891251562
932	1126	5	891250862
932	1121	5	891249261
932	1116	4	891250943
932	811	4	891250392
932	836	5	891250142
932	841	2	891250317
932	855	5	891249109
932	863	4	891249063
932	890	1	891248778
932	1573	4	891249239
932	967	4	891251331
932	1020	5	891249621
932	1021	4	891249146
932	1030	2	891252338
932	1035	4	891251869
932	1050	4	891251015
932	1065	5	891251538
932	968	4	891250816
932	805	4	891250236
932	491	5	891249621
932	745	5	891250584
932	208	5	891249794
932	205	5	891250211
932	204	4	891250667
932	203	4	891250584
932	199	5	891249538
932	198	4	891249109
932	197	5	891249649
932	196	4	891251038
932	195	4	891250643
932	194	5	891250472
932	209	5	891250258
932	193	3	891250142
932	189	5	891250449
932	188	3	891250142
932	185	4	891250392
932	183	4	891249877
932	180	4	891251014
932	179	5	891249239
932	178	5	891249821
932	177	4	891250609
932	176	5	891250449
932	175	4	891250449
932	191	4	891249620
932	174	4	891250017
932	210	4	891250793
932	212	4	891249109
932	416	3	891250498
932	414	4	891251959
932	405	4	891251177
932	399	4	891251798
932	389	3	891251331
932	385	2	891251331
932	380	4	891250498
932	379	2	891251798
932	357	5	891280138
932	285	4	891250392
932	211	5	891249710
932	274	5	891250704
932	235	2	891250770
932	234	3	891250060
932	230	4	891251153
932	229	4	891251063
932	228	4	891251442
932	226	3	891251292
932	225	2	891251985
932	222	4	891251485
932	218	3	891250915
932	213	3	891249038
932	238	3	891250609
932	427	4	891249709
932	173	3	891250337
932	170	4	891248967
932	100	5	891249586
932	99	4	891250236
932	98	5	891249586
932	96	4	891250060
932	89	5	891249586
932	86	4	891249146
932	755	2	891251822
932	77	2	891251869
932	70	4	891249171
932	67	2	891251611
932	101	3	891251225
932	64	2	891250059
932	55	3	891249994
932	54	4	891251038
932	47	4	891250142
932	45	5	891249063
932	38	2	891251696
932	30	4	891249196
932	14	4	891248856
932	9	5	891249649
932	7	4	891250109
932	1	4	891249932
932	56	4	891250584
932	172	5	891250472
932	105	2	891252338
932	114	5	891249903
932	169	5	891249649
932	168	5	891250746
932	167	4	891251647
932	165	4	891248996
932	163	4	891251246
932	162	4	891250704
932	161	3	891251507
932	157	4	891250667
932	155	3	891251869
932	154	5	891249994
932	109	2	891251891
932	153	4	891251063
932	148	2	891252140
932	144	3	891249710
932	141	4	891250363
932	136	5	891249736
932	135	5	891249538
932	134	4	891250169
932	133	4	891249675
932	131	4	891250525
932	121	3	891251669
932	119	5	891249586
932	151	3	891251225
932	428	4	891251105
932	82	3	891251246
932	430	4	891249849
932	615	5	891249621
932	614	4	891280138
932	613	4	891250363
932	612	5	891249620
932	611	5	891250418
932	607	4	891249621
932	606	4	891250169
932	603	5	891249877
932	600	2	891252412
932	589	5	891250609
932	616	5	891251153
932	576	2	891252198
932	566	4	891251463
932	562	2	891251611
932	560	2	891252198
932	550	2	891251331
932	541	1	891251421
932	530	4	891249903
932	529	4	891251153
932	528	5	891249962
932	527	4	891249710
932	526	5	891250746
932	570	4	891251178
932	525	5	891250418
932	617	4	891251588
932	636	3	891251063
932	429	5	891249675
932	736	3	891249261
932	709	4	891251395
932	708	4	891251647
932	705	4	891250017
932	679	2	891251538
932	676	4	891251738
932	675	4	891249538
932	665	2	891252058
932	663	4	891251506
932	632	4	891249649
932	661	5	891250109
932	657	5	891249767
932	654	5	891249877
932	652	3	891248893
932	650	5	891250498
932	649	4	891251199
932	648	5	891249903
932	647	5	891250987
932	646	4	891250498
932	640	2	891249239
932	639	5	891249171
932	659	5	891250770
932	524	5	891249675
932	671	3	891250915
932	521	5	891249994
932	486	5	891251177
932	484	5	891249586
932	483	5	891249962
932	482	5	891250211
932	481	4	891249877
932	480	5	891250746
932	479	5	891249794
932	478	4	891249962
932	475	4	891248856
932	474	5	891250418
932	487	3	891250558
932	470	3	891251331
932	459	4	891250944
932	448	2	891251588
932	447	3	891250944
932	443	4	891250059
932	441	2	891252504
932	435	4	891249821
932	434	5	891251015
932	432	4	891250109
932	523	4	891250080
932	431	3	891250944
932	462	4	891249038
932	488	5	891250282
932	436	3	891251225
932	490	4	891250891
932	489	4	891249710
932	520	4	891249794
932	517	5	891250643
932	516	5	891249877
932	514	5	891249932
932	513	5	891250316
932	511	5	891250282
932	510	4	891249146
932	509	3	891248893
932	507	5	891249675
932	515	4	891249373
932	504	4	891250236
932	506	4	891249710
932	493	5	891249767
932	494	4	891250060
932	495	5	891251105
932	496	4	891250169
932	519	4	891249710
932	498	5	891250363
932	502	4	891249710
932	503	4	891249962
932	497	5	891249933
934	25	4	891195233
934	212	4	891194802
934	211	4	891194661
934	210	4	891191206
934	209	1	891190695
934	208	5	891191258
934	204	4	891192444
934	202	5	891193132
934	56	5	891191922
934	197	5	891192041
934	196	5	891191108
934	195	4	891191600
934	1	2	891225958
934	4	5	891195713
934	13	5	891189566
934	50	5	891189363
934	213	4	891190744
934	199	4	891191778
934	2	4	891192087
934	254	4	891190478
934	223	5	891191659
934	388	3	891197678
934	384	4	891195573
934	65	4	891192914
934	316	4	891188727
934	315	4	891188403
934	313	3	891188441
934	303	4	891188441
934	302	4	891188367
934	297	5	891189969
934	286	4	891188367
934	269	2	891188367
934	257	4	891189598
934	239	4	891194802
934	237	4	891189879
934	234	2	891191875
934	229	4	891194539
934	228	4	891193778
934	226	4	891191831
934	225	2	891197375
934	216	1	891191511
934	66	4	891193187
934	152	4	891194303
934	69	5	891193013
934	156	3	891190813
934	157	2	891194498
934	161	4	891193290
934	162	3	891191546
934	163	4	891193331
934	168	4	891191875
934	170	4	891190744
934	172	5	891191206
934	154	3	891191401
934	173	3	891192965
934	175	4	891190854
934	177	3	891192623
934	179	2	891191600
934	181	4	891189275
934	183	2	891190903
934	186	2	891190854
934	389	3	891195811
934	190	4	891191660
934	174	5	891191511
934	67	4	891193373
934	153	5	891225716
934	145	3	891196610
934	70	4	891195713
934	72	3	891195982
934	82	4	891194221
934	83	4	891191831
934	86	3	891191831
934	88	4	891194866
934	89	5	891191157
934	94	4	891196117
934	151	3	891189401
934	96	4	891191157
934	99	3	891194379
934	100	4	891189511
934	121	3	891189819
934	131	4	891191778
934	132	4	891190609
934	134	4	891191157
934	135	4	891191659
934	144	4	891192087
934	97	4	891192329
934	393	2	891193013
934	660	5	891194836
934	405	5	891189819
934	792	3	891193132
934	786	1	891194089
934	771	3	891196950
934	755	4	891196610
934	732	5	891194089
934	712	4	891196564
934	709	3	891196314
934	708	3	891192329
934	794	4	891192849
934	705	4	891191778
934	675	4	891192285
934	674	4	891193814
934	664	4	891193331
934	663	5	891192849
934	661	4	891190960
934	657	3	891191027
934	650	4	891195503
934	648	3	891190695
934	703	4	891195437
934	630	4	891192285
934	805	4	891194221
934	818	1	891190288
934	193	4	891192236
934	1449	5	891191976
934	1425	1	891197851
934	1411	4	891195437
934	1311	1	891195713
934	1285	3	891196516
934	1203	5	891193013
934	1135	3	891196117
934	811	4	891192145
934	1065	2	891191108
934	1018	4	891192849
934	972	3	891225716
934	965	4	891192914
934	963	5	891192914
934	961	4	891193854
934	949	3	891197678
934	902	4	891188580
934	855	4	891192849
934	1037	1	891197344
934	403	4	891195537
934	629	4	891191334
934	617	4	891191778
934	488	5	891192197
934	483	3	891190609
934	481	4	891191402
934	474	4	891191976
934	462	4	891191511
934	461	4	891191660
934	451	4	891192562
934	449	4	891194900
934	492	4	891192087
934	436	3	891196610
934	432	5	891191976
934	428	4	891195503
934	427	4	891191027
934	423	3	891191660
934	420	4	891191469
934	419	4	891192849
934	414	5	891191027
934	411	3	891190377
934	435	4	891191365
934	624	4	891193290
934	495	4	891195604
934	501	4	891196464
934	614	3	891191334
934	605	4	891195288
934	602	3	891195063
934	584	4	891196384
934	581	2	891193814
934	573	2	891197530
934	554	4	891194462
934	550	4	891193097
934	498	3	891191511
934	533	3	891189640
934	527	3	891191334
934	526	2	891192197
934	516	3	891191334
934	514	5	891191546
934	510	5	891193751
934	507	4	891192145
934	506	4	891193331
934	502	4	891194539
934	529	5	891194866
934	191	5	891190695
